face 0.91 706.0 351.0 728.0 379.0
face 0.83 752.0 449.0 773.0 475.0
face 0.82 102.0 274.0 129.0 312.0
face 0.73 709.0 448.0 745.0 504.0
face 0.71 820.0 161.0 831.0 173.0
face 0.67 455.0 320.0 493.0 365.0
face 0.66 236.0 468.0 253.0 488.0
face 0.64 669.0 40.0 679.0 50.0
face 0.58 695.0 135.0 705.0 146.0
face 0.58 708.0 548.0 740.0 587.0
face 0.58 132.0 302.0 189.0 361.0
face 0.57 682.0 47.0 691.0 59.0
face 0.56 411.0 290.0 428.0 311.0
face 0.54 678.0 116.0 688.0 128.0
face 0.53 560.0 326.0 609.0 385.0
face 0.53 869.0 210.0 880.0 225.0
face 0.52 391.0 343.0 417.0 372.0
face 0.52 646.0 213.0 656.0 225.0
face 0.52 748.0 308.0 762.0 324.0
face 0.51 823.0 87.0 832.0 99.0
face 0.50 768.0 67.0 781.0 82.0
face 0.49 656.0 180.0 668.0 194.0
face 0.48 998.0 312.0 1012.0 330.0
face 0.48 729.0 347.0 742.0 364.0
face 0.46 639.0 319.0 649.0 331.0
face 0.46 705.0 55.0 714.0 66.0
face 0.46 951.0 461.0 972.0 486.0
face 0.45 246.0 443.0 271.0 475.0
face 0.45 848.0 70.0 859.0 83.0
face 0.45 767.0 318.0 777.0 331.0
face 0.44 679.0 236.0 688.0 247.0
face 0.44 670.0 303.0 680.0 315.0
face 0.44 730.0 311.0 742.0 324.0
face 0.43 1011.0 313.0 1025.0 333.0
face 0.42 664.0 300.0 676.0 313.0
face 0.42 663.0 228.0 672.0 239.0
face 0.42 963.0 487.0 986.0 514.0
face 0.42 693.0 253.0 702.0 264.0
face 0.42 927.0 -1.0 973.0 51.0
face 0.42 285.0 94.0 296.0 107.0
face 0.41 689.0 39.0 698.0 49.0
face 0.41 735.0 495.0 792.0 554.0
face 0.41 757.0 454.0 788.0 486.0
face 0.41 662.0 296.0 672.0 307.0
face 0.41 757.0 309.0 770.0 325.0
face 0.41 212.0 362.0 240.0 394.0
face 0.41 535.0 22.0 545.0 34.0
face 0.41 713.0 129.0 723.0 140.0
face 0.41 727.0 340.0 740.0 356.0
face 0.40 244.0 128.0 261.0 149.0
face 0.40 678.0 156.0 691.0 171.0
face 0.40 689.0 32.0 697.0 42.0
face 0.40 793.0 79.0 803.0 90.0
face 0.40 689.0 63.0 698.0 73.0
face 0.40 694.0 32.0 704.0 43.0
face 0.40 819.0 104.0 831.0 117.0
face 0.40 13.0 20.0 27.0 38.0
face 0.40 775.0 324.0 786.0 337.0
face 0.40 6.0 172.0 18.0 188.0
face 0.40 712.0 239.0 722.0 250.0
face 0.40 718.0 333.0 729.0 346.0
face 0.40 704.0 182.0 713.0 193.0
face 0.39 695.0 213.0 706.0 226.0
face 0.39 830.0 0.0 841.0 11.0
face 0.39 694.0 221.0 704.0 232.0
face 0.39 696.0 62.0 704.0 72.0
face 0.39 703.0 24.0 711.0 33.0
face 0.39 678.0 85.0 687.0 96.0
face 0.39 720.0 214.0 728.0 224.0
face 0.39 695.0 167.0 704.0 177.0
face 0.39 685.0 159.0 695.0 170.0
face 0.39 781.0 324.0 792.0 335.0
face 0.39 703.0 60.0 712.0 71.0
face 0.39 805.0 165.0 818.0 180.0
face 0.39 740.0 326.0 753.0 342.0
face 0.39 673.0 231.0 682.0 241.0
face 0.39 672.0 117.0 683.0 128.0
face 0.39 630.0 12.0 660.0 52.0
face 0.39 672.0 79.0 682.0 91.0
face 0.39 838.0 79.0 849.0 93.0
face 0.39 704.0 157.0 713.0 168.0
face 0.39 736.0 333.0 746.0 346.0
face 0.39 710.0 49.0 718.0 59.0
face 0.39 790.0 167.0 800.0 179.0
face 0.39 798.0 172.0 809.0 185.0
face 0.39 658.0 294.0 667.0 305.0
face 0.39 719.0 110.0 727.0 120.0
face 0.39 697.0 301.0 706.0 312.0
face 0.39 697.0 56.0 705.0 66.0
face 0.39 704.0 102.0 712.0 113.0
face 0.39 713.0 334.0 722.0 345.0
face 0.38 671.0 296.0 681.0 308.0
face 0.38 686.0 54.0 696.0 65.0
face 0.38 790.0 312.0 799.0 322.0
face 0.38 790.0 54.0 799.0 65.0
face 0.38 844.0 115.0 858.0 133.0
face 0.38 824.0 70.0 834.0 82.0
face 0.38 714.0 448.0 732.0 470.0
face 0.38 292.0 1.0 308.0 19.0
face 0.38 -1.0 432.0 12.0 451.0
face 0.38 702.0 128.0 711.0 138.0
face 0.38 831.0 85.0 841.0 97.0
face 0.38 727.0 46.0 736.0 56.0
face 0.38 758.0 334.0 769.0 347.0
face 0.38 703.0 29.0 712.0 39.0
face 0.38 800.0 325.0 810.0 336.0
face 0.38 654.0 69.0 665.0 82.0
face 0.38 712.0 39.0 720.0 49.0
face 0.38 695.0 95.0 705.0 105.0
face 0.38 789.0 263.0 802.0 277.0
face 0.38 720.0 184.0 729.0 195.0
face 0.38 671.0 343.0 680.0 354.0
face 0.38 789.0 318.0 799.0 329.0
face 0.38 722.0 47.0 731.0 57.0
face 0.38 680.0 144.0 690.0 156.0
face 0.38 679.0 255.0 687.0 264.0
face 0.38 712.0 22.0 720.0 32.0
face 0.38 697.0 120.0 706.0 130.0
face 0.38 399.0 333.0 408.0 344.0
face 0.38 307.0 332.0 360.0 387.0
face 0.38 696.0 174.0 705.0 185.0
face 0.38 727.0 172.0 739.0 186.0
face 0.38 735.0 16.0 747.0 30.0
face 0.38 728.0 22.0 737.0 32.0
face 0.38 821.0 93.0 831.0 105.0
face 0.38 655.0 333.0 665.0 344.0
face 0.38 759.0 79.0 768.0 91.0
face 0.38 689.0 249.0 698.0 259.0
face 0.38 646.0 320.0 655.0 331.0
face 0.38 681.0 40.0 690.0 51.0
face 0.38 663.0 30.0 675.0 44.0
face 0.38 808.0 72.0 818.0 83.0
face 0.38 838.0 109.0 848.0 122.0
face 0.38 688.0 164.0 697.0 175.0
face 0.38 664.0 272.0 673.0 282.0
face 0.38 661.0 12.0 676.0 31.0
face 0.38 728.0 120.0 737.0 130.0
face 0.38 688.0 320.0 697.0 331.0
face 0.38 704.0 246.0 712.0 256.0
face 0.38 737.0 30.0 746.0 41.0
face 0.38 672.0 149.0 682.0 160.0
face 0.38 688.0 311.0 698.0 322.0
face 0.38 726.0 325.0 740.0 340.0
face 0.38 704.0 86.0 713.0 96.0
face 0.38 688.0 24.0 696.0 33.0
face 0.38 657.0 288.0 666.0 298.0
face 0.38 742.0 356.0 757.0 373.0
face 0.38 681.0 271.0 690.0 282.0
face 0.38 711.0 32.0 719.0 42.0
face 0.38 775.0 300.0 784.0 310.0
face 0.38 797.0 14.0 807.0 25.0
face 0.38 711.0 208.0 720.0 218.0
face 0.38 792.0 20.0 802.0 31.0
face 0.38 277.0 101.0 290.0 115.0
face 0.37 791.0 232.0 804.0 246.0
face 0.37 806.0 160.0 816.0 172.0
face 0.37 736.0 71.0 747.0 84.0
face 0.37 784.0 23.0 793.0 34.0
face 0.37 713.0 279.0 722.0 289.0
face 0.37 686.0 327.0 695.0 337.0
face 0.37 680.0 164.0 690.0 176.0
face 0.37 696.0 160.0 705.0 171.0
face 0.37 734.0 52.0 746.0 65.0
face 0.37 687.0 272.0 695.0 282.0
face 0.37 687.0 87.0 697.0 97.0
face 0.37 838.0 125.0 849.0 137.0
face 0.37 391.0 326.0 402.0 338.0
face 0.37 815.0 76.0 825.0 88.0
face 0.37 696.0 71.0 705.0 81.0
face 0.37 697.0 279.0 705.0 288.0
face 0.37 687.0 278.0 695.0 288.0
face 0.37 728.0 126.0 737.0 137.0
face 0.37 695.0 321.0 704.0 331.0
face 0.37 737.0 128.0 749.0 142.0
face 0.37 672.0 288.0 681.0 298.0
face 0.37 679.0 287.0 688.0 298.0
face 0.37 661.0 255.0 670.0 265.0
face 0.37 941.0 517.0 958.0 537.0
face 0.37 679.0 71.0 688.0 81.0
face 0.37 655.0 309.0 665.0 321.0
face 0.37 782.0 32.0 791.0 43.0
face 0.37 672.0 187.0 682.0 198.0
face 0.37 742.0 47.0 752.0 58.0
face 0.37 657.0 303.0 666.0 314.0
face 0.37 728.0 152.0 737.0 162.0
face 0.37 776.0 31.0 785.0 41.0
face 0.37 704.0 319.0 713.0 329.0
face 0.37 671.0 71.0 681.0 83.0
face 0.37 696.0 79.0 705.0 88.0
face 0.37 840.0 117.0 850.0 131.0
face 0.37 775.0 47.0 784.0 57.0
face 0.37 727.0 335.0 737.0 348.0
face 0.37 721.0 321.0 729.0 331.0
face 0.37 680.0 124.0 689.0 136.0
face 0.37 682.0 278.0 690.0 288.0
face 0.37 710.0 103.0 720.0 114.0
face 0.37 767.0 31.0 777.0 42.0
face 0.37 695.0 46.0 703.0 55.0
face 0.37 640.0 336.0 649.0 348.0
face 0.37 702.0 208.0 712.0 219.0
face 0.37 681.0 104.0 689.0 115.0
face 0.37 741.0 21.0 750.0 32.0
face 0.37 687.0 141.0 697.0 153.0
face 0.37 704.0 80.0 713.0 90.0
face 0.37 713.0 215.0 721.0 225.0
face 0.37 719.0 158.0 728.0 168.0
face 0.37 704.0 188.0 713.0 199.0
face 0.37 681.0 31.0 689.0 41.0
face 0.37 678.0 176.0 688.0 186.0
face 0.37 830.0 77.0 844.0 92.0
face 0.37 696.0 24.0 706.0 35.0
face 0.37 830.0 62.0 841.0 76.0
face 0.37 912.0 302.0 921.0 313.0
face 0.37 711.0 158.0 721.0 168.0
face 0.37 720.0 39.0 730.0 50.0
face 0.37 704.0 312.0 713.0 322.0
face 0.37 928.0 369.0 953.0 400.0
face 0.37 853.0 123.0 866.0 138.0
face 0.37 687.0 127.0 696.0 136.0
face 0.37 672.0 53.0 681.0 64.0
face 0.37 663.0 279.0 671.0 289.0
face 0.37 807.0 150.0 816.0 161.0
face 0.37 790.0 60.0 800.0 73.0
face 0.37 823.0 78.0 833.0 90.0
face 0.37 719.0 277.0 730.0 289.0
face 0.37 700.0 295.0 709.0 307.0
face 0.37 677.0 182.0 688.0 196.0
face 0.37 815.0 108.0 826.0 120.0
face 0.37 807.0 5.0 816.0 16.0
face 0.37 1011.0 141.0 1025.0 160.0
face 0.37 255.0 142.0 264.0 153.0
face 0.37 694.0 228.0 704.0 239.0
face 0.37 717.0 238.0 729.0 251.0
face 0.37 721.0 23.0 729.0 33.0
face 0.37 689.0 175.0 698.0 186.0
face 0.37 782.0 80.0 794.0 92.0
face 0.37 680.0 62.0 690.0 74.0
face 0.37 697.0 110.0 706.0 121.0
face 0.37 696.0 191.0 705.0 201.0
face 0.37 662.0 144.0 673.0 157.0
face 0.37 696.0 88.0 705.0 98.0
face 0.37 744.0 53.0 753.0 65.0
face 0.37 687.0 198.0 696.0 208.0
face 0.37 695.0 101.0 708.0 115.0
face 0.37 701.0 70.0 712.0 82.0
face 0.37 686.0 334.0 695.0 345.0
face 0.37 704.0 39.0 713.0 49.0
face 0.37 735.0 117.0 745.0 128.0
face 0.37 697.0 182.0 707.0 192.0
face 0.37 689.0 262.0 697.0 272.0
face 0.37 863.0 125.0 873.0 137.0
face 0.37 711.0 152.0 720.0 163.0
face 0.37 680.0 247.0 689.0 257.0
face 0.37 702.0 121.0 710.0 131.0
face 0.37 671.0 20.0 680.0 31.0
face 0.37 688.0 80.0 697.0 90.0
face 0.37 712.0 142.0 721.0 153.0
face 0.37 690.0 223.0 699.0 233.0
face 0.37 681.0 320.0 690.0 330.0
face 0.37 661.0 76.0 673.0 90.0
face 0.37 734.0 171.0 745.0 184.0
face 0.37 663.0 167.0 672.0 177.0
face 0.37 760.0 71.0 769.0 83.0
face 0.37 713.0 73.0 722.0 83.0
face 0.37 648.0 325.0 658.0 336.0
face 0.37 686.0 120.0 695.0 130.0
face 0.37 710.0 183.0 720.0 193.0
face 0.37 736.0 47.0 745.0 58.0
face 0.37 671.0 269.0 680.0 279.0
face 0.37 806.0 183.0 815.0 193.0
face 0.37 680.0 135.0 689.0 146.0
face 0.37 736.0 39.0 745.0 49.0
face 0.37 896.0 222.0 906.0 234.0
face 0.37 703.0 166.0 712.0 176.0
face 0.37 686.0 229.0 697.0 241.0
face 0.37 693.0 307.0 704.0 320.0
face 0.37 703.0 279.0 711.0 288.0
face 0.37 719.0 71.0 728.0 82.0
face 0.37 641.0 286.0 650.0 297.0
face 0.37 720.0 54.0 729.0 64.0
face 0.37 726.0 28.0 738.0 42.0
face 0.37 664.0 334.0 672.0 344.0
face 0.37 822.0 135.0 832.0 147.0
face 0.37 822.0 19.0 835.0 34.0
face 0.37 673.0 264.0 681.0 274.0
face 0.37 704.0 96.0 713.0 107.0
face 0.37 798.0 292.0 808.0 304.0
face 0.36 833.0 184.0 842.0 195.0
face 0.36 678.0 263.0 688.0 276.0
face 0.36 720.0 167.0 729.0 177.0
face 0.36 662.0 109.0 674.0 122.0
face 0.36 720.0 263.0 729.0 273.0
face 0.36 733.0 354.0 745.0 370.0
face 0.36 710.0 188.0 722.0 201.0
face 0.36 407.0 317.0 417.0 328.0
face 0.36 782.0 295.0 791.0 305.0
face 0.36 712.0 273.0 721.0 282.0
face 0.36 720.0 64.0 728.0 74.0
face 0.36 696.0 241.0 705.0 251.0
face 0.36 661.0 288.0 671.0 300.0
face 0.36 752.0 334.0 762.0 346.0
face 0.36 815.0 192.0 825.0 205.0
face 0.36 783.0 38.0 793.0 49.0
face 0.36 657.0 279.0 666.0 289.0
face 0.36 792.0 304.0 801.0 314.0
face 0.36 815.0 164.0 826.0 177.0
face 0.36 4.0 33.0 17.0 51.0
face 0.36 23.0 40.0 33.0 52.0
face 0.36 680.0 310.0 689.0 321.0
face 0.36 664.0 127.0 674.0 138.0
face 0.36 671.0 328.0 679.0 338.0
face 0.36 767.0 39.0 776.0 49.0
face 0.36 799.0 116.0 809.0 128.0
face 0.36 752.0 343.0 762.0 355.0
face 0.36 815.0 141.0 825.0 153.0
face 0.36 672.0 167.0 681.0 178.0
face 0.36 766.0 332.0 777.0 348.0
face 0.36 693.0 259.0 703.0 271.0
face 0.36 807.0 191.0 820.0 206.0
face 0.36 722.0 209.0 731.0 219.0
face 0.36 703.0 326.0 713.0 338.0
face 0.36 703.0 133.0 712.0 144.0
face 0.36 646.0 359.0 657.0 371.0
face 0.36 673.0 176.0 682.0 186.0
face 0.36 671.0 125.0 681.0 137.0
face 0.36 808.0 142.0 817.0 153.0
face 0.36 687.0 182.0 696.0 192.0
face 0.36 760.0 30.0 770.0 43.0
face 0.36 728.0 301.0 738.0 313.0
face 0.36 713.0 15.0 722.0 25.0
face 0.36 656.0 319.0 665.0 330.0
face 0.36 647.0 334.0 658.0 347.0
face 0.36 767.0 46.0 778.0 59.0
face 0.36 688.0 287.0 696.0 297.0
face 0.36 727.0 264.0 738.0 275.0
face 0.36 687.0 101.0 699.0 114.0
face 0.36 711.0 176.0 720.0 186.0
face 0.36 831.0 108.0 843.0 123.0
face 0.36 671.0 63.0 682.0 76.0
face 0.36 815.0 0.0 826.0 11.0
face 0.36 671.0 135.0 681.0 146.0
face 0.36 688.0 94.0 698.0 105.0
face 0.36 807.0 175.0 818.0 186.0
face 0.36 527.0 29.0 538.0 42.0
face 0.36 791.0 324.0 801.0 335.0
face 0.36 393.0 333.0 404.0 346.0
face 0.36 678.0 303.0 687.0 313.0
face 0.36 712.0 263.0 721.0 273.0
face 0.36 671.0 104.0 680.0 115.0
face 0.36 782.0 235.0 793.0 248.0
face 0.36 712.0 167.0 721.0 177.0
face 0.36 750.0 350.0 760.0 363.0
face 0.36 664.0 204.0 674.0 215.0
face 0.36 690.0 214.0 698.0 224.0
face 0.36 831.0 54.0 842.0 66.0
face 0.36 712.0 329.0 721.0 340.0
face 0.36 721.0 175.0 730.0 187.0
face 0.36 687.0 152.0 696.0 163.0
face 0.36 743.0 351.0 754.0 364.0
face 0.36 678.0 295.0 687.0 305.0
face 0.36 782.0 87.0 791.0 98.0
face 0.36 808.0 104.0 817.0 114.0
face 0.36 750.0 327.0 759.0 339.0
face 0.36 711.0 79.0 720.0 89.0
face 0.36 822.0 117.0 833.0 130.0
face 0.36 790.0 110.0 803.0 125.0
face 0.36 285.0 328.0 300.0 351.0
face 0.36 406.0 327.0 416.0 338.0
face 0.36 800.0 72.0 809.0 82.0
face 0.36 688.0 70.0 697.0 80.0
face 0.36 32.0 22.0 42.0 34.0
face 0.36 713.0 121.0 722.0 131.0
face 0.36 712.0 233.0 721.0 244.0
face 0.36 725.0 274.0 738.0 290.0
face 0.36 783.0 287.0 792.0 298.0
face 0.36 721.0 31.0 730.0 41.0
face 0.36 671.0 207.0 680.0 217.0
face 0.36 696.0 152.0 705.0 162.0
face 0.36 712.0 286.0 721.0 297.0
face 0.36 246.0 167.0 256.0 179.0
face 0.36 727.0 156.0 739.0 169.0
face 0.36 598.0 59.0 609.0 72.0
face 0.36 662.0 261.0 673.0 274.0
face 0.36 783.0 46.0 795.0 59.0
face 0.36 846.0 15.0 855.0 25.0
face 0.36 272.0 95.0 282.0 107.0
face 0.36 713.0 110.0 723.0 120.0
face 0.36 728.0 93.0 738.0 105.0
face 0.36 646.0 294.0 656.0 304.0
face 0.36 703.0 200.0 712.0 210.0
face 0.36 686.0 240.0 695.0 250.0
face 0.36 710.0 319.0 719.0 328.0
face 0.36 679.0 189.0 689.0 201.0
face 0.36 720.0 256.0 730.0 267.0
face 0.36 720.0 272.0 730.0 282.0
face 0.36 655.0 36.0 665.0 49.0
face 0.36 815.0 174.0 824.0 185.0
face 0.36 679.0 224.0 688.0 235.0
face 0.36 695.0 326.0 705.0 337.0
face 0.36 734.0 87.0 744.0 98.0
face 0.36 696.0 128.0 706.0 139.0
face 0.36 689.0 294.0 697.0 304.0
face 0.36 760.0 62.0 770.0 75.0
face 0.36 766.0 85.0 776.0 97.0
face 0.36 711.0 200.0 721.0 210.0
face 0.36 302.0 101.0 313.0 114.0
face 0.36 904.0 302.0 913.0 313.0
face 0.36 857.0 78.0 867.0 90.0
face 0.36 838.0 45.0 848.0 57.0
face 0.36 728.0 238.0 739.0 251.0
face 0.36 742.0 111.0 752.0 123.0
face 0.36 718.0 118.0 729.0 131.0
face 0.36 928.0 303.0 937.0 315.0
face 0.36 801.0 180.0 811.0 191.0
face 0.36 848.0 101.0 858.0 113.0
face 0.36 760.0 53.0 769.0 66.0
face 0.36 864.0 4.0 876.0 17.0
face 0.36 633.0 318.0 643.0 330.0
face 0.36 704.0 263.0 713.0 273.0
face 0.36 697.0 288.0 705.0 298.0
face 0.36 701.0 107.0 711.0 120.0
face 0.36 775.0 1.0 785.0 11.0
face 0.36 704.0 272.0 713.0 282.0
face 0.36 38.0 3.0 51.0 18.0
face 0.36 743.0 318.0 754.0 330.0
face 0.36 680.0 93.0 689.0 104.0
face 0.36 638.0 312.0 648.0 324.0
face 0.36 672.0 94.0 681.0 105.0
face 0.36 703.0 18.0 712.0 28.0
face 0.36 696.0 273.0 704.0 282.0
face 0.36 687.0 192.0 697.0 204.0
face 0.36 741.0 75.0 752.0 90.0
face 0.36 734.0 93.0 745.0 105.0
face 0.36 784.0 269.0 796.0 281.0
face 0.36 729.0 16.0 738.0 27.0
face 0.36 118.0 164.0 132.0 180.0
face 0.36 831.0 204.0 843.0 217.0
face 0.36 791.0 256.0 801.0 267.0
face 0.36 816.0 150.0 826.0 161.0
face 0.36 296.0 102.0 306.0 115.0
face 0.36 704.0 143.0 713.0 153.0
face 0.36 719.0 295.0 729.0 306.0
face 0.36 847.0 46.0 858.0 58.0
face 0.36 647.0 248.0 657.0 259.0
face 0.36 759.0 94.0 769.0 107.0
face 0.36 664.0 328.0 673.0 338.0
face 0.36 726.0 78.0 736.0 89.0
face 0.36 798.0 87.0 808.0 98.0
face 0.36 733.0 151.0 744.0 164.0
face 0.36 854.0 101.0 864.0 114.0
face 0.36 792.0 287.0 804.0 300.0
face 0.36 670.0 34.0 680.0 45.0
face 0.36 759.0 46.0 769.0 58.0
face 0.36 696.0 199.0 705.0 209.0
face 0.36 0.0 328.0 13.0 348.0
face 0.36 774.0 15.0 783.0 25.0
face 0.36 709.0 86.0 719.0 98.0
face 0.36 776.0 39.0 786.0 50.0
face 0.36 767.0 54.0 777.0 66.0
face 0.36 743.0 40.0 752.0 51.0
face 0.36 703.0 341.0 714.0 354.0
face 0.36 375.0 340.0 388.0 357.0
face 0.36 784.0 254.0 793.0 264.0
face 0.36 798.0 229.0 808.0 242.0
face 0.36 654.0 255.0 667.0 268.0
face 0.36 774.0 22.0 785.0 34.0
face 0.36 791.0 73.0 801.0 84.0
face 0.36 790.0 149.0 802.0 162.0
face 0.36 712.0 302.0 721.0 312.0
face 0.36 735.0 277.0 745.0 289.0
face 0.36 662.0 135.0 672.0 146.0
face 0.36 768.0 22.0 778.0 34.0
face 0.36 689.0 304.0 698.0 315.0
face 0.36 646.0 342.0 655.0 353.0
face 0.36 981.0 134.0 993.0 148.0
face 0.36 840.0 71.0 850.0 84.0
face 0.36 774.0 309.0 785.0 323.0
face 0.36 688.0 16.0 697.0 26.0
face 0.36 646.0 197.0 656.0 209.0
face 0.36 510.0 142.0 520.0 155.0
face 0.36 318.0 74.0 330.0 89.0
face 0.36 791.0 48.0 801.0 59.0
face 0.36 712.0 222.0 721.0 233.0
face 0.36 312.0 78.0 321.0 89.0
face 0.36 681.0 24.0 689.0 34.0
face 0.36 679.0 215.0 688.0 225.0
face 0.36 678.0 343.0 688.0 354.0
face 0.36 783.0 5.0 792.0 15.0
face 0.36 866.0 43.0 880.0 60.0
face 0.36 911.0 206.0 921.0 218.0
face 0.36 671.0 336.0 680.0 347.0
face 0.36 727.0 52.0 739.0 65.0
face 0.36 785.0 110.0 795.0 123.0
face 0.36 704.0 334.0 714.0 346.0
face 0.36 703.0 255.0 712.0 265.0
face 0.36 855.0 53.0 864.0 65.0
face 0.36 660.0 69.0 673.0 83.0
face 0.36 12.0 174.0 25.0 189.0
face 0.36 719.0 221.0 729.0 232.0
face 0.36 712.0 61.0 721.0 72.0
face 0.36 301.0 94.0 311.0 106.0
face 0.36 254.0 309.0 265.0 322.0
face 0.36 759.0 39.0 770.0 53.0
face 0.36 773.0 63.0 784.0 76.0
face 0.36 902.0 294.0 912.0 305.0
face 0.36 681.0 327.0 690.0 337.0
face 0.36 898.0 200.0 907.0 211.0
face 0.36 735.0 63.0 745.0 75.0
face 0.36 718.0 132.0 727.0 144.0
face 0.36 665.0 118.0 674.0 129.0
face 0.36 760.0 22.0 769.0 33.0
face 0.36 718.0 16.0 727.0 26.0
face 0.36 673.0 256.0 683.0 266.0
face 0.36 688.0 207.0 697.0 218.0
face 0.36 728.0 62.0 737.0 72.0
face 0.36 807.0 23.0 817.0 34.0
face 0.36 645.0 231.0 656.0 245.0
face 0.36 711.0 340.0 721.0 352.0
face 0.36 775.0 53.0 784.0 65.0
face 0.36 317.0 94.0 329.0 110.0
face 0.36 670.0 -1.0 682.0 12.0
face 0.36 848.0 87.0 858.0 98.0
face 0.36 704.0 231.0 713.0 241.0
face 0.36 673.0 158.0 683.0 169.0
face 0.35 265.0 311.0 274.0 322.0
face 0.35 918.0 222.0 932.0 239.0
face 0.35 656.0 229.0 668.0 242.0
face 0.35 238.0 189.0 249.0 202.0
face 0.35 816.0 183.0 826.0 193.0
face 0.35 511.0 135.0 522.0 148.0
face 0.35 796.0 19.0 808.0 33.0
face 0.35 848.0 95.0 858.0 106.0
face 0.35 751.0 101.0 762.0 114.0
face 0.35 759.0 101.0 769.0 114.0
face 0.35 748.0 50.0 763.0 69.0
face 0.35 662.0 320.0 671.0 329.0
face 0.35 703.0 288.0 712.0 298.0
face 0.35 727.0 102.0 736.0 112.0
face 0.35 784.0 15.0 793.0 26.0
face 0.35 917.0 300.0 929.0 314.0
face 0.35 912.0 296.0 922.0 307.0
face 0.35 735.0 215.0 744.0 227.0
face 0.35 782.0 301.0 792.0 313.0
face 0.35 903.0 310.0 913.0 322.0
face 0.35 833.0 104.0 842.0 115.0
face 0.35 712.0 256.0 721.0 266.0
face 0.35 23.0 29.0 32.0 41.0
face 0.35 900.0 229.0 913.0 243.0
face 0.35 736.0 103.0 745.0 114.0
face 0.35 404.0 332.0 418.0 347.0
face 0.35 654.0 240.0 663.0 250.0
face 0.35 720.0 232.0 729.0 243.0
face 0.35 680.0 207.0 688.0 217.0
face 0.35 776.0 6.0 785.0 17.0
face 0.35 657.0 221.0 667.0 232.0
face 0.35 784.0 71.0 793.0 82.0
face 0.35 767.0 13.0 779.0 27.0
face 0.35 295.0 109.0 306.0 122.0
face 0.35 655.0 110.0 665.0 121.0
face 0.35 816.0 118.0 826.0 130.0
face 0.35 729.0 134.0 738.0 144.0
face 0.35 580.0 53.0 594.0 69.0
face 0.35 32.0 40.0 42.0 51.0
face 0.35 653.0 366.0 665.0 378.0
face 0.35 263.0 117.0 274.0 131.0
face 0.35 727.0 112.0 736.0 123.0
face 0.35 742.0 341.0 753.0 354.0
face 0.35 663.0 6.0 674.0 18.0
face 0.35 799.0 197.0 809.0 209.0
face 0.35 22.0 21.0 31.0 34.0
face 0.35 791.0 30.0 802.0 44.0
face 0.35 806.0 109.0 818.0 122.0
face 0.35 778.0 238.0 787.0 248.0
face 0.35 912.0 223.0 922.0 234.0
face 0.35 832.0 95.0 841.0 105.0
face 0.35 727.0 254.0 738.0 266.0
face 0.35 878.0 126.0 888.0 139.0
face 0.35 383.0 326.0 395.0 339.0
face 0.35 687.0 342.0 696.0 352.0
face 0.35 726.0 213.0 738.0 227.0
face 0.35 807.0 86.0 816.0 97.0
face 0.35 664.0 350.0 673.0 361.0
face 0.35 401.0 319.0 410.0 329.0
face 0.35 759.0 326.0 770.0 340.0
face 0.35 806.0 118.0 817.0 130.0
face 0.35 775.0 286.0 785.0 297.0
face 0.35 782.0 93.0 791.0 105.0
face 0.35 688.0 135.0 699.0 147.0
face 0.35 785.0 278.0 794.0 289.0
face 0.35 685.0 109.0 697.0 122.0
face 0.35 744.0 102.0 754.0 114.0
face 0.35 799.0 63.0 808.0 73.0
face 0.35 733.0 242.0 744.0 257.0
face 0.35 654.0 142.0 666.0 155.0
face 0.35 876.0 330.0 890.0 349.0
face 0.35 662.0 175.0 671.0 187.0
face 0.35 176.0 111.0 187.0 125.0
face 0.35 833.0 149.0 843.0 161.0
face 0.35 901.0 317.0 912.0 331.0
face 0.35 482.0 328.0 498.0 349.0
face 0.35 662.0 188.0 672.0 200.0
face 0.35 807.0 127.0 816.0 137.0
face 0.35 833.0 127.0 843.0 139.0
face 0.35 822.0 189.0 834.0 203.0
face 0.35 713.0 295.0 722.0 306.0
face 0.35 673.0 224.0 682.0 235.0
face 0.35 680.0 334.0 691.0 347.0
face 0.35 672.0 280.0 680.0 290.0
face 0.35 814.0 213.0 827.0 228.0
face 0.35 823.0 0.0 834.0 11.0
face 0.35 614.0 43.0 626.0 59.0
face 0.35 31.0 15.0 41.0 27.0
face 0.35 598.0 36.0 611.0 51.0
face 0.35 487.0 116.0 497.0 130.0
face 0.35 47.0 31.0 56.0 41.0
face 0.35 848.0 53.0 859.0 65.0
face 0.35 516.0 123.0 530.0 139.0
face 0.35 759.0 110.0 768.0 122.0
face 0.35 279.0 87.0 289.0 99.0
face 0.35 712.0 8.0 721.0 18.0
face 0.35 911.0 230.0 921.0 241.0
face 0.35 62.0 61.0 74.0 76.0
face 0.35 646.0 188.0 659.0 205.0
face 0.35 766.0 5.0 778.0 20.0
face 0.35 840.0 5.0 850.0 16.0
face 0.35 798.0 150.0 809.0 161.0
face 0.35 744.0 61.0 753.0 73.0
face 0.35 288.0 111.0 298.0 122.0
face 0.35 6.0 22.0 18.0 35.0
face 0.35 696.0 16.0 705.0 26.0
face 0.35 799.0 310.0 809.0 321.0
face 0.35 639.0 206.0 651.0 220.0
face 0.35 805.0 318.0 816.0 333.0
face 0.35 862.0 70.0 873.0 84.0
face 0.35 791.0 39.0 801.0 49.0
face 0.35 663.0 160.0 672.0 170.0
face 0.35 681.0 199.0 691.0 209.0
face 0.35 773.0 278.0 784.0 292.0
face 0.35 664.0 249.0 672.0 259.0
face 0.35 719.0 287.0 729.0 298.0
face 0.35 902.0 287.0 912.0 299.0
face 0.35 910.0 0.0 936.0 29.0
face 0.35 855.0 85.0 864.0 96.0
face 0.35 872.0 111.0 881.0 122.0
face 0.35 729.0 145.0 738.0 155.0
face 0.35 750.0 61.0 762.0 74.0
face 0.35 901.0 213.0 913.0 229.0
face 0.35 647.0 304.0 657.0 314.0
face 0.35 647.0 311.0 658.0 324.0
face 0.35 310.0 23.0 323.0 38.0
face 0.35 311.0 101.0 322.0 115.0
face 0.35 798.0 29.0 810.0 45.0
face 0.35 1.0 29.0 11.0 43.0
face 0.35 255.0 319.0 267.0 334.0
face 0.35 751.0 37.0 760.0 49.0
face 0.35 853.0 38.0 864.0 50.0
face 0.35 672.0 247.0 681.0 258.0
face 0.35 303.0 77.0 315.0 91.0
