face 1.00 408.0 766.0 522.0 929.0
face 0.98 131.0 639.0 240.0 780.0
face 0.97 265.0 621.0 410.0 837.0
face 0.82 171.0 812.0 266.0 960.0
face 0.63 22.0 883.0 122.0 992.0
face 0.58 803.0 661.0 914.0 810.0
face 0.48 820.0 859.0 917.0 990.0
face 0.47 88.0 792.0 125.0 852.0
face 0.47 486.0 527.0 515.0 562.0
face 0.43 551.0 342.0 563.0 356.0
face 0.43 136.0 999.0 165.0 1029.0
face 0.43 3.0 737.0 92.0 903.0
face 0.40 717.0 348.0 859.0 460.0
face 0.37 202.0 450.0 429.0 727.0
face 0.36 338.0 156.0 352.0 173.0
face 0.36 566.0 414.0 577.0 425.0
face 0.36 566.0 407.0 577.0 419.0
face 0.35 559.0 406.0 569.0 418.0
face 0.35 551.0 422.0 561.0 433.0
face 0.35 575.0 406.0 585.0 418.0
face 0.35 567.0 422.0 577.0 434.0
face 0.35 367.0 171.0 381.0 190.0
face 0.35 854.0 166.0 865.0 178.0
face 0.35 559.0 399.0 569.0 411.0
