face 1.00 243.0 70.0 438.0 344.0
face 0.92 656.0 238.0 677.0 261.0
face 0.66 836.0 251.0 856.0 274.0
face 0.65 590.0 599.0 601.0 613.0
face 0.61 767.0 238.0 790.0 264.0
face 0.60 84.0 52.0 230.0 225.0
face 0.56 864.0 518.0 879.0 535.0
face 0.52 394.0 527.0 416.0 554.0
face 0.51 764.0 320.0 811.0 369.0
face 0.48 506.0 246.0 526.0 270.0
face 0.47 834.0 529.0 856.0 555.0
face 0.47 722.0 265.0 735.0 282.0
face 0.45 621.0 331.0 635.0 350.0
face 0.44 605.0 269.0 618.0 285.0
face 0.42 585.0 267.0 598.0 284.0
face 0.42 755.0 267.0 770.0 286.0
face 0.40 553.0 250.0 570.0 268.0
face 0.39 599.0 529.0 613.0 549.0
face 0.37 500.0 530.0 516.0 548.0
face 0.37 127.0 451.0 139.0 468.0
face 0.36 878.0 572.0 891.0 588.0
face 0.36 764.0 272.0 779.0 293.0
face 0.36 856.0 502.0 866.0 513.0
face 0.36 534.0 573.0 549.0 591.0
face 0.36 743.0 327.0 776.0 365.0
face 0.36 116.0 435.0 133.0 454.0
face 0.36 854.0 252.0 869.0 271.0
face 0.36 937.0 537.0 960.0 562.0
face 0.36 790.0 588.0 801.0 602.0
face 0.36 628.0 322.0 643.0 340.0
face 0.36 126.0 437.0 138.0 451.0
face 0.36 573.0 259.0 585.0 276.0
face 0.35 545.0 244.0 555.0 258.0
face 0.35 542.0 580.0 554.0 594.0
face 0.35 807.0 566.0 821.0 583.0
face 0.35 487.0 494.0 497.0 506.0
face 0.35 711.0 268.0 723.0 282.0
face 0.35 29.0 421.0 41.0 436.0
face 0.35 632.0 342.0 643.0 355.0
face 0.35 871.0 542.0 880.0 554.0
face 0.35 791.0 573.0 801.0 585.0
face 0.35 805.0 583.0 816.0 596.0
