face 1.00 570.0 239.0 609.0 291.0
face 1.00 241.0 164.0 278.0 211.0
face 1.00 373.0 108.0 399.0 137.0
face 1.00 113.0 83.0 139.0 115.0
face 1.00 492.0 109.0 513.0 135.0
face 1.00 649.0 105.0 670.0 131.0
face 0.99 404.0 63.0 421.0 85.0
face 0.99 228.0 85.0 247.0 108.0
face 0.99 510.0 144.0 535.0 174.0
face 0.99 905.0 97.0 928.0 123.0
face 0.99 695.0 75.0 712.0 95.0
face 0.99 745.0 124.0 772.0 157.0
face 0.99 931.0 87.0 948.0 107.0
face 0.99 854.0 181.0 884.0 216.0
face 0.98 68.0 31.0 84.0 50.0
face 0.98 776.0 100.0 800.0 129.0
face 0.98 441.0 105.0 464.0 132.0
face 0.98 250.0 47.0 268.0 69.0
face 0.98 1005.0 77.0 1021.0 94.0
face 0.98 560.0 48.0 580.0 74.0
face 0.97 606.0 47.0 621.0 64.0
face 0.97 170.0 81.0 191.0 106.0
face 0.97 841.0 99.0 862.0 125.0
face 0.97 72.0 83.0 92.0 107.0
face 0.96 872.0 102.0 890.0 124.0
face 0.96 587.0 77.0 606.0 99.0
face 0.96 699.0 135.0 725.0 165.0
face 0.96 0.0 32.0 14.0 53.0
face 0.96 277.0 90.0 302.0 122.0
face 0.96 651.0 42.0 665.0 58.0
face 0.95 838.0 22.0 852.0 40.0
face 0.93 784.0 46.0 797.0 61.0
face 0.93 524.0 96.0 545.0 122.0
face 0.92 541.0 69.0 556.0 87.0
face 0.91 484.0 69.0 505.0 93.0
face 0.89 741.0 48.0 755.0 63.0
face 0.89 988.0 131.0 1006.0 152.0
face 0.86 985.0 252.0 999.0 268.0
face 0.84 113.0 28.0 126.0 44.0
face 0.82 954.0 84.0 971.0 104.0
face 0.82 810.0 77.0 829.0 99.0
face 0.81 560.0 132.0 584.0 161.0
face 0.79 330.0 125.0 350.0 148.0
face 0.79 772.0 26.0 786.0 43.0
face 0.77 673.0 180.0 698.0 209.0
face 0.77 241.0 239.0 290.0 293.0
face 0.76 591.0 110.0 615.0 137.0
face 0.74 267.0 1.0 309.0 42.0
face 0.74 715.0 101.0 732.0 120.0
face 0.73 306.0 76.0 323.0 98.0
face 0.70 891.0 138.0 913.0 165.0
face 0.69 250.0 94.0 274.0 122.0
face 0.68 438.0 73.0 454.0 92.0
face 0.67 674.0 50.0 692.0 73.0
face 0.66 820.0 25.0 833.0 42.0
face 0.65 201.0 38.0 217.0 56.0
face 0.65 466.0 39.0 480.0 57.0
face 0.64 204.0 120.0 221.0 139.0
face 0.62 796.0 19.0 809.0 35.0
face 0.62 264.0 68.0 275.0 82.0
face 0.62 47.0 5.0 61.0 22.0
face 0.61 428.0 9.0 443.0 27.0
face 0.61 650.0 78.0 663.0 94.0
face 0.60 336.0 5.0 349.0 21.0
face 0.60 853.0 579.0 984.0 753.0
face 0.58 945.0 128.0 965.0 152.0
face 0.57 197.0 98.0 212.0 116.0
face 0.57 52.0 76.0 64.0 91.0
face 0.57 372.0 83.0 394.0 111.0
face 0.57 860.0 12.0 876.0 30.0
face 0.56 749.0 31.0 760.0 43.0
face 0.55 580.0 30.0 594.0 46.0
face 0.55 350.0 -1.0 362.0 11.0
face 0.54 917.0 17.0 934.0 36.0
face 0.53 454.0 2.0 479.0 30.0
face 0.53 505.0 51.0 518.0 67.0
face 0.53 94.0 63.0 108.0 78.0
face 0.53 128.0 19.0 140.0 33.0
face 0.52 951.0 53.0 967.0 71.0
face 0.52 401.0 9.0 418.0 30.0
face 0.51 395.0 102.0 416.0 127.0
face 0.50 736.0 17.0 748.0 33.0
face 0.49 409.0 31.0 421.0 44.0
face 0.49 877.0 23.0 888.0 35.0
face 0.49 673.0 15.0 687.0 32.0
face 0.49 16.0 5.0 31.0 21.0
face 0.48 1.0 5.0 14.0 22.0
face 0.47 633.0 49.0 643.0 60.0
face 0.47 321.0 6.0 333.0 19.0
face 0.47 813.0 34.0 825.0 48.0
face 0.47 117.0 146.0 131.0 169.0
face 0.46 705.0 188.0 724.0 209.0
face 0.45 72.0 6.0 85.0 21.0
face 0.45 551.0 20.0 563.0 35.0
face 0.45 524.0 45.0 535.0 58.0
face 0.44 314.0 21.0 327.0 36.0
face 0.44 383.0 14.0 394.0 27.0
face 0.44 556.0 18.0 569.0 32.0
face 0.44 576.0 5.0 589.0 20.0
face 0.43 727.0 36.0 738.0 50.0
face 0.42 567.0 19.0 578.0 32.0
face 0.42 746.0 170.0 769.0 198.0
face 0.42 873.0 77.0 884.0 90.0
face 0.41 -1.0 109.0 20.0 141.0
face 0.41 19.0 126.0 35.0 145.0
face 0.41 360.0 1.0 382.0 24.0
face 0.40 966.0 117.0 981.0 135.0
face 0.40 912.0 75.0 925.0 89.0
face 0.40 517.0 3.0 534.0 22.0
face 0.40 621.0 156.0 636.0 174.0
face 0.40 728.0 142.0 741.0 159.0
face 0.39 926.0 35.0 941.0 54.0
face 0.39 821.0 82.0 833.0 98.0
face 0.39 813.0 1.0 828.0 20.0
face 0.39 990.0 66.0 1003.0 83.0
face 0.39 14.0 44.0 28.0 61.0
face 0.39 334.0 13.0 344.0 27.0
face 0.39 573.0 20.0 586.0 34.0
face 0.38 571.0 52.0 586.0 71.0
face 0.38 485.0 4.0 499.0 21.0
face 0.38 766.0 21.0 778.0 34.0
face 0.38 892.0 174.0 918.0 205.0
face 0.38 693.0 13.0 707.0 30.0
face 0.38 86.0 68.0 100.0 84.0
face 0.38 486.0 33.0 501.0 51.0
face 0.38 292.0 2.0 310.0 23.0
face 0.38 583.0 24.0 594.0 37.0
face 0.38 809.0 31.0 819.0 43.0
face 0.38 855.0 22.0 866.0 36.0
face 0.38 897.0 578.0 909.0 594.0
face 0.38 826.0 169.0 841.0 187.0
face 0.38 213.0 67.0 227.0 84.0
face 0.38 31.0 0.0 44.0 11.0
face 0.38 575.0 65.0 588.0 82.0
face 0.38 966.0 60.0 981.0 76.0
face 0.37 999.0 188.0 1010.0 202.0
face 0.37 493.0 28.0 505.0 43.0
face 0.37 632.0 25.0 644.0 40.0
face 0.37 997.0 35.0 1011.0 53.0
face 0.37 638.0 47.0 649.0 61.0
face 0.37 327.0 90.0 344.0 109.0
face 0.37 743.0 38.0 754.0 51.0
face 0.37 654.0 22.0 664.0 34.0
face 0.37 883.0 170.0 901.0 192.0
face 0.37 627.0 12.0 643.0 30.0
face 0.37 710.0 107.0 722.0 121.0
face 0.37 733.0 37.0 744.0 50.0
face 0.37 817.0 196.0 833.0 212.0
face 0.37 88.0 15.0 98.0 28.0
face 0.37 580.0 60.0 592.0 73.0
face 0.37 597.0 82.0 609.0 96.0
face 0.37 812.0 165.0 828.0 185.0
face 0.37 791.0 28.0 802.0 40.0
face 0.37 485.0 22.0 498.0 37.0
face 0.37 599.0 18.0 613.0 35.0
face 0.37 714.0 18.0 730.0 39.0
face 0.37 710.0 67.0 723.0 83.0
face 0.37 758.0 13.0 772.0 28.0
face 0.37 973.0 131.0 988.0 149.0
face 0.37 319.0 13.0 329.0 26.0
face 0.37 445.0 44.0 458.0 59.0
face 0.37 612.0 28.0 625.0 43.0
face 0.37 502.0 382.0 513.0 396.0
face 0.37 379.0 36.0 392.0 52.0
face 0.37 868.0 14.0 880.0 28.0
face 0.37 807.0 56.0 817.0 67.0
face 0.36 327.0 20.0 340.0 35.0
face 0.36 879.0 28.0 892.0 44.0
face 0.36 29.0 76.0 43.0 92.0
face 0.36 573.0 139.0 585.0 156.0
face 0.36 973.0 124.0 985.0 138.0
face 0.36 220.0 38.0 231.0 52.0
face 0.36 53.0 91.0 65.0 106.0
face 0.36 328.0 12.0 339.0 25.0
face 0.36 800.0 61.0 811.0 75.0
face 0.36 134.0 3.0 148.0 19.0
face 0.36 678.0 74.0 690.0 90.0
face 0.36 190.0 94.0 202.0 109.0
face 0.36 856.0 145.0 878.0 173.0
face 0.36 495.0 13.0 507.0 27.0
face 0.36 78.0 0.0 89.0 12.0
face 0.36 822.0 15.0 833.0 28.0
face 0.36 -1.0 76.0 8.0 91.0
face 0.36 245.0 1.0 258.0 16.0
face 0.36 446.0 71.0 458.0 86.0
face 0.36 532.0 84.0 546.0 100.0
face 0.36 71.0 1.0 83.0 13.0
face 0.36 742.0 22.0 753.0 34.0
face 0.36 288.0 69.0 299.0 81.0
face 0.36 84.0 0.0 97.0 11.0
face 0.36 351.0 13.0 362.0 26.0
face 0.36 383.0 59.0 396.0 74.0
face 0.36 98.0 1.0 117.0 19.0
face 0.36 453.0 77.0 465.0 92.0
face 0.36 1007.0 116.0 1018.0 130.0
face 0.36 223.0 1.0 244.0 22.0
face 0.36 389.0 66.0 404.0 84.0
face 0.36 453.0 44.0 468.0 61.0
face 0.36 654.0 28.0 666.0 41.0
face 0.36 517.0 16.0 533.0 36.0
face 0.36 958.0 133.0 969.0 147.0
face 0.36 840.0 198.0 853.0 213.0
face 0.36 671.0 86.0 681.0 98.0
face 0.36 485.0 382.0 497.0 397.0
face 0.36 80.0 70.0 91.0 83.0
face 0.36 309.0 108.0 321.0 122.0
face 0.36 966.0 111.0 978.0 125.0
face 0.36 682.0 223.0 712.0 256.0
face 0.36 548.0 495.0 561.0 510.0
face 0.36 358.0 4.0 370.0 19.0
face 0.36 648.0 13.0 659.0 25.0
face 0.36 575.0 85.0 586.0 100.0
face 0.36 241.0 4.0 252.0 17.0
face 0.36 525.0 25.0 538.0 42.0
face 0.36 214.0 43.0 226.0 57.0
face 0.36 950.0 667.0 961.0 681.0
face 0.36 781.0 28.0 792.0 41.0
face 0.36 462.0 51.0 473.0 65.0
face 0.36 102.0 68.0 113.0 81.0
face 0.35 127.0 29.0 137.0 41.0
face 0.35 541.0 141.0 555.0 158.0
face 0.35 492.0 18.0 509.0 38.0
face 0.35 821.0 205.0 833.0 218.0
face 0.35 902.0 30.0 913.0 43.0
face 0.35 653.0 492.0 667.0 509.0
face 0.35 400.0 19.0 411.0 32.0
face 0.35 279.0 62.0 289.0 74.0
face 0.35 1014.0 22.0 1024.0 36.0
face 0.35 534.0 29.0 545.0 43.0
face 0.35 212.0 93.0 225.0 110.0
face 0.35 439.0 22.0 451.0 35.0
face 0.35 765.0 16.0 776.0 27.0
face 0.35 861.0 70.0 873.0 86.0
face 0.35 647.0 40.0 659.0 54.0
face 0.35 883.0 35.0 895.0 53.0
face 0.35 543.0 29.0 554.0 42.0
face 0.35 420.0 84.0 432.0 99.0
face 0.35 855.0 148.0 866.0 161.0
face 0.35 165.0 67.0 180.0 86.0
face 0.35 494.0 45.0 504.0 57.0
face 0.35 342.0 27.0 352.0 41.0
face 0.35 805.0 22.0 816.0 34.0
face 0.35 853.0 69.0 865.0 85.0
face 0.35 495.0 53.0 506.0 67.0
face 0.35 646.0 5.0 660.0 20.0
face 0.35 886.0 131.0 901.0 149.0
face 0.35 902.0 36.0 916.0 53.0
face 0.35 776.0 52.0 786.0 65.0
face 0.35 177.0 109.0 188.0 122.0
face 0.35 552.0 110.0 562.0 123.0
face 0.35 567.0 502.0 579.0 516.0
face 0.35 222.0 70.0 233.0 84.0
face 0.35 782.0 78.0 791.0 89.0
face 0.35 78.0 30.0 88.0 45.0
face 0.35 620.0 247.0 634.0 263.0
face 0.35 815.0 204.0 827.0 219.0
face 0.35 806.0 15.0 817.0 27.0
face 0.35 495.0 382.0 507.0 395.0
face 0.35 374.0 63.0 384.0 75.0
face 0.35 876.0 69.0 890.0 88.0
face 0.35 845.0 22.0 857.0 36.0
face 0.35 755.0 116.0 772.0 136.0
face 0.35 5.0 75.0 20.0 94.0
face 0.35 513.0 59.0 529.0 78.0
face 0.35 973.0 84.0 987.0 103.0
face 0.35 632.0 39.0 642.0 51.0
face 0.35 848.0 69.0 859.0 82.0
face 0.35 468.0 163.0 482.0 181.0
face 0.35 47.0 71.0 59.0 84.0
face 0.35 621.0 46.0 633.0 60.0
face 0.35 376.0 44.0 388.0 57.0
face 0.35 910.0 142.0 921.0 156.0
face 0.35 647.0 70.0 658.0 84.0
face 0.35 685.0 507.0 698.0 522.0
face 0.35 214.0 30.0 227.0 46.0
face 0.35 183.0 91.0 194.0 106.0
face 0.35 720.0 54.0 731.0 67.0
face 0.35 480.0 29.0 491.0 42.0
