face 1.00 851.0 354.0 882.0 394.0
face 1.00 721.0 343.0 755.0 378.0
face 1.00 540.0 340.0 559.0 366.0
face 1.00 437.0 334.0 467.0 374.0
face 0.99 47.0 328.0 78.0 373.0
face 0.97 624.0 150.0 651.0 181.0
face 0.64 160.0 374.0 171.0 387.0
face 0.58 166.0 365.0 176.0 379.0
face 0.49 630.0 234.0 646.0 255.0
face 0.48 917.0 56.0 932.0 77.0
face 0.45 703.0 274.0 727.0 304.0
face 0.45 845.0 270.0 859.0 287.0
face 0.45 728.0 226.0 741.0 244.0
face 0.43 940.0 145.0 955.0 165.0
face 0.43 643.0 376.0 661.0 399.0
face 0.42 430.0 100.0 443.0 117.0
face 0.42 481.0 122.0 495.0 141.0
face 0.42 670.0 22.0 684.0 39.0
face 0.42 581.0 136.0 595.0 152.0
face 0.42 962.0 312.0 978.0 333.0
face 0.41 960.0 86.0 970.0 99.0
face 0.41 118.0 372.0 133.0 391.0
face 0.41 863.0 18.0 878.0 38.0
face 0.40 121.0 276.0 134.0 293.0
face 0.40 86.0 368.0 99.0 382.0
face 0.39 750.0 452.0 762.0 467.0
face 0.39 85.0 435.0 98.0 451.0
face 0.39 471.0 69.0 485.0 85.0
face 0.38 566.0 149.0 576.0 161.0
face 0.38 990.0 176.0 1001.0 188.0
face 0.38 462.0 45.0 473.0 58.0
face 0.38 618.0 269.0 635.0 290.0
face 0.38 343.0 122.0 355.0 137.0
face 0.37 781.0 194.0 797.0 213.0
face 0.37 496.0 35.0 509.0 51.0
face 0.37 300.0 155.0 315.0 174.0
face 0.37 150.0 372.0 163.0 388.0
face 0.37 407.0 243.0 423.0 262.0
face 0.37 341.0 247.0 353.0 261.0
face 0.36 561.0 143.0 571.0 154.0
face 0.36 686.0 307.0 700.0 324.0
face 0.36 621.0 190.0 637.0 207.0
face 0.36 404.0 308.0 417.0 323.0
face 0.36 646.0 250.0 661.0 268.0
face 0.36 408.0 96.0 429.0 124.0
face 0.36 551.0 158.0 562.0 171.0
face 0.36 357.0 94.0 369.0 108.0
face 0.36 677.0 364.0 694.0 380.0
face 0.36 374.0 101.0 385.0 115.0
face 0.36 566.0 134.0 576.0 145.0
face 0.36 493.0 347.0 503.0 360.0
face 0.36 468.0 268.0 482.0 285.0
face 0.36 431.0 205.0 443.0 219.0
face 0.36 880.0 13.0 893.0 29.0
face 0.36 542.0 158.0 554.0 171.0
face 0.36 557.0 161.0 569.0 175.0
face 0.36 589.0 135.0 601.0 149.0
face 0.36 421.0 108.0 433.0 123.0
face 0.36 734.0 223.0 744.0 236.0
face 0.36 485.0 87.0 496.0 99.0
face 0.36 854.0 274.0 865.0 289.0
face 0.36 347.0 143.0 362.0 160.0
face 0.36 328.0 124.0 338.0 136.0
face 0.36 355.0 196.0 370.0 214.0
face 0.36 407.0 117.0 418.0 130.0
face 0.36 644.0 228.0 656.0 244.0
face 0.36 460.0 134.0 472.0 149.0
face 0.36 510.0 358.0 520.0 370.0
face 0.36 447.0 88.0 458.0 100.0
face 0.36 439.0 190.0 450.0 203.0
face 0.36 70.0 366.0 81.0 379.0
face 0.35 431.0 199.0 441.0 211.0
face 0.35 550.0 150.0 560.0 162.0
face 0.35 407.0 96.0 417.0 108.0
face 0.35 534.0 159.0 546.0 172.0
face 0.35 909.0 139.0 922.0 154.0
face 0.35 343.0 39.0 353.0 51.0
face 0.35 285.0 19.0 298.0 36.0
face 0.35 550.0 144.0 561.0 155.0
face 0.35 342.0 93.0 355.0 110.0
face 0.35 934.0 70.0 947.0 86.0
face 0.35 935.0 157.0 946.0 169.0
face 0.35 895.0 24.0 905.0 36.0
face 0.35 963.0 108.0 976.0 124.0
face 0.35 606.0 213.0 619.0 227.0
face 0.35 95.0 442.0 108.0 458.0
face 0.35 519.0 175.0 529.0 186.0
face 0.35 639.0 222.0 651.0 237.0
face 0.35 352.0 236.0 363.0 249.0
face 0.35 502.0 252.0 517.0 269.0
face 0.35 431.0 246.0 442.0 258.0
face 0.35 883.0 468.0 897.0 484.0
face 0.35 576.0 134.0 586.0 146.0
face 0.35 519.0 247.0 532.0 262.0
face 0.35 290.0 282.0 306.0 300.0
face 0.35 176.0 374.0 186.0 386.0
face 0.35 437.0 251.0 452.0 267.0
face 0.35 181.0 363.0 193.0 380.0
face 0.35 643.0 302.0 656.0 316.0
face 0.35 806.0 304.0 817.0 317.0
