face 1.00 203.0 348.0 278.0 452.0
face 1.00 703.0 249.0 797.0 385.0
face 1.00 369.0 255.0 454.0 380.0
face 1.00 565.0 291.0 642.0 382.0
face 1.00 114.0 433.0 225.0 554.0
face 0.82 926.0 757.0 942.0 775.0
face 0.68 793.0 262.0 823.0 305.0
face 0.63 902.0 761.0 918.0 782.0
face 0.53 935.0 780.0 949.0 799.0
face 0.46 902.0 1108.0 913.0 1123.0
face 0.46 920.0 624.0 942.0 651.0
face 0.43 81.0 769.0 137.0 814.0
face 0.39 871.0 1027.0 887.0 1045.0
face 0.38 1006.0 766.0 1017.0 779.0
face 0.37 999.0 690.0 1013.0 708.0
face 0.37 486.0 757.0 498.0 772.0
face 0.37 562.0 1266.0 579.0 1286.0
face 0.37 630.0 1112.0 641.0 1124.0
face 0.37 990.0 758.0 1002.0 772.0
face 0.37 901.0 597.0 915.0 614.0
face 0.37 983.0 631.0 994.0 644.0
face 0.36 919.0 1124.0 934.0 1143.0
face 0.36 934.0 955.0 946.0 970.0
face 0.36 845.0 1027.0 860.0 1046.0
face 0.36 1001.0 884.0 1023.0 914.0
face 0.35 619.0 738.0 632.0 755.0
face 0.35 860.0 952.0 876.0 971.0
face 0.35 507.0 417.0 611.0 518.0
face 0.35 469.0 534.0 480.0 548.0
face 0.35 977.0 631.0 987.0 643.0
face 0.35 989.0 765.0 1000.0 777.0
face 0.35 471.0 775.0 481.0 786.0
face 0.35 1001.0 764.0 1011.0 777.0
