face 0.93 501.0 418.0 513.0 433.0
face 0.74 749.0 325.0 762.0 340.0
face 0.73 584.0 340.0 595.0 354.0
face 0.62 806.0 227.0 817.0 241.0
face 0.60 255.0 214.0 265.0 227.0
face 0.54 455.0 391.0 466.0 404.0
face 0.53 74.0 436.0 97.0 465.0
face 0.52 114.0 372.0 128.0 389.0
face 0.52 254.0 351.0 264.0 364.0
face 0.52 525.0 366.0 537.0 381.0
face 0.51 324.0 341.0 335.0 355.0
face 0.49 214.0 234.0 224.0 247.0
face 0.48 498.0 461.0 510.0 476.0
face 0.47 168.0 360.0 178.0 372.0
face 0.47 198.0 228.0 211.0 243.0
face 0.45 665.0 151.0 676.0 164.0
face 0.45 581.0 270.0 591.0 284.0
face 0.44 710.0 388.0 720.0 400.0
face 0.44 407.0 408.0 422.0 429.0
face 0.43 695.0 189.0 708.0 205.0
face 0.43 152.0 357.0 162.0 369.0
face 0.43 231.0 235.0 242.0 249.0
face 0.43 103.0 309.0 114.0 323.0
face 0.43 390.0 378.0 403.0 394.0
face 0.43 487.0 431.0 496.0 442.0
face 0.42 655.0 200.0 665.0 211.0
face 0.42 119.0 335.0 129.0 349.0
face 0.42 311.0 449.0 324.0 463.0
face 0.41 254.0 333.0 264.0 345.0
face 0.41 896.0 151.0 905.0 162.0
face 0.41 272.0 396.0 285.0 412.0
face 0.40 351.0 187.0 364.0 202.0
face 0.40 581.0 361.0 594.0 377.0
face 0.40 590.0 103.0 601.0 116.0
face 0.40 422.0 438.0 433.0 451.0
face 0.40 592.0 406.0 602.0 418.0
face 0.40 341.0 365.0 352.0 377.0
face 0.40 710.0 280.0 723.0 298.0
face 0.40 721.0 309.0 735.0 325.0
face 0.39 757.0 303.0 767.0 315.0
face 0.39 568.0 158.0 578.0 170.0
face 0.39 739.0 220.0 753.0 236.0
face 0.39 575.0 292.0 586.0 305.0
face 0.39 294.0 464.0 305.0 477.0
face 0.38 308.0 476.0 322.0 492.0
face 0.38 799.0 317.0 809.0 328.0
face 0.38 448.0 357.0 458.0 369.0
face 0.38 87.0 176.0 109.0 202.0
face 0.38 634.0 383.0 644.0 396.0
face 0.38 239.0 190.0 248.0 201.0
face 0.38 333.0 413.0 344.0 426.0
face 0.37 463.0 420.0 475.0 434.0
face 0.37 574.0 158.0 584.0 170.0
face 0.37 357.0 404.0 368.0 417.0
face 0.37 406.0 391.0 417.0 403.0
face 0.37 871.0 421.0 882.0 433.0
face 0.37 661.0 282.0 674.0 299.0
face 0.37 150.0 384.0 161.0 397.0
face 0.37 806.0 390.0 817.0 404.0
face 0.37 177.0 381.0 186.0 393.0
face 0.37 152.0 333.0 163.0 348.0
face 0.37 355.0 167.0 369.0 184.0
face 0.37 440.0 406.0 450.0 417.0
face 0.37 241.0 184.0 250.0 194.0
face 0.37 278.0 375.0 289.0 388.0
face 0.37 424.0 397.0 434.0 409.0
face 0.37 181.0 375.0 192.0 386.0
face 0.37 165.0 372.0 176.0 386.0
face 0.37 663.0 214.0 673.0 227.0
face 0.37 301.0 460.0 313.0 475.0
face 0.37 288.0 461.0 299.0 475.0
face 0.37 246.0 253.0 257.0 268.0
face 0.37 504.0 446.0 514.0 457.0
face 0.37 414.0 302.0 424.0 313.0
face 0.37 270.0 191.0 281.0 203.0
face 0.37 425.0 391.0 433.0 402.0
face 0.36 734.0 415.0 744.0 427.0
face 0.36 104.0 355.0 115.0 368.0
face 0.36 512.0 294.0 521.0 305.0
face 0.36 288.0 343.0 298.0 356.0
face 0.36 430.0 397.0 440.0 408.0
face 0.36 110.0 2.0 125.0 17.0
face 0.36 407.0 383.0 418.0 395.0
face 0.36 422.0 432.0 433.0 444.0
face 0.36 432.0 383.0 441.0 393.0
face 0.36 127.0 364.0 139.0 378.0
face 0.36 393.0 437.0 405.0 450.0
face 0.36 439.0 381.0 448.0 393.0
face 0.36 646.0 215.0 656.0 227.0
face 0.36 548.0 318.0 560.0 333.0
face 0.36 415.0 376.0 424.0 387.0
face 0.36 671.0 221.0 682.0 233.0
face 0.36 254.0 198.0 263.0 209.0
face 0.36 813.0 184.0 823.0 195.0
face 0.36 815.0 222.0 824.0 234.0
face 0.36 294.0 436.0 303.0 448.0
face 0.36 352.0 405.0 362.0 417.0
face 0.36 398.0 381.0 408.0 393.0
face 0.36 286.0 455.0 295.0 466.0
face 0.36 740.0 203.0 752.0 217.0
face 0.36 718.0 405.0 731.0 419.0
face 0.36 248.0 214.0 258.0 226.0
face 0.36 512.0 398.0 521.0 409.0
face 0.36 166.0 382.0 176.0 393.0
face 0.36 320.0 358.0 331.0 372.0
face 0.36 134.0 382.0 144.0 394.0
face 0.36 710.0 220.0 721.0 233.0
face 0.36 695.0 184.0 706.0 197.0
face 0.36 182.0 198.0 191.0 208.0
face 0.36 102.0 375.0 112.0 387.0
face 0.36 165.0 397.0 178.0 412.0
face 0.36 182.0 189.0 193.0 202.0
face 0.36 749.0 282.0 761.0 298.0
face 0.36 710.0 422.0 724.0 438.0
face 0.36 312.0 438.0 323.0 450.0
face 0.36 179.0 347.0 191.0 362.0
face 0.36 303.0 470.0 315.0 485.0
face 0.36 215.0 223.0 224.0 235.0
face 0.36 798.0 382.0 809.0 395.0
face 0.36 284.0 373.0 297.0 387.0
face 0.36 343.0 405.0 355.0 419.0
face 0.36 720.0 303.0 730.0 314.0
face 0.36 191.0 208.0 200.0 219.0
face 0.36 150.0 376.0 160.0 386.0
face 0.36 512.0 439.0 521.0 450.0
face 0.36 689.0 221.0 699.0 233.0
face 0.36 239.0 215.0 249.0 226.0
face 0.36 312.0 367.0 323.0 379.0
face 0.36 112.0 366.0 122.0 379.0
face 0.36 380.0 192.0 394.0 210.0
face 0.36 127.0 380.0 138.0 394.0
face 0.36 422.0 419.0 435.0 435.0
face 0.36 88.0 383.0 97.0 393.0
face 0.36 535.0 407.0 545.0 418.0
face 0.36 112.0 380.0 123.0 394.0
face 0.36 246.0 228.0 259.0 244.0
face 0.36 135.0 365.0 145.0 377.0
face 0.36 286.0 190.0 299.0 204.0
face 0.36 440.0 400.0 449.0 411.0
face 0.36 624.0 536.0 634.0 548.0
face 0.36 712.0 407.0 721.0 418.0
face 0.36 375.0 301.0 385.0 312.0
face 0.36 662.0 206.0 673.0 218.0
face 0.36 415.0 271.0 427.0 287.0
face 0.36 311.0 415.0 322.0 426.0
face 0.36 239.0 196.0 248.0 208.0
face 0.36 408.0 302.0 418.0 313.0
face 0.36 743.0 293.0 753.0 306.0
face 0.36 624.0 399.0 633.0 410.0
face 0.36 505.0 354.0 518.0 371.0
face 0.36 548.0 154.0 560.0 169.0
face 0.36 318.0 415.0 327.0 426.0
face 0.36 343.0 390.0 353.0 402.0
face 0.36 181.0 381.0 192.0 393.0
face 0.36 566.0 326.0 576.0 338.0
face 0.36 328.0 380.0 338.0 393.0
face 0.36 207.0 183.0 217.0 195.0
face 0.36 129.0 351.0 138.0 362.0
face 0.36 703.0 309.0 713.0 323.0
face 0.36 662.0 316.0 674.0 330.0
face 0.36 300.0 381.0 313.0 396.0
face 0.36 289.0 367.0 299.0 379.0
face 0.36 224.0 356.0 235.0 370.0
face 0.36 470.0 421.0 480.0 434.0
face 0.36 469.0 267.0 481.0 283.0
face 0.36 495.0 157.0 505.0 171.0
face 0.36 512.0 446.0 522.0 457.0
face 0.36 471.0 404.0 481.0 416.0
face 0.36 124.0 229.0 135.0 243.0
face 0.36 437.0 430.0 447.0 443.0
face 0.36 407.0 428.0 417.0 440.0
face 0.36 276.0 181.0 288.0 196.0
face 0.36 358.0 302.0 368.0 314.0
face 0.36 247.0 197.0 259.0 210.0
face 0.35 110.0 358.0 120.0 369.0
face 0.35 486.0 444.0 497.0 457.0
face 0.35 471.0 445.0 482.0 459.0
face 0.35 580.0 291.0 593.0 308.0
face 0.35 192.0 391.0 201.0 403.0
face 0.35 582.0 380.0 596.0 396.0
face 0.35 727.0 420.0 740.0 435.0
face 0.35 214.0 189.0 223.0 201.0
face 0.35 190.0 214.0 199.0 225.0
face 0.35 414.0 478.0 426.0 493.0
face 0.35 312.0 421.0 322.0 433.0
face 0.35 632.0 557.0 642.0 570.0
face 0.35 519.0 415.0 529.0 426.0
face 0.35 495.0 456.0 505.0 468.0
face 0.35 429.0 288.0 438.0 300.0
face 0.35 62.0 221.0 71.0 233.0
face 0.35 248.0 375.0 259.0 388.0
face 0.35 161.0 367.0 170.0 377.0
face 0.35 541.0 390.0 550.0 401.0
face 0.35 647.0 157.0 657.0 169.0
face 0.35 544.0 311.0 554.0 322.0
face 0.35 527.0 157.0 537.0 169.0
face 0.35 198.0 373.0 207.0 385.0
face 0.35 584.0 326.0 593.0 337.0
face 0.35 727.0 404.0 737.0 418.0
face 0.35 191.0 397.0 201.0 410.0
face 0.35 357.0 30.0 368.0 43.0
face 0.35 368.0 294.0 377.0 305.0
face 0.35 415.0 430.0 425.0 441.0
face 0.35 517.0 404.0 528.0 418.0
face 0.35 156.0 357.0 169.0 371.0
face 0.35 104.0 366.0 114.0 378.0
face 0.35 304.0 376.0 313.0 387.0
face 0.35 108.0 350.0 119.0 364.0
face 0.35 462.0 268.0 474.0 285.0
face 0.35 415.0 391.0 424.0 401.0
face 0.35 262.0 390.0 273.0 405.0
face 0.35 670.0 204.0 682.0 219.0
face 0.35 199.0 164.0 209.0 176.0
face 0.35 279.0 189.0 289.0 201.0
face 0.35 248.0 222.0 258.0 234.0
face 0.35 590.0 293.0 599.0 305.0
face 0.35 453.0 438.0 464.0 450.0
face 0.35 159.0 381.0 170.0 394.0
face 0.35 311.0 431.0 321.0 442.0
face 0.35 94.0 343.0 105.0 354.0
face 0.35 356.0 277.0 367.0 292.0
face 0.35 624.0 414.0 634.0 426.0
face 0.35 640.0 424.0 650.0 435.0
face 0.35 688.0 151.0 698.0 162.0
face 0.35 510.0 373.0 519.0 385.0
face 0.35 456.0 422.0 467.0 433.0
face 0.35 320.0 485.0 330.0 497.0
face 0.35 503.0 310.0 512.0 320.0
face 0.35 647.0 406.0 659.0 420.0
face 0.35 198.0 366.0 207.0 378.0
face 0.35 471.0 165.0 483.0 180.0
face 0.35 303.0 406.0 313.0 418.0
face 0.35 311.0 389.0 319.0 400.0
face 0.35 352.0 383.0 362.0 394.0
face 0.35 701.0 300.0 713.0 316.0
face 0.35 464.0 407.0 473.0 417.0
face 0.35 222.0 167.0 232.0 180.0
face 0.35 279.0 369.0 289.0 381.0
face 0.35 246.0 191.0 257.0 203.0
face 0.35 430.0 302.0 441.0 313.0
face 0.35 550.0 312.0 560.0 323.0
face 0.35 567.0 311.0 577.0 322.0
face 0.35 316.0 420.0 328.0 435.0
face 0.35 742.0 310.0 753.0 323.0
face 0.35 183.0 368.0 193.0 379.0
face 0.35 270.0 470.0 280.0 483.0
face 0.35 360.0 542.0 371.0 555.0
face 0.35 207.0 206.0 216.0 217.0
face 0.35 160.0 189.0 169.0 201.0
face 0.35 424.0 304.0 433.0 315.0
face 0.35 143.0 366.0 152.0 377.0
face 0.35 423.0 309.0 433.0 321.0
face 0.35 670.0 155.0 680.0 167.0
face 0.35 661.0 199.0 671.0 211.0
face 0.35 575.0 399.0 585.0 410.0
face 0.35 457.0 374.0 467.0 386.0
face 0.35 559.0 303.0 568.0 313.0
face 0.35 278.0 198.0 289.0 210.0
face 0.35 167.0 392.0 178.0 403.0
face 0.35 119.0 315.0 130.0 329.0
face 0.35 352.0 376.0 362.0 386.0
face 0.35 222.0 374.0 233.0 388.0
face 0.35 117.0 294.0 130.0 310.0
face 0.35 174.0 359.0 184.0 370.0
face 0.35 193.0 383.0 202.0 395.0
face 0.35 701.0 183.0 711.0 195.0
face 0.35 223.0 365.0 233.0 377.0
face 0.35 472.0 301.0 482.0 312.0
face 0.35 493.0 566.0 505.0 581.0
face 0.35 357.0 294.0 370.0 308.0
face 0.35 352.0 284.0 364.0 299.0
face 0.35 383.0 509.0 393.0 521.0
face 0.35 413.0 306.0 426.0 322.0
face 0.35 686.0 206.0 696.0 217.0
