face 1.00 484.0 147.0 521.0 196.0
face 0.98 152.0 105.0 176.0 136.0
face 0.94 412.0 124.0 432.0 149.0
face 0.94 854.0 130.0 874.0 154.0
face 0.86 670.0 124.0 701.0 160.0
face 0.77 825.0 117.0 855.0 153.0
face 0.62 866.0 105.0 889.0 129.0
face 0.52 287.0 115.0 302.0 134.0
face 0.50 868.0 584.0 885.0 603.0
face 0.48 252.0 201.0 269.0 223.0
face 0.48 469.0 4.0 484.0 21.0
face 0.48 267.0 202.0 283.0 220.0
face 0.44 947.0 105.0 992.0 158.0
face 0.41 574.0 141.0 587.0 158.0
face 0.41 700.0 92.0 725.0 122.0
face 0.41 49.0 34.0 63.0 51.0
face 0.40 757.0 81.0 771.0 99.0
face 0.40 981.0 146.0 997.0 166.0
face 0.39 430.0 124.0 444.0 142.0
face 0.39 698.0 41.0 724.0 73.0
face 0.39 918.0 282.0 934.0 301.0
face 0.38 707.0 136.0 724.0 159.0
face 0.37 893.0 204.0 931.0 259.0
face 0.37 603.0 28.0 619.0 49.0
face 0.36 692.0 140.0 707.0 157.0
face 0.36 213.0 140.0 226.0 155.0
face 0.36 2.0 543.0 16.0 562.0
face 0.35 589.0 115.0 605.0 134.0
face 0.35 84.0 117.0 101.0 136.0
face 0.35 316.0 154.0 330.0 171.0
face 0.35 729.0 141.0 744.0 159.0
face 0.35 269.0 146.0 283.0 163.0
face 0.35 856.0 101.0 867.0 117.0
