face 0.99 529.0 545.0 551.0 571.0
face 0.74 585.0 563.0 610.0 593.0
face 0.63 584.0 526.0 596.0 541.0
face 0.59 611.0 515.0 624.0 531.0
face 0.59 963.0 560.0 1023.0 639.0
face 0.59 506.0 422.0 519.0 439.0
face 0.59 903.0 518.0 918.0 536.0
face 0.55 346.0 503.0 370.0 532.0
face 0.54 942.0 506.0 955.0 522.0
face 0.54 937.0 470.0 949.0 485.0
face 0.50 3.0 584.0 24.0 614.0
face 0.48 467.0 318.0 490.0 348.0
face 0.46 979.0 542.0 994.0 559.0
face 0.44 899.0 523.0 921.0 553.0
face 0.43 584.0 334.0 597.0 349.0
face 0.42 519.0 510.0 531.0 525.0
face 0.42 83.0 524.0 100.0 542.0
face 0.42 960.0 499.0 973.0 516.0
face 0.41 971.0 556.0 987.0 575.0
face 0.40 454.0 519.0 464.0 530.0
face 0.40 513.0 336.0 527.0 354.0
face 0.37 708.0 450.0 725.0 469.0
face 0.37 591.0 518.0 602.0 531.0
face 0.36 597.0 517.0 609.0 531.0
face 0.36 455.0 492.0 466.0 505.0
face 0.36 598.0 525.0 609.0 539.0
face 0.36 603.0 676.0 621.0 695.0
face 0.36 440.0 478.0 452.0 491.0
face 0.36 389.0 622.0 403.0 638.0
face 0.36 461.0 634.0 475.0 652.0
face 0.36 493.0 337.0 508.0 355.0
face 0.36 949.0 429.0 960.0 442.0
face 0.36 623.0 509.0 634.0 523.0
face 0.36 934.0 464.0 945.0 476.0
face 0.35 733.0 398.0 745.0 413.0
face 0.35 447.0 527.0 460.0 542.0
face 0.35 960.0 583.0 972.0 598.0
face 0.35 469.0 502.0 479.0 514.0
face 0.35 463.0 532.0 473.0 545.0
