face 1.00 312.0 254.0 349.0 297.0
face 0.98 35.0 253.0 49.0 270.0
face 0.94 237.0 246.0 254.0 265.0
face 0.92 738.0 231.0 754.0 252.0
face 0.90 451.0 265.0 477.0 296.0
face 0.90 84.0 281.0 98.0 298.0
face 0.77 834.0 229.0 848.0 247.0
face 0.73 1001.0 217.0 1022.0 245.0
face 0.65 285.0 236.0 297.0 250.0
face 0.64 602.0 229.0 613.0 243.0
face 0.55 101.0 240.0 114.0 257.0
face 0.53 967.0 232.0 978.0 246.0
face 0.49 663.0 7.0 674.0 19.0
face 0.48 127.0 256.0 138.0 269.0
face 0.48 611.0 366.0 700.0 473.0
face 0.47 502.0 226.0 512.0 239.0
face 0.45 577.0 256.0 590.0 278.0
face 0.44 23.0 242.0 34.0 258.0
face 0.42 895.0 237.0 905.0 249.0
face 0.40 544.0 244.0 558.0 261.0
face 0.39 602.0 468.0 618.0 486.0
face 0.39 911.0 237.0 926.0 254.0
face 0.38 150.0 243.0 162.0 258.0
face 0.38 383.0 622.0 393.0 635.0
face 0.38 55.0 261.0 66.0 274.0
face 0.37 119.0 294.0 129.0 306.0
face 0.37 646.0 221.0 657.0 234.0
face 0.37 483.0 341.0 497.0 357.0
face 0.37 509.0 590.0 521.0 603.0
face 0.37 221.0 554.0 236.0 572.0
face 0.36 407.0 244.0 420.0 260.0
face 0.36 458.0 505.0 475.0 527.0
face 0.36 134.0 260.0 145.0 273.0
face 0.36 415.0 255.0 426.0 268.0
face 0.36 269.0 210.0 285.0 230.0
face 0.36 2.0 265.0 17.0 283.0
face 0.36 23.0 279.0 33.0 291.0
face 0.35 513.0 237.0 523.0 248.0
face 0.35 48.0 261.0 58.0 273.0
face 0.35 846.0 215.0 858.0 229.0
face 0.35 279.0 245.0 289.0 257.0
face 0.35 278.0 253.0 290.0 267.0
face 0.35 102.0 278.0 112.0 290.0
face 0.35 902.0 228.0 915.0 244.0
face 0.35 61.0 263.0 71.0 274.0
face 0.35 515.0 503.0 532.0 524.0
face 0.35 271.0 245.0 283.0 258.0
face 0.35 252.0 245.0 265.0 260.0
face 0.35 510.0 608.0 522.0 622.0
