face 1.00 591.0 102.0 619.0 134.0
face 1.00 713.0 79.0 741.0 112.0
face 0.99 638.0 579.0 681.0 644.0
face 0.99 977.0 532.0 1024.0 636.0
face 0.99 951.0 423.0 968.0 444.0
face 0.98 268.0 194.0 308.0 244.0
face 0.97 339.0 206.0 373.0 248.0
face 0.94 937.0 408.0 950.0 423.0
face 0.94 516.0 164.0 542.0 196.0
face 0.75 920.0 436.0 932.0 450.0
face 0.74 965.0 406.0 977.0 419.0
face 0.64 351.0 173.0 363.0 189.0
face 0.61 880.0 559.0 935.0 652.0
face 0.59 882.0 426.0 899.0 443.0
face 0.57 74.0 365.0 97.0 394.0
face 0.56 733.0 36.0 744.0 51.0
face 0.54 629.0 297.0 644.0 318.0
face 0.52 453.0 494.0 469.0 515.0
face 0.52 985.0 415.0 995.0 427.0
face 0.52 904.0 412.0 916.0 425.0
face 0.49 471.0 133.0 482.0 146.0
face 0.48 605.0 148.0 622.0 166.0
face 0.44 323.0 182.0 337.0 199.0
face 0.44 977.0 382.0 986.0 394.0
face 0.43 845.0 422.0 856.0 435.0
face 0.41 317.0 203.0 331.0 220.0
face 0.41 342.0 594.0 359.0 611.0
face 0.41 760.0 4.0 785.0 28.0
face 0.41 762.0 21.0 778.0 39.0
face 0.40 264.0 256.0 290.0 287.0
face 0.40 924.0 431.0 937.0 445.0
face 0.40 964.0 487.0 995.0 527.0
face 0.40 837.0 470.0 850.0 486.0
face 0.40 273.0 604.0 285.0 619.0
face 0.39 935.0 438.0 945.0 450.0
face 0.39 936.0 447.0 945.0 458.0
face 0.39 974.0 427.0 987.0 444.0
face 0.39 70.0 339.0 84.0 358.0
face 0.39 618.0 326.0 640.0 355.0
face 0.39 814.0 88.0 828.0 107.0
face 0.39 822.0 438.0 838.0 455.0
face 0.39 927.0 414.0 936.0 425.0
face 0.39 921.0 381.0 933.0 395.0
face 0.38 754.0 410.0 769.0 428.0
face 0.38 964.0 390.0 974.0 402.0
face 0.38 260.0 184.0 276.0 203.0
face 0.38 925.0 422.0 937.0 436.0
face 0.38 1006.0 413.0 1018.0 429.0
face 0.38 999.0 422.0 1009.0 433.0
face 0.38 577.0 153.0 597.0 175.0
face 0.38 989.0 406.0 999.0 418.0
face 0.38 719.0 44.0 730.0 57.0
face 0.38 893.0 513.0 906.0 528.0
face 0.37 779.0 332.0 791.0 347.0
face 0.37 961.0 426.0 978.0 446.0
face 0.37 991.0 390.0 1000.0 401.0
face 0.37 1000.0 405.0 1009.0 416.0
face 0.37 912.0 437.0 924.0 451.0
face 0.37 943.0 429.0 956.0 443.0
face 0.37 819.0 60.0 831.0 76.0
face 0.37 935.0 430.0 945.0 443.0
face 0.37 866.0 461.0 878.0 478.0
face 0.37 747.0 682.0 844.0 756.0
face 0.36 704.0 34.0 715.0 47.0
face 0.36 715.0 26.0 730.0 45.0
face 0.36 903.0 439.0 913.0 451.0
face 0.36 733.0 10.0 749.0 27.0
face 0.36 999.0 414.0 1012.0 428.0
face 0.36 704.0 399.0 715.0 411.0
face 0.36 922.0 91.0 936.0 110.0
face 0.36 974.0 406.0 983.0 417.0
face 0.36 896.0 421.0 906.0 434.0
face 0.36 805.0 441.0 821.0 462.0
face 0.36 960.0 398.0 970.0 410.0
face 0.36 990.0 421.0 1001.0 433.0
face 0.36 286.0 222.0 313.0 251.0
face 0.36 828.0 82.0 843.0 100.0
face 0.36 334.0 190.0 345.0 202.0
face 0.36 729.0 28.0 739.0 41.0
face 0.36 911.0 432.0 921.0 443.0
face 0.36 320.0 164.0 331.0 178.0
face 0.35 984.0 390.0 994.0 401.0
face 0.35 625.0 448.0 636.0 460.0
face 0.35 344.0 192.0 356.0 206.0
face 0.35 976.0 399.0 985.0 410.0
face 0.35 301.0 230.0 313.0 243.0
face 0.35 636.0 195.0 648.0 210.0
face 0.35 902.0 432.0 913.0 444.0
face 0.35 976.0 389.0 985.0 400.0
face 0.35 758.0 331.0 770.0 346.0
face 0.35 640.0 460.0 651.0 473.0
face 0.35 759.0 61.0 773.0 76.0
face 0.35 976.0 413.0 986.0 425.0
face 0.35 983.0 399.0 994.0 410.0
face 0.35 982.0 428.0 992.0 441.0
face 0.35 695.0 397.0 706.0 408.0
face 0.35 636.0 350.0 647.0 363.0
face 0.35 833.0 63.0 843.0 76.0
face 0.35 943.0 454.0 953.0 466.0
face 0.35 860.0 245.0 874.0 261.0
