face 0.97 140.0 258.0 155.0 275.0
face 0.86 51.0 233.0 65.0 251.0
face 0.83 236.0 261.0 250.0 280.0
face 0.81 714.0 181.0 741.0 215.0
face 0.76 184.0 215.0 196.0 229.0
face 0.75 196.0 299.0 211.0 319.0
face 0.74 94.0 239.0 107.0 255.0
face 0.58 223.0 304.0 241.0 329.0
face 0.57 537.0 286.0 548.0 300.0
face 0.53 998.0 260.0 1011.0 276.0
face 0.51 566.0 206.0 577.0 218.0
face 0.48 961.0 261.0 973.0 278.0
face 0.47 314.0 162.0 352.0 204.0
face 0.46 851.0 192.0 891.0 234.0
face 0.45 228.0 214.0 239.0 227.0
face 0.44 936.0 271.0 946.0 283.0
face 0.44 894.0 202.0 907.0 219.0
face 0.41 6.0 212.0 22.0 233.0
face 0.38 447.0 168.0 489.0 214.0
face 0.36 983.0 275.0 995.0 290.0
face 0.36 277.0 205.0 291.0 222.0
face 0.36 972.0 267.0 985.0 283.0
face 0.35 558.0 286.0 569.0 298.0
face 0.35 960.0 255.0 970.0 268.0
face 0.35 886.0 198.0 897.0 212.0
