face 0.80 67.0 429.0 79.0 444.0
face 0.78 31.0 436.0 46.0 455.0
face 0.69 310.0 419.0 322.0 433.0
face 0.61 97.0 441.0 109.0 457.0
face 0.55 196.0 228.0 244.0 290.0
face 0.53 878.0 487.0 892.0 504.0
face 0.52 5.0 432.0 26.0 460.0
face 0.48 126.0 496.0 137.0 510.0
face 0.41 521.0 451.0 531.0 464.0
face 0.41 985.0 446.0 1008.0 475.0
face 0.39 954.0 464.0 971.0 483.0
face 0.38 165.0 261.0 179.0 278.0
face 0.38 43.0 417.0 60.0 438.0
face 0.38 615.0 452.0 625.0 464.0
face 0.38 294.0 435.0 309.0 454.0
face 0.38 262.0 452.0 274.0 468.0
face 0.38 615.0 468.0 624.0 480.0
face 0.38 518.0 419.0 529.0 434.0
face 0.38 44.0 453.0 56.0 467.0
face 0.37 604.0 478.0 614.0 489.0
face 0.37 750.0 515.0 766.0 534.0
face 0.37 472.0 460.0 482.0 471.0
face 0.37 453.0 438.0 463.0 449.0
face 0.37 287.0 437.0 301.0 454.0
face 0.37 84.0 465.0 99.0 485.0
face 0.37 517.0 0.0 530.0 13.0
face 0.37 352.0 462.0 361.0 474.0
face 0.37 730.0 152.0 761.0 185.0
face 0.37 170.0 443.0 185.0 461.0
face 0.36 574.0 468.0 584.0 480.0
face 0.36 717.0 491.0 728.0 504.0
face 0.36 487.0 429.0 499.0 444.0
face 0.36 542.0 455.0 551.0 466.0
face 0.36 38.0 444.0 50.0 458.0
face 0.36 536.0 464.0 546.0 475.0
face 0.36 385.0 423.0 396.0 435.0
face 0.36 599.0 470.0 609.0 482.0
face 0.36 151.0 502.0 161.0 516.0
face 0.36 504.0 447.0 513.0 458.0
face 0.36 53.0 421.0 64.0 434.0
face 0.36 478.0 461.0 487.0 472.0
face 0.36 668.0 429.0 683.0 449.0
face 0.36 479.0 429.0 492.0 443.0
face 0.36 763.0 516.0 777.0 533.0
face 0.36 553.0 479.0 562.0 491.0
face 0.36 542.0 461.0 551.0 474.0
face 0.36 979.0 180.0 1023.0 251.0
face 0.36 607.0 472.0 617.0 484.0
face 0.36 917.0 442.0 932.0 461.0
face 0.36 400.0 387.0 411.0 401.0
face 0.36 779.0 517.0 792.0 533.0
face 0.36 254.0 446.0 264.0 458.0
face 0.36 862.0 445.0 873.0 459.0
face 0.36 592.0 468.0 602.0 480.0
face 0.36 558.0 479.0 568.0 490.0
face 0.36 279.0 443.0 292.0 458.0
face 0.36 538.0 438.0 547.0 450.0
face 0.36 760.0 494.0 771.0 505.0
face 0.36 597.0 463.0 607.0 474.0
face 0.36 177.0 290.0 191.0 308.0
face 0.35 764.0 500.0 777.0 516.0
face 0.35 495.0 446.0 504.0 458.0
face 0.35 479.0 446.0 487.0 457.0
face 0.35 910.0 187.0 954.0 247.0
face 0.35 560.0 472.0 569.0 482.0
face 0.35 511.0 469.0 521.0 481.0
face 0.35 861.0 486.0 875.0 503.0
face 0.35 495.0 462.0 505.0 473.0
face 0.35 511.0 447.0 520.0 458.0
face 0.35 144.0 502.0 155.0 514.0
face 0.35 512.0 453.0 522.0 465.0
face 0.35 494.0 431.0 503.0 443.0
face 0.35 448.0 432.0 457.0 443.0
face 0.35 537.0 443.0 548.0 459.0
face 0.35 351.0 456.0 360.0 467.0
face 0.35 568.0 470.0 578.0 481.0
face 0.35 232.0 493.0 242.0 505.0
face 0.35 478.0 439.0 488.0 450.0
face 0.35 73.0 454.0 82.0 465.0
face 0.35 175.0 458.0 190.0 477.0
face 0.35 750.0 503.0 761.0 516.0
face 0.35 462.0 461.0 475.0 475.0
face 0.35 488.0 464.0 497.0 474.0
face 0.35 496.0 454.0 505.0 465.0
