face 1.00 121.0 470.0 206.0 581.0
face 1.00 468.0 328.0 544.0 430.0
face 1.00 314.0 366.0 399.0 483.0
face 1.00 933.0 270.0 993.0 344.0
face 1.00 37.0 163.0 121.0 268.0
face 1.00 463.0 139.0 520.0 212.0
face 1.00 621.0 135.0 680.0 211.0
face 1.00 596.0 244.0 670.0 346.0
face 1.00 416.0 206.0 488.0 297.0
face 1.00 327.0 160.0 384.0 242.0
face 1.00 538.0 187.0 601.0 272.0
face 1.00 777.0 226.0 836.0 302.0
face 1.00 149.0 175.0 218.0 267.0
face 1.00 296.0 241.0 361.0 321.0
face 1.00 702.0 232.0 766.0 317.0
face 1.00 840.0 231.0 890.0 299.0
face 1.00 759.0 170.0 780.0 198.0
face 1.00 901.0 173.0 959.0 248.0
face 1.00 853.0 172.0 903.0 242.0
face 0.98 227.0 175.0 290.0 253.0
face 0.75 0.0 148.0 31.0 202.0
face 0.66 1003.0 204.0 1024.0 235.0
face 0.66 282.0 180.0 305.0 208.0
face 0.60 793.0 180.0 819.0 209.0
face 0.58 982.0 73.0 1009.0 111.0
face 0.55 129.0 198.0 156.0 229.0
face 0.42 954.0 540.0 967.0 558.0
face 0.40 990.0 188.0 1003.0 204.0
face 0.38 811.0 180.0 826.0 200.0
face 0.37 671.0 207.0 684.0 223.0
face 0.37 964.0 153.0 978.0 170.0
face 0.36 904.0 4.0 919.0 22.0
face 0.36 962.0 38.0 972.0 50.0
face 0.36 967.0 31.0 977.0 44.0
face 0.35 605.0 171.0 619.0 192.0
face 0.35 969.0 24.0 979.0 34.0
face 0.35 819.0 181.0 832.0 197.0
face 0.35 954.0 69.0 978.0 98.0
