face 1.00 373.0 257.0 419.0 307.0
face 1.00 210.0 206.0 251.0 255.0
face 1.00 572.0 233.0 621.0 292.0
face 1.00 74.0 243.0 110.0 283.0
face 0.98 140.0 226.0 169.0 260.0
face 0.96 780.0 343.0 844.0 431.0
face 0.95 42.0 233.0 73.0 271.0
face 0.95 480.0 196.0 504.0 234.0
face 0.92 283.0 255.0 329.0 303.0
face 0.89 524.0 226.0 563.0 282.0
face 0.82 115.0 244.0 130.0 264.0
face 0.61 812.0 78.0 852.0 131.0
face 0.58 441.0 277.0 471.0 313.0
face 0.58 961.0 283.0 1010.0 350.0
face 0.56 243.0 658.0 257.0 676.0
face 0.44 579.0 413.0 597.0 432.0
face 0.44 925.0 47.0 942.0 67.0
face 0.43 99.0 249.0 115.0 268.0
face 0.42 867.0 336.0 907.0 376.0
face 0.40 1011.0 73.0 1024.0 93.0
face 0.40 895.0 347.0 918.0 376.0
face 0.39 598.0 42.0 639.0 91.0
face 0.39 459.0 727.0 474.0 746.0
face 0.39 400.0 717.0 414.0 733.0
face 0.38 983.0 89.0 1008.0 119.0
face 0.38 202.0 353.0 216.0 371.0
face 0.38 605.0 123.0 621.0 142.0
face 0.37 964.0 396.0 991.0 425.0
face 0.37 1003.0 10.0 1023.0 38.0
face 0.36 341.0 229.0 371.0 268.0
face 0.36 476.0 69.0 489.0 85.0
face 0.36 478.0 197.0 490.0 211.0
face 0.35 591.0 379.0 603.0 396.0
face 0.35 -1.0 268.0 9.0 281.0
face 0.35 30.0 261.0 41.0 273.0
