face 1.00 686.0 98.0 731.0 160.0
face 1.00 456.0 112.0 483.0 147.0
face 0.99 817.0 180.0 845.0 216.0
face 0.93 887.0 107.0 915.0 145.0
face 0.86 561.0 88.0 592.0 131.0
face 0.80 348.0 103.0 378.0 133.0
face 0.77 539.0 25.0 564.0 61.0
face 0.58 539.0 114.0 552.0 130.0
face 0.56 318.0 158.0 330.0 172.0
face 0.46 136.0 58.0 151.0 76.0
face 0.45 325.0 15.0 354.0 53.0
face 0.41 127.0 222.0 136.0 233.0
face 0.40 222.0 115.0 236.0 131.0
face 0.39 116.0 111.0 129.0 126.0
face 0.39 126.0 93.0 137.0 107.0
face 0.39 991.0 191.0 1001.0 204.0
face 0.39 694.0 57.0 707.0 75.0
face 0.38 437.0 52.0 448.0 66.0
face 0.38 238.0 295.0 249.0 308.0
face 0.38 639.0 92.0 654.0 112.0
face 0.37 158.0 247.0 167.0 258.0
face 0.37 410.0 243.0 426.0 262.0
face 0.37 960.0 110.0 973.0 127.0
face 0.37 809.0 82.0 823.0 99.0
face 0.37 437.0 166.0 447.0 179.0
face 0.37 108.0 297.0 124.0 315.0
face 0.37 85.0 301.0 96.0 314.0
face 0.37 984.0 164.0 997.0 181.0
face 0.36 998.0 116.0 1012.0 134.0
face 0.36 328.0 126.0 338.0 138.0
face 0.36 334.0 126.0 345.0 138.0
face 0.36 103.0 300.0 114.0 313.0
face 0.36 46.0 286.0 55.0 296.0
face 0.36 149.0 260.0 161.0 275.0
face 0.36 983.0 190.0 994.0 203.0
face 0.36 279.0 295.0 289.0 307.0
face 0.36 334.0 167.0 349.0 186.0
face 0.35 973.0 132.0 985.0 146.0
face 0.35 327.0 157.0 337.0 169.0
face 0.35 391.0 312.0 413.0 339.0
face 0.35 422.0 63.0 434.0 77.0
face 0.35 799.0 236.0 811.0 251.0
face 0.35 65.0 246.0 75.0 256.0
face 0.35 56.0 224.0 68.0 239.0
face 0.35 143.0 231.0 152.0 242.0
face 0.35 63.0 191.0 77.0 207.0
