face 1.00 748.0 305.0 778.0 342.0
face 1.00 150.0 206.0 173.0 234.0
face 1.00 650.0 280.0 682.0 321.0
face 1.00 675.0 364.0 710.0 410.0
face 1.00 587.0 207.0 608.0 234.0
face 1.00 384.0 278.0 409.0 310.0
face 1.00 270.0 214.0 298.0 250.0
face 1.00 439.0 310.0 467.0 346.0
face 1.00 471.0 350.0 499.0 388.0
face 1.00 585.0 253.0 613.0 287.0
face 1.00 307.0 261.0 331.0 289.0
face 1.00 499.0 203.0 519.0 228.0
face 1.00 530.0 194.0 552.0 223.0
face 1.00 87.0 210.0 112.0 242.0
face 1.00 530.0 240.0 551.0 267.0
face 1.00 855.0 341.0 894.0 390.0
face 1.00 633.0 199.0 658.0 230.0
face 1.00 243.0 148.0 262.0 172.0
face 1.00 776.0 354.0 807.0 397.0
face 1.00 527.0 312.0 557.0 349.0
face 1.00 4.0 259.0 24.0 285.0
face 1.00 583.0 320.0 615.0 364.0
face 1.00 171.0 286.0 193.0 313.0
face 1.00 881.0 273.0 914.0 315.0
face 1.00 237.0 199.0 261.0 229.0
face 1.00 625.0 235.0 651.0 272.0
face 1.00 859.0 258.0 887.0 294.0
face 1.00 33.0 163.0 53.0 189.0
face 1.00 592.0 418.0 630.0 464.0
face 1.00 937.0 428.0 975.0 473.0
face 1.00 394.0 381.0 429.0 421.0
face 1.00 497.0 405.0 532.0 455.0
face 0.99 789.0 416.0 819.0 453.0
face 0.99 733.0 145.0 752.0 168.0
face 0.99 361.0 196.0 383.0 227.0
face 0.99 35.0 118.0 51.0 138.0
face 0.99 908.0 147.0 927.0 171.0
face 0.99 828.0 242.0 855.0 274.0
face 0.99 441.0 132.0 457.0 152.0
face 0.99 120.0 256.0 142.0 283.0
face 0.99 644.0 173.0 662.0 195.0
face 0.99 218.0 180.0 238.0 206.0
face 0.99 1002.0 233.0 1024.0 266.0
face 0.98 131.0 154.0 149.0 177.0
face 0.98 73.0 192.0 93.0 216.0
face 0.98 377.0 178.0 396.0 202.0
face 0.98 425.0 99.0 438.0 115.0
face 0.98 26.0 204.0 51.0 235.0
face 0.98 483.0 161.0 504.0 186.0
face 0.98 491.0 284.0 519.0 319.0
face 0.98 190.0 153.0 207.0 174.0
face 0.97 1008.0 135.0 1026.0 161.0
face 0.97 387.0 77.0 400.0 92.0
face 0.97 649.0 146.0 664.0 166.0
face 0.96 676.0 130.0 694.0 151.0
face 0.96 872.0 238.0 895.0 267.0
face 0.96 265.0 149.0 280.0 168.0
face 0.94 886.0 146.0 903.0 168.0
face 0.94 797.0 139.0 812.0 158.0
face 0.93 826.0 112.0 842.0 132.0
face 0.93 614.0 100.0 627.0 115.0
face 0.93 9.0 118.0 22.0 133.0
face 0.92 355.0 101.0 370.0 121.0
face 0.92 569.0 191.0 588.0 215.0
face 0.92 174.0 245.0 199.0 275.0
face 0.92 77.0 362.0 107.0 397.0
face 0.91 249.0 106.0 261.0 122.0
face 0.90 318.0 334.0 355.0 380.0
face 0.89 38.0 260.0 51.0 276.0
face 0.89 778.0 204.0 798.0 229.0
face 0.88 144.0 86.0 158.0 104.0
face 0.87 838.0 141.0 856.0 163.0
face 0.87 202.0 235.0 219.0 258.0
face 0.86 309.0 155.0 325.0 176.0
face 0.86 414.0 332.0 448.0 373.0
face 0.86 476.0 135.0 488.0 150.0
face 0.85 621.0 120.0 635.0 138.0
face 0.85 327.0 210.0 346.0 235.0
face 0.85 677.0 93.0 690.0 111.0
face 0.83 739.0 191.0 762.0 220.0
face 0.83 303.0 78.0 315.0 93.0
face 0.83 401.0 209.0 419.0 235.0
face 0.83 729.0 112.0 745.0 132.0
face 0.83 562.0 141.0 578.0 162.0
face 0.82 891.0 176.0 915.0 206.0
face 0.82 178.0 317.0 203.0 346.0
face 0.81 272.0 116.0 286.0 134.0
face 0.81 171.0 120.0 185.0 138.0
face 0.81 948.0 161.0 965.0 184.0
face 0.81 148.0 316.0 179.0 352.0
face 0.79 588.0 96.0 603.0 114.0
face 0.79 423.0 154.0 436.0 171.0
face 0.79 902.0 97.0 916.0 115.0
face 0.78 0.0 184.0 13.0 206.0
face 0.78 646.0 126.0 661.0 144.0
face 0.77 659.0 65.0 673.0 83.0
face 0.77 872.0 182.0 888.0 204.0
face 0.77 126.0 130.0 141.0 149.0
face 0.76 275.0 309.0 299.0 339.0
face 0.76 21.0 132.0 34.0 149.0
face 0.74 244.0 127.0 255.0 140.0
face 0.72 375.0 95.0 386.0 109.0
face 0.71 766.0 156.0 785.0 180.0
face 0.68 661.0 189.0 680.0 214.0
face 0.68 759.0 257.0 787.0 290.0
face 0.67 417.0 67.0 430.0 83.0
face 0.66 228.0 143.0 240.0 158.0
face 0.65 640.0 81.0 653.0 97.0
face 0.64 842.0 525.0 864.0 552.0
face 0.63 510.0 119.0 521.0 133.0
face 0.63 525.0 131.0 539.0 148.0
face 0.62 696.0 78.0 709.0 93.0
face 0.60 464.0 227.0 485.0 252.0
face 0.60 868.0 156.0 881.0 173.0
face 0.60 988.0 106.0 1003.0 125.0
face 0.60 24.0 196.0 43.0 217.0
face 0.57 395.0 100.0 407.0 114.0
face 0.57 333.0 95.0 348.0 112.0
face 0.56 708.0 130.0 721.0 147.0
face 0.56 719.0 158.0 738.0 185.0
face 0.56 798.0 218.0 826.0 252.0
face 0.55 1.0 293.0 23.0 327.0
face 0.55 321.0 131.0 336.0 148.0
face 0.55 302.0 102.0 313.0 117.0
face 0.54 976.0 192.0 997.0 219.0
face 0.53 575.0 78.0 586.0 92.0
face 0.53 252.0 393.0 280.0 427.0
face 0.51 781.0 103.0 792.0 116.0
face 0.51 103.0 186.0 117.0 205.0
face 0.51 893.0 473.0 938.0 526.0
face 0.51 518.0 76.0 530.0 91.0
face 0.51 958.0 108.0 975.0 130.0
face 0.50 542.0 111.0 559.0 131.0
face 0.50 457.0 121.0 468.0 136.0
face 0.49 955.0 215.0 968.0 231.0
face 0.49 28.0 258.0 44.0 275.0
face 0.47 475.0 81.0 487.0 97.0
face 0.46 62.0 219.0 75.0 238.0
face 0.46 740.0 208.0 759.0 231.0
face 0.46 548.0 94.0 560.0 107.0
face 0.45 279.0 135.0 290.0 149.0
face 0.45 639.0 108.0 652.0 124.0
face 0.44 163.0 186.0 181.0 210.0
face 0.44 551.0 160.0 567.0 179.0
face 0.44 863.0 83.0 878.0 101.0
face 0.43 285.0 3.0 300.0 19.0
face 0.43 956.0 187.0 969.0 202.0
face 0.43 969.0 166.0 983.0 183.0
face 0.43 781.0 125.0 793.0 141.0
face 0.42 229.0 100.0 240.0 114.0
face 0.42 510.0 514.0 524.0 531.0
face 0.42 341.0 73.0 354.0 89.0
face 0.42 831.0 178.0 847.0 199.0
face 0.41 923.0 295.0 945.0 320.0
face 0.41 927.0 266.0 941.0 284.0
face 0.41 102.0 122.0 116.0 140.0
face 0.41 744.0 69.0 758.0 88.0
face 0.41 124.0 228.0 136.0 243.0
face 0.41 446.0 226.0 458.0 242.0
face 0.41 928.0 108.0 941.0 124.0
face 0.41 60.0 281.0 74.0 301.0
face 0.40 374.0 259.0 387.0 276.0
face 0.40 160.0 108.0 171.0 121.0
face 0.40 300.0 131.0 315.0 151.0
face 0.40 665.0 131.0 678.0 149.0
face 0.40 398.0 238.0 408.0 251.0
face 0.40 293.0 61.0 304.0 75.0
face 0.40 798.0 237.0 815.0 259.0
face 0.40 923.0 178.0 936.0 195.0
face 0.40 710.0 195.0 721.0 210.0
face 0.40 479.0 112.0 490.0 124.0
face 0.39 956.0 480.0 983.0 517.0
face 0.39 350.0 72.0 360.0 85.0
face 0.39 845.0 122.0 859.0 140.0
face 0.38 321.0 294.0 337.0 313.0
face 0.38 325.0 158.0 339.0 176.0
face 0.38 423.0 54.0 433.0 68.0
face 0.38 56.0 227.0 67.0 241.0
face 0.38 836.0 212.0 848.0 228.0
face 0.38 854.0 369.0 868.0 388.0
face 0.38 400.0 155.0 411.0 170.0
face 0.38 12.0 156.0 26.0 174.0
face 0.38 73.0 152.0 83.0 164.0
face 0.38 440.0 94.0 451.0 107.0
face 0.37 360.0 133.0 370.0 146.0
face 0.37 221.0 226.0 234.0 243.0
face 0.37 374.0 137.0 388.0 156.0
face 0.37 409.0 84.0 421.0 99.0
face 0.37 448.0 278.0 462.0 296.0
face 0.37 670.0 139.0 681.0 153.0
face 0.37 423.0 163.0 434.0 177.0
face 0.37 457.0 168.0 473.0 189.0
face 0.37 260.0 134.0 271.0 147.0
face 0.37 707.0 94.0 719.0 109.0
face 0.37 613.0 75.0 624.0 88.0
face 0.36 66.0 211.0 82.0 230.0
face 0.36 530.0 147.0 546.0 166.0
face 0.36 460.0 140.0 472.0 154.0
face 0.36 805.0 212.0 820.0 230.0
face 0.36 362.0 322.0 377.0 339.0
face 0.36 504.0 158.0 517.0 173.0
face 0.36 357.0 94.0 368.0 109.0
face 0.36 818.0 141.0 829.0 156.0
face 0.36 342.0 99.0 353.0 113.0
face 0.36 53.0 269.0 67.0 285.0
face 0.36 228.0 26.0 244.0 47.0
face 0.36 855.0 155.0 867.0 170.0
face 0.36 357.0 252.0 368.0 265.0
face 0.36 365.0 307.0 378.0 322.0
face 0.36 917.0 133.0 928.0 146.0
face 0.36 76.0 254.0 91.0 270.0
face 0.36 561.0 118.0 571.0 130.0
face 0.36 460.0 378.0 475.0 396.0
face 0.36 150.0 157.0 161.0 171.0
face 0.36 415.0 150.0 425.0 162.0
face 0.36 404.0 165.0 416.0 178.0
face 0.36 229.0 252.0 246.0 275.0
face 0.36 35.0 279.0 50.0 295.0
face 0.36 184.0 119.0 195.0 132.0
face 0.36 873.0 435.0 888.0 455.0
face 0.36 405.0 151.0 415.0 163.0
face 0.36 319.0 79.0 330.0 91.0
face 0.36 702.0 156.0 713.0 170.0
face 0.35 453.0 84.0 464.0 97.0
face 0.35 368.0 78.0 379.0 91.0
face 0.35 360.0 309.0 370.0 321.0
face 0.35 447.0 99.0 457.0 112.0
face 0.35 621.0 202.0 635.0 221.0
face 0.35 479.0 159.0 490.0 172.0
face 0.35 445.0 214.0 457.0 227.0
face 0.35 342.0 317.0 353.0 329.0
face 0.35 81.0 123.0 92.0 138.0
face 0.35 477.0 237.0 488.0 250.0
face 0.35 107.0 115.0 121.0 134.0
face 0.35 430.0 288.0 440.0 301.0
face 0.35 671.0 126.0 682.0 139.0
face 0.35 535.0 60.0 546.0 74.0
face 0.35 623.0 112.0 633.0 124.0
face 0.35 474.0 244.0 488.0 260.0
face 0.35 495.0 127.0 504.0 139.0
face 0.35 174.0 93.0 185.0 106.0
face 0.35 504.0 151.0 514.0 162.0
face 0.35 350.0 319.0 361.0 332.0
face 0.35 950.0 148.0 961.0 162.0
face 0.35 542.0 79.0 553.0 90.0
face 0.35 671.0 117.0 682.0 129.0
face 0.35 424.0 144.0 434.0 155.0
face 0.35 391.0 150.0 402.0 162.0
face 0.35 329.0 95.0 339.0 108.0
face 0.35 249.0 94.0 259.0 106.0
face 0.35 311.0 140.0 322.0 153.0
face 0.35 821.0 149.0 832.0 161.0
face 0.35 863.0 302.0 874.0 315.0
face 0.35 484.0 150.0 496.0 164.0
face 0.35 312.0 61.0 323.0 74.0
face 0.35 388.0 123.0 402.0 141.0
face 0.35 666.0 410.0 680.0 427.0
face 0.35 607.0 86.0 617.0 99.0
face 0.35 261.0 180.0 275.0 197.0
face 0.35 356.0 172.0 371.0 193.0
face 0.35 695.0 156.0 706.0 171.0
face 0.35 449.0 166.0 458.0 178.0
face 0.35 381.0 135.0 391.0 149.0
