face 1.00 856.0 24.0 899.0 81.0
face 0.78 648.0 107.0 665.0 129.0
face 0.59 738.0 122.0 753.0 140.0
face 0.55 514.0 203.0 528.0 222.0
face 0.47 962.0 162.0 985.0 191.0
face 0.40 679.0 121.0 691.0 135.0
face 0.38 415.0 1.0 467.0 59.0
face 0.38 220.0 93.0 232.0 106.0
face 0.38 103.0 122.0 115.0 137.0
face 0.37 104.0 99.0 116.0 115.0
face 0.37 668.0 22.0 697.0 52.0
face 0.37 199.0 94.0 209.0 105.0
face 0.37 103.0 94.0 114.0 106.0
face 0.37 224.0 143.0 234.0 155.0
face 0.37 215.0 87.0 225.0 99.0
face 0.37 213.0 140.0 225.0 155.0
face 0.37 199.0 117.0 209.0 129.0
face 0.37 545.0 117.0 558.0 134.0
face 0.37 77.0 92.0 92.0 108.0
face 0.37 213.0 109.0 226.0 125.0
face 0.37 214.0 134.0 224.0 146.0
face 0.36 208.0 133.0 218.0 145.0
face 0.36 224.0 126.0 234.0 138.0
face 0.36 230.0 143.0 241.0 155.0
face 0.36 86.0 101.0 95.0 113.0
face 0.36 196.0 85.0 209.0 100.0
face 0.36 223.0 118.0 234.0 130.0
face 0.36 80.0 134.0 89.0 146.0
face 0.36 85.0 118.0 96.0 132.0
face 0.36 95.0 91.0 108.0 106.0
face 0.36 80.0 127.0 90.0 138.0
face 0.36 223.0 100.0 234.0 113.0
face 0.36 70.0 93.0 82.0 106.0
face 0.36 207.0 85.0 219.0 99.0
face 0.36 230.0 94.0 241.0 106.0
face 0.36 207.0 93.0 217.0 105.0
face 0.36 81.0 78.0 92.0 90.0
face 0.36 230.0 124.0 243.0 139.0
face 0.36 103.0 110.0 114.0 123.0
face 0.36 95.0 126.0 105.0 138.0
face 0.36 96.0 110.0 105.0 121.0
face 0.36 239.0 134.0 249.0 146.0
face 0.36 80.0 140.0 92.0 155.0
face 0.36 214.0 127.0 224.0 139.0
face 0.36 55.0 110.0 67.0 122.0
face 0.36 86.0 143.0 96.0 154.0
face 0.36 474.0 25.0 492.0 47.0
face 0.36 231.0 103.0 242.0 115.0
face 0.36 207.0 109.0 219.0 124.0
face 0.36 247.0 142.0 257.0 154.0
face 0.36 70.0 125.0 80.0 137.0
face 0.36 231.0 86.0 241.0 97.0
face 0.36 61.0 124.0 74.0 139.0
face 0.36 199.0 101.0 209.0 112.0
face 0.36 93.0 117.0 107.0 133.0
face 0.36 223.0 135.0 233.0 146.0
face 0.36 232.0 134.0 242.0 146.0
face 0.35 52.0 124.0 66.0 139.0
face 0.35 237.0 140.0 250.0 154.0
face 0.35 213.0 99.0 226.0 115.0
face 0.35 231.0 109.0 243.0 122.0
face 0.35 223.0 149.0 233.0 161.0
face 0.35 63.0 102.0 74.0 115.0
face 0.35 84.0 109.0 96.0 124.0
face 0.35 208.0 141.0 218.0 154.0
face 0.35 55.0 92.0 66.0 104.0
face 0.35 199.0 80.0 208.0 90.0
face 0.35 64.0 143.0 74.0 156.0
face 0.35 214.0 151.0 225.0 163.0
face 0.35 95.0 101.0 108.0 115.0
face 0.35 198.0 142.0 208.0 154.0
face 0.35 719.0 116.0 733.0 135.0
face 0.35 239.0 95.0 249.0 106.0
face 0.35 862.0 253.0 877.0 270.0
face 0.35 24.0 124.0 34.0 137.0
face 0.35 230.0 119.0 241.0 131.0
face 0.35 84.0 133.0 97.0 148.0
face 0.35 70.0 109.0 81.0 122.0
face 0.35 854.0 189.0 865.0 203.0
face 0.35 207.0 101.0 219.0 115.0
face 0.35 70.0 102.0 80.0 114.0
face 0.35 246.0 102.0 257.0 114.0
face 0.35 79.0 85.0 90.0 98.0
face 0.35 222.0 111.0 233.0 124.0
face 0.35 70.0 119.0 80.0 131.0
face 0.35 239.0 87.0 249.0 99.0
