face 1.00 745.0 325.0 768.0 356.0
face 1.00 658.0 322.0 682.0 349.0
face 0.99 243.0 310.0 264.0 334.0
face 0.99 513.0 318.0 533.0 343.0
face 0.98 336.0 309.0 355.0 334.0
face 0.97 385.0 317.0 403.0 340.0
face 0.96 81.0 294.0 100.0 317.0
face 0.95 93.0 314.0 114.0 337.0
face 0.94 845.0 319.0 871.0 350.0
face 0.93 186.0 313.0 208.0 337.0
face 0.89 329.0 238.0 344.0 258.0
face 0.88 975.0 351.0 996.0 376.0
face 0.81 453.0 319.0 472.0 345.0
face 0.75 365.0 314.0 379.0 332.0
face 0.72 821.0 320.0 844.0 348.0
face 0.69 16.0 301.0 39.0 326.0
face 0.66 380.0 240.0 394.0 257.0
face 0.61 253.0 293.0 271.0 313.0
face 0.59 501.0 336.0 513.0 349.0
face 0.50 139.0 306.0 154.0 326.0
face 0.49 839.0 413.0 850.0 426.0
face 0.47 1004.0 316.0 1015.0 330.0
face 0.46 848.0 157.0 859.0 170.0
face 0.45 315.0 304.0 333.0 325.0
face 0.45 863.0 76.0 874.0 89.0
face 0.43 1011.0 481.0 1024.0 501.0
face 0.40 695.0 365.0 718.0 393.0
face 0.40 142.0 342.0 152.0 356.0
face 0.40 135.0 36.0 146.0 49.0
face 0.39 1006.0 375.0 1017.0 387.0
face 0.38 126.0 45.0 136.0 58.0
face 0.38 853.0 158.0 866.0 172.0
face 0.38 1007.0 202.0 1021.0 219.0
face 0.37 838.0 396.0 852.0 415.0
face 0.37 863.0 158.0 873.0 171.0
face 0.37 484.0 325.0 495.0 339.0
face 0.37 846.0 397.0 856.0 410.0
face 0.36 486.0 333.0 497.0 345.0
face 0.36 1007.0 151.0 1018.0 164.0
face 0.36 230.0 315.0 244.0 333.0
face 0.36 840.0 392.0 851.0 404.0
face 0.36 80.0 125.0 91.0 137.0
face 0.36 629.0 372.0 639.0 385.0
face 0.36 845.0 404.0 856.0 418.0
face 0.36 630.0 362.0 642.0 381.0
face 0.36 298.0 316.0 314.0 333.0
face 0.35 835.0 375.0 847.0 389.0
face 0.35 958.0 133.0 969.0 146.0
face 0.35 846.0 176.0 856.0 187.0
face 0.35 487.0 342.0 498.0 356.0
face 0.35 879.0 149.0 889.0 162.0
face 0.35 495.0 327.0 504.0 338.0
face 0.35 247.0 285.0 259.0 301.0
face 0.35 962.0 476.0 976.0 496.0
face 0.35 469.0 325.0 479.0 340.0
