face 1.00 585.0 171.0 648.0 243.0
face 1.00 69.0 148.0 135.0 226.0
face 1.00 841.0 137.0 895.0 208.0
face 0.92 281.0 206.0 326.0 260.0
face 0.62 760.0 81.0 814.0 151.0
face 0.52 618.0 193.0 640.0 220.0
face 0.46 498.0 249.0 519.0 276.0
face 0.46 882.0 223.0 930.0 276.0
face 0.45 274.0 219.0 301.0 254.0
face 0.43 294.0 133.0 319.0 164.0
face 0.42 106.0 172.0 123.0 192.0
face 0.41 336.0 107.0 389.0 169.0
face 0.40 158.0 284.0 170.0 298.0
face 0.38 924.0 226.0 940.0 248.0
face 0.38 274.0 119.0 333.0 184.0
face 0.38 672.0 310.0 682.0 321.0
face 0.37 358.0 234.0 372.0 252.0
face 0.37 678.0 309.0 689.0 321.0
face 0.36 663.0 311.0 674.0 323.0
face 0.36 517.0 141.0 558.0 193.0
face 0.36 97.0 46.0 118.0 73.0
face 0.35 799.0 682.0 814.0 700.0
face 0.35 192.0 260.0 203.0 273.0
face 0.35 200.0 155.0 256.0 218.0
face 0.35 365.0 295.0 413.0 354.0
face 0.35 654.0 310.0 665.0 323.0
