face 1.00 365.0 1897.0 436.0 1980.0
face 1.00 911.0 1784.0 964.0 1846.0
face 1.00 951.0 1930.0 1012.0 1996.0
face 1.00 603.0 1984.0 693.0 2082.0
face 1.00 883.0 1688.0 920.0 1733.0
face 1.00 723.0 1855.0 778.0 1918.0
face 1.00 597.0 1766.0 630.0 1804.0
face 1.00 213.0 1965.0 293.0 2057.0
face 1.00 279.0 1051.0 304.0 1083.0
face 1.00 858.0 1774.0 903.0 1837.0
face 0.99 488.0 1722.0 521.0 1761.0
face 0.99 792.0 1784.0 843.0 1841.0
face 0.97 514.0 1847.0 559.0 1898.0
face 0.97 463.0 1047.0 494.0 1083.0
face 0.97 269.0 1747.0 312.0 1794.0
face 0.95 170.0 1757.0 218.0 1809.0
face 0.93 610.0 1830.0 656.0 1887.0
face 0.91 -1.0 1687.0 58.0 1761.0
face 0.90 548.0 1781.0 581.0 1816.0
face 0.89 763.0 1750.0 785.0 1776.0
face 0.89 404.0 1791.0 454.0 1848.0
face 0.89 901.0 1075.0 950.0 1134.0
face 0.86 200.0 1056.0 231.0 1092.0
face 0.86 338.0 1753.0 379.0 1802.0
face 0.84 807.0 976.0 828.0 1000.0
face 0.81 173.0 1061.0 191.0 1082.0
face 0.81 708.0 1077.0 741.0 1122.0
face 0.80 63.0 295.0 86.0 322.0
face 0.78 73.0 1712.0 124.0 1766.0
face 0.76 979.0 1743.0 1025.0 1823.0
face 0.72 576.0 1048.0 596.0 1070.0
face 0.72 580.0 1904.0 623.0 1956.0
face 0.71 666.0 1808.0 712.0 1861.0
face 0.65 992.0 1091.0 1024.0 1134.0
face 0.65 228.0 1717.0 268.0 1761.0
face 0.62 840.0 1037.0 864.0 1068.0
face 0.60 514.0 983.0 536.0 1010.0
face 0.59 700.0 1767.0 717.0 1786.0
face 0.59 940.0 1173.0 1024.0 1311.0
face 0.59 663.0 1096.0 686.0 1127.0
face 0.58 924.0 1184.0 942.0 1207.0
face 0.54 452.0 1835.0 487.0 1872.0
face 0.50 43.0 1022.0 59.0 1044.0
face 0.50 37.0 2389.0 51.0 2405.0
face 0.49 908.0 2237.0 991.0 2302.0
face 0.49 551.0 2396.0 565.0 2414.0
face 0.47 662.0 330.0 689.0 364.0
face 0.47 128.0 1710.0 168.0 1762.0
face 0.46 865.0 2396.0 880.0 2415.0
face 0.46 477.0 1777.0 500.0 1804.0
face 0.45 39.0 335.0 59.0 364.0
face 0.44 462.0 350.0 475.0 364.0
face 0.44 344.0 1004.0 369.0 1037.0
face 0.43 858.0 1727.0 899.0 1776.0
face 0.43 327.0 1048.0 343.0 1067.0
face 0.43 850.0 1076.0 867.0 1097.0
face 0.42 118.0 2345.0 132.0 2362.0
face 0.41 485.0 1044.0 512.0 1079.0
face 0.40 261.0 800.0 289.0 840.0
face 0.40 644.0 2396.0 660.0 2416.0
face 0.39 93.0 1961.0 152.0 2042.0
face 0.39 251.0 360.0 312.0 417.0
face 0.39 298.0 319.0 340.0 363.0
face 0.39 388.0 1061.0 404.0 1078.0
face 0.39 651.0 1048.0 666.0 1070.0
face 0.39 58.0 358.0 74.0 376.0
face 0.39 356.0 2342.0 372.0 2361.0
face 0.39 12.0 334.0 51.0 375.0
face 0.38 946.0 1092.0 962.0 1109.0
face 0.38 174.0 361.0 191.0 382.0
face 0.37 644.0 1292.0 688.0 1347.0
face 0.37 83.0 1030.0 130.0 1078.0
face 0.36 734.0 1048.0 746.0 1063.0
face 0.36 340.0 1219.0 415.0 1356.0
face 0.36 677.0 1756.0 693.0 1774.0
face 0.36 411.0 1061.0 445.0 1095.0
face 0.36 566.0 2337.0 582.0 2358.0
face 0.36 916.0 96.0 1021.0 228.0
face 0.36 395.0 331.0 424.0 363.0
face 0.36 123.0 1027.0 137.0 1046.0
face 0.36 731.0 2332.0 748.0 2352.0
face 0.36 43.0 365.0 60.0 383.0
face 0.36 869.0 353.0 883.0 372.0
face 0.36 592.0 2344.0 605.0 2361.0
face 0.36 908.0 2343.0 922.0 2360.0
face 0.35 691.0 2266.0 740.0 2323.0
face 0.35 675.0 1784.0 692.0 1806.0
face 0.35 965.0 2397.0 980.0 2415.0
face 0.35 412.0 2397.0 426.0 2414.0
face 0.35 543.0 1116.0 587.0 1176.0
