face 1.00 33.0 288.0 50.0 308.0
face 1.00 946.0 327.0 993.0 379.0
face 1.00 12.0 312.0 31.0 333.0
face 1.00 697.0 305.0 728.0 343.0
face 0.99 309.0 336.0 342.0 374.0
face 0.98 558.0 326.0 588.0 362.0
face 0.98 261.0 320.0 290.0 357.0
face 0.97 468.0 306.0 499.0 345.0
face 0.97 817.0 327.0 853.0 369.0
face 0.95 813.0 292.0 829.0 313.0
face 0.95 115.0 289.0 138.0 317.0
face 0.94 649.0 307.0 677.0 337.0
face 0.93 505.0 315.0 539.0 355.0
face 0.91 51.0 412.0 64.0 427.0
face 0.91 671.0 271.0 689.0 292.0
face 0.90 851.0 289.0 873.0 313.0
face 0.90 389.0 297.0 422.0 332.0
face 0.83 429.0 301.0 457.0 337.0
face 0.79 753.0 319.0 782.0 352.0
face 0.78 829.0 292.0 847.0 312.0
face 0.78 189.0 312.0 215.0 345.0
face 0.75 594.0 274.0 609.0 293.0
face 0.75 222.0 315.0 251.0 349.0
face 0.73 92.0 308.0 114.0 332.0
face 0.73 900.0 300.0 917.0 322.0
face 0.71 958.0 281.0 975.0 300.0
face 0.71 158.0 301.0 186.0 339.0
face 0.62 357.0 287.0 381.0 317.0
face 0.59 637.0 293.0 652.0 312.0
face 0.55 56.0 238.0 72.0 255.0
face 0.48 973.0 298.0 986.0 313.0
face 0.46 310.0 284.0 351.0 326.0
face 0.43 926.0 296.0 942.0 314.0
face 0.42 284.0 323.0 303.0 345.0
face 0.41 334.0 500.0 345.0 515.0
face 0.38 467.0 449.0 481.0 468.0
face 0.38 58.0 376.0 72.0 394.0
face 0.38 40.0 246.0 51.0 259.0
face 0.38 1002.0 292.0 1020.0 314.0
face 0.38 619.0 312.0 636.0 331.0
face 0.37 0.0 402.0 12.0 420.0
face 0.37 623.0 301.0 635.0 315.0
face 0.37 244.0 189.0 259.0 208.0
face 0.37 940.0 285.0 955.0 302.0
face 0.37 6.0 333.0 21.0 349.0
face 0.37 1.0 412.0 10.0 427.0
face 0.37 692.0 284.0 705.0 300.0
face 0.36 702.0 205.0 713.0 217.0
face 0.36 27.0 451.0 40.0 467.0
face 0.36 27.0 402.0 42.0 421.0
face 0.36 31.0 238.0 40.0 249.0
face 0.36 981.0 293.0 992.0 307.0
face 0.36 565.0 292.0 581.0 308.0
face 0.36 47.0 228.0 57.0 241.0
face 0.36 62.0 447.0 72.0 459.0
face 0.36 14.0 403.0 26.0 417.0
face 0.35 613.0 335.0 628.0 350.0
face 0.35 375.0 356.0 386.0 370.0
face 0.35 719.0 284.0 731.0 296.0
face 0.35 590.0 293.0 601.0 305.0
face 0.35 431.0 460.0 442.0 472.0
face 0.35 137.0 298.0 156.0 318.0
face 0.35 591.0 395.0 617.0 424.0
face 0.35 63.0 422.0 73.0 434.0
