face 1.00 196.0 413.0 239.0 460.0
face 1.00 121.0 419.0 160.0 462.0
face 1.00 771.0 269.0 841.0 357.0
face 1.00 3.0 438.0 36.0 477.0
face 1.00 329.0 347.0 381.0 412.0
face 1.00 507.0 286.0 573.0 364.0
face 1.00 936.0 461.0 962.0 491.0
face 0.99 75.0 441.0 112.0 485.0
face 0.97 650.0 521.0 675.0 550.0
face 0.93 11.0 528.0 76.0 602.0
face 0.78 465.0 466.0 560.0 571.0
face 0.71 892.0 544.0 918.0 573.0
face 0.68 886.0 527.0 897.0 542.0
face 0.65 128.0 562.0 156.0 598.0
face 0.63 134.0 399.0 151.0 418.0
face 0.61 64.0 517.0 113.0 575.0
face 0.51 281.0 532.0 340.0 589.0
face 0.49 55.0 117.0 66.0 130.0
face 0.49 103.0 94.0 113.0 106.0
face 0.45 660.0 504.0 675.0 522.0
face 0.42 233.0 439.0 260.0 476.0
face 0.42 179.0 548.0 218.0 588.0
face 0.42 96.0 190.0 106.0 202.0
face 0.42 286.0 253.0 296.0 266.0
face 0.42 112.0 110.0 122.0 122.0
face 0.41 328.0 213.0 340.0 226.0
face 0.41 87.0 174.0 97.0 187.0
face 0.40 95.0 118.0 105.0 129.0
face 0.39 311.0 126.0 322.0 138.0
face 0.38 414.0 180.0 426.0 195.0
face 0.38 39.0 295.0 49.0 307.0
face 0.37 416.0 85.0 427.0 99.0
face 0.37 16.0 303.0 27.0 315.0
face 0.37 1012.0 372.0 1024.0 390.0
face 0.37 309.0 146.0 323.0 162.0
face 0.37 54.0 302.0 64.0 315.0
face 0.37 860.0 366.0 874.0 382.0
face 0.37 317.0 149.0 329.0 162.0
face 0.37 301.0 274.0 315.0 290.0
face 0.36 682.0 626.0 699.0 647.0
face 0.36 65.0 554.0 84.0 576.0
face 0.36 379.0 239.0 395.0 257.0
face 0.36 62.0 260.0 73.0 272.0
face 0.36 510.0 431.0 522.0 444.0
face 0.36 127.0 134.0 136.0 145.0
face 0.36 400.0 246.0 410.0 258.0
face 0.36 406.0 247.0 416.0 259.0
face 0.36 48.0 301.0 58.0 314.0
face 0.36 212.0 526.0 225.0 541.0
face 0.36 201.0 509.0 211.0 521.0
face 0.35 94.0 174.0 104.0 186.0
face 0.35 142.0 213.0 152.0 225.0
face 0.35 110.0 215.0 120.0 227.0
face 0.35 111.0 183.0 121.0 194.0
face 0.35 350.0 101.0 360.0 113.0
face 0.35 316.0 124.0 329.0 138.0
face 0.35 157.0 343.0 168.0 357.0
face 0.35 671.0 207.0 681.0 218.0
face 0.35 103.0 142.0 113.0 154.0
face 0.35 623.0 214.0 633.0 225.0
face 0.35 104.0 215.0 114.0 227.0
face 0.35 342.0 147.0 356.0 164.0
face 0.35 272.0 142.0 282.0 153.0
face 0.35 342.0 100.0 356.0 114.0
face 0.35 278.0 142.0 288.0 153.0
face 0.35 242.0 438.0 255.0 454.0
face 0.35 303.0 142.0 316.0 157.0
face 0.35 653.0 195.0 666.0 211.0
face 0.35 119.0 214.0 129.0 226.0
face 0.35 25.0 285.0 34.0 297.0
face 0.35 256.0 19.0 270.0 36.0
face 0.35 0.0 590.0 11.0 606.0
face 0.35 78.0 248.0 88.0 259.0
face 0.35 88.0 247.0 98.0 259.0
face 0.35 295.0 229.0 304.0 241.0
face 0.35 186.0 75.0 201.0 93.0
