face 1.00 305.0 290.0 328.0 319.0
face 1.00 450.0 298.0 472.0 324.0
face 1.00 351.0 279.0 374.0 308.0
face 1.00 623.0 297.0 642.0 320.0
face 1.00 254.0 289.0 282.0 322.0
face 1.00 886.0 295.0 905.0 318.0
face 0.99 512.0 303.0 535.0 330.0
face 0.99 217.0 296.0 241.0 323.0
face 0.98 844.0 305.0 865.0 330.0
face 0.97 62.0 256.0 76.0 272.0
face 0.94 867.0 460.0 888.0 484.0
face 0.94 723.0 273.0 749.0 304.0
face 0.92 827.0 354.0 845.0 374.0
face 0.90 163.0 410.0 181.0 431.0
face 0.88 116.0 337.0 128.0 353.0
face 0.81 678.0 415.0 690.0 430.0
face 0.80 900.0 208.0 914.0 225.0
face 0.75 786.0 305.0 806.0 330.0
face 0.62 164.0 310.0 177.0 328.0
face 0.58 947.0 211.0 959.0 225.0
face 0.52 432.0 284.0 447.0 300.0
face 0.50 38.0 321.0 52.0 338.0
face 0.50 620.0 138.0 635.0 157.0
face 0.49 205.0 349.0 217.0 363.0
face 0.46 67.0 366.0 82.0 385.0
face 0.46 22.0 319.0 35.0 336.0
face 0.45 304.0 271.0 314.0 283.0
face 0.44 174.0 338.0 190.0 357.0
face 0.44 377.0 484.0 394.0 503.0
face 0.43 276.0 337.0 291.0 354.0
face 0.42 606.0 125.0 620.0 145.0
face 0.42 821.0 474.0 837.0 492.0
face 0.40 723.0 169.0 735.0 185.0
face 0.39 807.0 310.0 818.0 324.0
face 0.39 643.0 451.0 657.0 468.0
face 0.39 766.0 312.0 777.0 325.0
face 0.38 843.0 185.0 856.0 200.0
face 0.38 110.0 300.0 123.0 316.0
face 0.38 156.0 337.0 168.0 354.0
face 0.38 637.0 126.0 649.0 140.0
face 0.38 175.0 327.0 185.0 339.0
face 0.38 420.0 424.0 430.0 437.0
face 0.37 591.0 318.0 603.0 332.0
face 0.37 191.0 319.0 202.0 333.0
face 0.37 462.0 475.0 477.0 495.0
face 0.36 759.0 324.0 773.0 341.0
face 0.36 799.0 300.0 809.0 311.0
face 0.36 757.0 253.0 772.0 273.0
face 0.36 184.0 319.0 194.0 330.0
face 0.36 476.0 355.0 491.0 374.0
face 0.36 138.0 397.0 150.0 412.0
face 0.36 182.0 326.0 192.0 338.0
face 0.36 205.0 299.0 217.0 313.0
face 0.36 454.0 421.0 468.0 437.0
face 0.36 912.0 333.0 923.0 346.0
face 0.36 63.0 390.0 74.0 404.0
face 0.36 666.0 21.0 680.0 37.0
face 0.36 80.0 339.0 93.0 354.0
face 0.35 70.0 359.0 81.0 372.0
face 0.35 93.0 334.0 104.0 347.0
face 0.35 591.0 350.0 602.0 362.0
face 0.35 180.0 334.0 191.0 347.0
face 0.35 147.0 372.0 160.0 390.0
face 0.35 174.0 319.0 184.0 331.0
face 0.35 77.0 356.0 90.0 372.0
face 0.35 785.0 309.0 796.0 323.0
face 0.35 502.0 309.0 515.0 326.0
face 0.35 812.0 52.0 823.0 66.0
face 0.35 271.0 264.0 281.0 275.0
face 0.35 196.0 323.0 209.0 338.0
face 0.35 56.0 323.0 68.0 338.0
