face 1.00 856.0 315.0 880.0 344.0
face 1.00 768.0 319.0 794.0 348.0
face 1.00 604.0 308.0 626.0 335.0
face 1.00 296.0 350.0 331.0 393.0
face 1.00 539.0 289.0 571.0 330.0
face 1.00 97.0 262.0 130.0 305.0
face 1.00 921.0 335.0 940.0 357.0
face 1.00 657.0 308.0 691.0 349.0
face 1.00 190.0 295.0 230.0 345.0
face 1.00 409.0 305.0 453.0 360.0
face 0.99 512.0 314.0 534.0 340.0
face 0.99 955.0 326.0 972.0 345.0
face 0.83 366.0 331.0 390.0 359.0
face 0.73 645.0 332.0 659.0 350.0
face 0.67 148.0 222.0 164.0 241.0
face 0.66 462.0 320.0 486.0 352.0
face 0.60 275.0 133.0 292.0 155.0
face 0.52 373.0 493.0 383.0 505.0
face 0.52 990.0 253.0 1000.0 266.0
face 0.51 903.0 347.0 916.0 361.0
face 0.47 915.0 90.0 930.0 110.0
face 0.46 986.0 333.0 999.0 349.0
face 0.44 942.0 341.0 954.0 356.0
face 0.42 851.0 366.0 865.0 384.0
face 0.40 78.0 373.0 93.0 390.0
face 0.39 885.0 289.0 897.0 304.0
face 0.38 455.0 411.0 466.0 425.0
face 0.38 138.0 420.0 153.0 436.0
face 0.38 1013.0 101.0 1023.0 115.0
face 0.38 666.0 200.0 676.0 212.0
face 0.38 750.0 316.0 761.0 331.0
face 0.37 790.0 60.0 800.0 73.0
face 0.37 51.0 316.0 64.0 331.0
face 0.37 765.0 382.0 777.0 395.0
face 0.37 835.0 338.0 849.0 353.0
face 0.37 619.0 32.0 631.0 48.0
face 0.37 854.0 277.0 865.0 292.0
face 0.37 882.0 286.0 892.0 299.0
face 0.37 294.0 252.0 306.0 266.0
face 0.37 599.0 251.0 610.0 265.0
face 0.37 303.0 256.0 313.0 267.0
face 0.37 814.0 343.0 827.0 360.0
face 0.37 976.0 380.0 985.0 392.0
face 0.37 148.0 289.0 164.0 308.0
face 0.37 356.0 316.0 369.0 331.0
face 0.37 951.0 376.0 964.0 391.0
face 0.37 854.0 252.0 866.0 268.0
face 0.37 875.0 310.0 888.0 325.0
face 0.37 287.0 308.0 297.0 319.0
face 0.36 893.0 285.0 904.0 298.0
face 0.36 165.0 284.0 179.0 300.0
face 0.36 589.0 261.0 601.0 274.0
face 0.36 743.0 318.0 756.0 332.0
face 0.36 173.0 294.0 184.0 307.0
face 0.36 886.0 317.0 898.0 332.0
face 0.36 627.0 325.0 639.0 340.0
face 0.36 967.0 355.0 979.0 369.0
face 0.36 831.0 301.0 841.0 312.0
face 0.36 847.0 381.0 856.0 392.0
face 0.36 970.0 302.0 979.0 314.0
face 0.36 658.0 285.0 673.0 303.0
face 0.36 76.0 236.0 87.0 249.0
face 0.36 375.0 476.0 386.0 488.0
face 0.36 847.0 290.0 859.0 306.0
face 0.36 359.0 503.0 369.0 516.0
face 0.36 832.0 335.0 843.0 348.0
face 0.36 806.0 229.0 815.0 240.0
face 0.36 831.0 233.0 840.0 244.0
face 0.36 894.0 317.0 903.0 328.0
face 0.36 871.0 214.0 880.0 225.0
face 0.36 965.0 319.0 976.0 332.0
face 0.36 919.0 354.0 933.0 372.0
face 0.36 80.0 309.0 90.0 320.0
face 0.36 687.0 228.0 698.0 241.0
face 0.36 135.0 427.0 146.0 441.0
face 0.36 663.0 212.0 674.0 227.0
face 0.36 400.0 261.0 410.0 273.0
face 0.36 77.0 387.0 91.0 403.0
face 0.36 919.0 390.0 929.0 402.0
face 0.36 349.0 487.0 359.0 499.0
face 0.36 669.0 212.0 680.0 225.0
face 0.36 717.0 325.0 727.0 339.0
face 0.36 742.0 292.0 755.0 306.0
face 0.36 849.0 358.0 859.0 370.0
face 0.36 734.0 310.0 745.0 321.0
face 0.36 974.0 277.0 985.0 290.0
face 0.36 824.0 317.0 834.0 330.0
face 0.36 158.0 271.0 170.0 284.0
face 0.36 726.0 199.0 737.0 210.0
face 0.36 534.0 277.0 545.0 291.0
face 0.36 896.0 280.0 906.0 291.0
face 0.36 686.0 429.0 701.0 446.0
face 0.36 604.0 422.0 617.0 437.0
face 0.36 36.0 310.0 48.0 324.0
face 0.36 397.0 501.0 411.0 518.0
face 0.36 668.0 205.0 678.0 217.0
face 0.36 800.0 224.0 812.0 239.0
face 0.36 846.0 200.0 858.0 212.0
face 0.36 22.0 268.0 33.0 280.0
face 0.36 792.0 223.0 801.0 234.0
face 0.36 854.0 217.0 864.0 228.0
face 0.36 847.0 215.0 859.0 228.0
face 0.35 736.0 288.0 745.0 298.0
face 0.35 871.0 172.0 884.0 187.0
face 0.35 825.0 205.0 834.0 216.0
face 0.35 831.0 318.0 841.0 329.0
face 0.35 174.0 300.0 186.0 314.0
face 0.35 487.0 220.0 498.0 233.0
face 0.35 358.0 493.0 369.0 507.0
face 0.35 749.0 292.0 760.0 305.0
face 0.35 1004.0 347.0 1018.0 363.0
face 0.35 815.0 189.0 827.0 203.0
face 0.35 988.0 327.0 1000.0 340.0
face 0.35 896.0 335.0 906.0 347.0
face 0.35 727.0 238.0 738.0 251.0
face 0.35 673.0 158.0 683.0 170.0
face 0.35 912.0 294.0 924.0 308.0
face 0.35 926.0 382.0 938.0 396.0
face 0.35 888.0 181.0 898.0 194.0
face 0.35 819.0 347.0 832.0 362.0
face 0.35 798.0 233.0 811.0 250.0
face 0.35 862.0 303.0 874.0 316.0
face 0.35 791.0 230.0 801.0 242.0
face 0.35 838.0 407.0 849.0 419.0
face 0.35 736.0 269.0 746.0 279.0
face 0.35 846.0 254.0 857.0 267.0
face 0.35 974.0 358.0 984.0 370.0
face 0.35 551.0 206.0 561.0 218.0
face 0.35 519.0 214.0 528.0 225.0
face 0.35 79.0 324.0 91.0 339.0
face 0.35 917.0 156.0 927.0 169.0
face 0.35 743.0 310.0 753.0 321.0
face 0.35 286.0 250.0 300.0 265.0
face 0.35 847.0 206.0 857.0 217.0
face 0.35 848.0 247.0 858.0 258.0
face 0.35 950.0 348.0 962.0 362.0
face 0.35 418.0 274.0 434.0 293.0
face 0.35 734.0 318.0 745.0 329.0
face 0.35 710.0 428.0 721.0 441.0
face 0.35 619.0 300.0 635.0 320.0
face 0.35 86.0 318.0 95.0 329.0
face 0.35 86.0 310.0 96.0 321.0
face 0.35 189.0 241.0 203.0 256.0
face 0.35 503.0 276.0 514.0 291.0
face 0.35 798.0 191.0 808.0 203.0
face 0.35 269.0 341.0 280.0 353.0
face 0.35 391.0 503.0 402.0 516.0
face 0.35 639.0 207.0 648.0 217.0
face 0.35 613.0 435.0 625.0 449.0
face 0.35 759.0 394.0 775.0 413.0
face 0.35 639.0 214.0 648.0 224.0
face 0.35 862.0 206.0 874.0 219.0
face 0.35 732.0 332.0 746.0 349.0
face 0.35 911.0 287.0 921.0 298.0
face 0.35 243.0 203.0 273.0 236.0
face 0.35 973.0 341.0 983.0 353.0
face 0.35 744.0 279.0 754.0 290.0
face 0.35 960.0 358.0 970.0 369.0
face 0.35 15.0 269.0 25.0 279.0
face 0.35 166.0 222.0 177.0 234.0
face 0.35 268.0 284.0 280.0 297.0
face 0.35 1001.0 342.0 1011.0 355.0
face 0.35 849.0 373.0 859.0 386.0
face 0.35 749.0 207.0 760.0 220.0
face 0.35 728.0 263.0 738.0 275.0
face 0.35 982.0 382.0 991.0 392.0
face 0.35 769.0 228.0 779.0 240.0
face 0.35 297.0 292.0 307.0 304.0
face 0.35 990.0 348.0 1001.0 361.0
face 0.35 632.0 168.0 643.0 180.0
face 0.35 903.0 337.0 913.0 348.0
face 0.35 839.0 294.0 850.0 307.0
face 0.35 126.0 415.0 137.0 428.0
face 0.35 815.0 301.0 826.0 313.0
face 0.35 802.0 110.0 821.0 133.0
face 0.35 807.0 189.0 817.0 201.0
face 0.35 742.0 302.0 751.0 313.0
face 0.35 759.0 404.0 770.0 418.0
face 0.35 271.0 209.0 281.0 220.0
face 0.35 989.0 275.0 1003.0 291.0
