face 1.00 475.0 255.0 511.0 300.0
face 1.00 801.0 215.0 839.0 264.0
face 1.00 91.0 319.0 131.0 387.0
face 1.00 300.0 276.0 335.0 324.0
face 1.00 193.0 368.0 236.0 444.0
face 1.00 615.0 236.0 647.0 278.0
face 0.97 316.0 184.0 332.0 204.0
face 0.97 49.0 190.0 67.0 212.0
face 0.91 965.0 304.0 1005.0 373.0
face 0.81 141.0 186.0 158.0 209.0
face 0.54 407.0 384.0 428.0 410.0
face 0.48 871.0 310.0 910.0 377.0
face 0.38 528.0 462.0 587.0 531.0
face 0.37 278.0 179.0 295.0 201.0
face 0.36 221.0 190.0 236.0 209.0
face 0.36 838.0 230.0 871.0 272.0
