face 1.00 768.0 214.0 810.0 264.0
face 1.00 660.0 162.0 681.0 191.0
face 1.00 357.0 154.0 377.0 178.0
face 1.00 943.0 246.0 996.0 329.0
face 1.00 711.0 168.0 738.0 204.0
face 1.00 277.0 179.0 303.0 217.0
face 1.00 831.0 91.0 859.0 128.0
face 1.00 70.0 220.0 112.0 281.0
face 0.99 910.0 162.0 927.0 182.0
face 0.99 192.0 266.0 217.0 296.0
face 0.95 294.0 168.0 317.0 198.0
face 0.95 834.0 220.0 874.0 264.0
face 0.93 156.0 208.0 189.0 254.0
face 0.91 600.0 147.0 613.0 165.0
face 0.91 772.0 145.0 786.0 162.0
face 0.90 25.0 274.0 80.0 340.0
face 0.89 960.0 166.0 981.0 188.0
face 0.86 609.0 143.0 630.0 168.0
face 0.85 702.0 114.0 714.0 129.0
face 0.85 643.0 157.0 660.0 177.0
face 0.84 810.0 182.0 834.0 212.0
face 0.83 453.0 149.0 465.0 164.0
face 0.77 384.0 150.0 398.0 167.0
face 0.76 525.0 104.0 535.0 116.0
face 0.76 431.0 104.0 442.0 118.0
face 0.70 576.0 107.0 586.0 120.0
face 0.69 550.0 107.0 562.0 121.0
face 0.68 326.0 203.0 340.0 221.0
face 0.67 651.0 141.0 666.0 159.0
face 0.63 789.0 169.0 807.0 190.0
face 0.61 735.0 99.0 747.0 113.0
face 0.57 662.0 133.0 673.0 146.0
face 0.56 763.0 300.0 788.0 329.0
face 0.53 974.0 165.0 986.0 181.0
face 0.52 26.0 213.0 41.0 232.0
face 0.51 1011.0 175.0 1024.0 197.0
face 0.50 40.0 356.0 54.0 373.0
face 0.43 791.0 140.0 802.0 153.0
face 0.43 816.0 378.0 878.0 431.0
face 0.41 377.0 172.0 388.0 186.0
face 0.41 783.0 582.0 861.0 673.0
face 0.41 592.0 169.0 603.0 183.0
face 0.41 994.0 286.0 1021.0 324.0
face 0.41 756.0 146.0 771.0 164.0
face 0.40 409.0 176.0 422.0 190.0
face 0.40 886.0 179.0 902.0 197.0
face 0.39 614.0 220.0 625.0 234.0
face 0.39 780.0 12.0 794.0 29.0
face 0.38 825.0 215.0 847.0 242.0
face 0.38 659.0 147.0 676.0 166.0
face 0.37 711.0 133.0 721.0 144.0
face 0.37 716.0 108.0 727.0 123.0
face 0.37 517.0 117.0 528.0 131.0
face 0.37 510.0 110.0 521.0 123.0
face 0.37 813.0 115.0 825.0 132.0
face 0.37 399.0 183.0 409.0 194.0
face 0.37 350.0 428.0 361.0 442.0
face 0.36 626.0 147.0 640.0 164.0
face 0.36 569.0 184.0 578.0 194.0
face 0.36 592.0 141.0 602.0 153.0
face 0.36 608.0 222.0 619.0 236.0
face 0.36 753.0 147.0 763.0 160.0
face 0.36 381.0 167.0 392.0 180.0
face 0.36 807.0 123.0 817.0 136.0
face 0.36 716.0 126.0 728.0 140.0
face 0.36 615.0 209.0 624.0 219.0
face 0.36 568.0 110.0 578.0 122.0
face 0.36 931.0 182.0 945.0 198.0
face 0.36 492.0 181.0 503.0 196.0
face 0.36 591.0 158.0 601.0 170.0
face 0.35 567.0 117.0 578.0 130.0
face 0.35 567.0 103.0 577.0 114.0
face 0.35 638.0 142.0 649.0 156.0
face 0.35 576.0 183.0 586.0 194.0
face 0.35 511.0 103.0 521.0 115.0
face 0.35 545.0 109.0 555.0 122.0
face 0.35 620.0 213.0 632.0 228.0
face 0.35 717.0 117.0 727.0 129.0
face 0.35 735.0 140.0 744.0 152.0
face 0.35 731.0 180.0 748.0 199.0
face 0.35 558.0 108.0 568.0 121.0
face 0.35 661.0 139.0 674.0 156.0
face 0.35 719.0 151.0 730.0 162.0
