face 1.00 913.0 98.0 986.0 199.0
face 1.00 57.0 119.0 150.0 218.0
face 1.00 313.0 70.0 394.0 185.0
face 1.00 718.0 45.0 779.0 127.0
face 1.00 550.0 59.0 617.0 154.0
face 0.85 183.0 308.0 285.0 487.0
face 0.44 942.0 38.0 956.0 54.0
face 0.44 92.0 185.0 109.0 204.0
face 0.42 969.0 11.0 982.0 25.0
face 0.40 919.0 36.0 933.0 55.0
face 0.38 37.0 114.0 64.0 161.0
face 0.37 953.0 14.0 963.0 26.0
face 0.37 955.0 39.0 967.0 52.0
face 0.36 976.0 39.0 985.0 50.0
face 0.36 765.0 403.0 779.0 420.0
face 0.36 919.0 30.0 929.0 43.0
face 0.36 966.0 60.0 976.0 72.0
face 0.36 942.0 32.0 952.0 43.0
face 0.36 968.0 30.0 978.0 41.0
face 0.35 936.0 45.0 946.0 58.0
face 0.35 157.0 14.0 168.0 27.0
face 0.35 957.0 30.0 969.0 43.0
face 0.35 968.0 39.0 977.0 50.0
face 0.35 791.0 29.0 803.0 42.0
