face 1.00 263.0 299.0 286.0 329.0
face 1.00 800.0 266.0 824.0 296.0
face 1.00 197.0 292.0 221.0 323.0
face 1.00 712.0 323.0 743.0 361.0
face 1.00 303.0 258.0 322.0 282.0
face 1.00 346.0 301.0 372.0 334.0
face 1.00 687.0 264.0 707.0 290.0
face 1.00 638.0 284.0 666.0 318.0
face 1.00 849.0 296.0 879.0 331.0
face 1.00 454.0 221.0 469.0 242.0
face 1.00 971.0 289.0 1005.0 329.0
face 1.00 531.0 245.0 549.0 267.0
face 1.00 356.0 259.0 374.0 281.0
face 0.99 435.0 218.0 449.0 236.0
face 0.98 592.0 234.0 606.0 251.0
face 0.97 728.0 241.0 744.0 260.0
face 0.97 509.0 239.0 523.0 256.0
face 0.96 862.0 241.0 886.0 270.0
face 0.95 513.0 209.0 530.0 230.0
face 0.94 399.0 276.0 419.0 302.0
face 0.94 493.0 225.0 508.0 244.0
face 0.93 958.0 333.0 992.0 376.0
face 0.92 480.0 255.0 502.0 284.0
face 0.84 752.0 219.0 767.0 236.0
face 0.80 588.0 195.0 600.0 210.0
face 0.74 925.0 220.0 940.0 236.0
face 0.73 52.0 337.0 93.0 401.0
face 0.72 804.0 238.0 818.0 257.0
face 0.67 412.0 242.0 429.0 263.0
face 0.66 550.0 233.0 567.0 253.0
face 0.64 951.0 257.0 971.0 284.0
face 0.63 743.0 292.0 768.0 324.0
face 0.60 566.0 199.0 578.0 213.0
face 0.60 612.0 201.0 625.0 218.0
face 0.59 566.0 209.0 581.0 227.0
face 0.57 469.0 244.0 483.0 262.0
face 0.57 863.0 373.0 889.0 402.0
face 0.56 604.0 193.0 615.0 205.0
face 0.56 917.0 196.0 929.0 211.0
face 0.54 355.0 236.0 370.0 253.0
face 0.53 502.0 402.0 523.0 428.0
face 0.53 121.0 298.0 148.0 333.0
face 0.52 944.0 236.0 958.0 252.0
face 0.52 868.0 212.0 890.0 237.0
face 0.51 620.0 220.0 637.0 241.0
face 0.50 818.0 190.0 830.0 205.0
face 0.50 783.0 259.0 800.0 281.0
face 0.50 978.0 577.0 995.0 596.0
face 0.50 190.0 150.0 215.0 184.0
face 0.47 129.0 56.0 145.0 80.0
face 0.47 541.0 228.0 556.0 245.0
face 0.47 526.0 207.0 539.0 222.0
face 0.41 400.0 251.0 414.0 269.0
face 0.41 643.0 191.0 659.0 212.0
face 0.40 643.0 225.0 659.0 246.0
face 0.40 548.0 251.0 565.0 272.0
face 0.40 429.0 375.0 446.0 396.0
face 0.39 828.0 205.0 842.0 221.0
face 0.39 674.0 242.0 690.0 262.0
face 0.39 373.0 445.0 401.0 476.0
face 0.39 833.0 233.0 848.0 253.0
face 0.38 823.0 209.0 835.0 223.0
face 0.38 558.0 202.0 574.0 220.0
face 0.38 893.0 628.0 911.0 649.0
face 0.38 773.0 213.0 784.0 225.0
face 0.38 660.0 204.0 672.0 220.0
face 0.37 902.0 272.0 917.0 293.0
face 0.37 998.0 338.0 1012.0 356.0
face 0.37 565.0 236.0 575.0 251.0
face 0.37 835.0 197.0 847.0 212.0
face 0.37 707.0 252.0 724.0 272.0
face 0.37 526.0 222.0 537.0 235.0
face 0.37 807.0 207.0 817.0 219.0
face 0.37 821.0 220.0 834.0 236.0
face 0.37 804.0 214.0 814.0 225.0
face 0.36 379.0 422.0 394.0 440.0
face 0.36 610.0 357.0 627.0 381.0
face 0.36 804.0 220.0 817.0 236.0
face 0.36 640.0 222.0 651.0 235.0
face 0.36 783.0 211.0 795.0 224.0
face 0.36 573.0 198.0 583.0 211.0
face 0.36 556.0 219.0 570.0 235.0
face 0.36 932.0 203.0 944.0 217.0
face 0.36 583.0 215.0 594.0 228.0
face 0.36 574.0 205.0 585.0 219.0
face 0.36 814.0 228.0 827.0 244.0
face 0.36 902.0 365.0 917.0 387.0
face 0.36 139.0 158.0 153.0 177.0
face 0.36 600.0 215.0 610.0 228.0
face 0.36 628.0 221.0 639.0 234.0
face 0.36 559.0 212.0 571.0 226.0
face 0.36 792.0 198.0 801.0 210.0
face 0.36 741.0 229.0 752.0 243.0
face 0.35 588.0 214.0 601.0 228.0
face 0.35 614.0 222.0 626.0 237.0
face 0.35 885.0 292.0 900.0 311.0
face 0.35 815.0 203.0 826.0 217.0
face 0.35 667.0 191.0 679.0 205.0
face 0.35 822.0 228.0 832.0 242.0
face 0.35 631.0 195.0 643.0 210.0
face 0.35 710.0 237.0 721.0 249.0
face 0.35 551.0 198.0 562.0 211.0
face 0.35 803.0 372.0 819.0 392.0
face 0.35 813.0 238.0 824.0 252.0
face 0.35 694.0 312.0 705.0 325.0
face 0.35 523.0 378.0 546.0 411.0
