face 0.99 161.0 642.0 234.0 732.0
face 0.88 443.0 38.0 640.0 265.0
face 0.72 698.0 11.0 874.0 209.0
face 0.68 361.0 560.0 455.0 671.0
face 0.61 534.0 717.0 561.0 752.0
face 0.61 964.0 582.0 1007.0 638.0
face 0.60 532.0 505.0 623.0 599.0
face 0.54 135.0 619.0 145.0 632.0
face 0.51 909.0 1341.0 961.0 1410.0
face 0.48 313.0 1076.0 551.0 1367.0
face 0.48 309.0 990.0 320.0 1003.0
face 0.46 949.0 1012.0 963.0 1031.0
face 0.46 659.0 99.0 878.0 338.0
face 0.42 271.0 1042.0 286.0 1059.0
face 0.41 45.0 1015.0 57.0 1028.0
face 0.41 891.0 951.0 975.0 1068.0
face 0.41 344.0 827.0 358.0 843.0
face 0.40 232.0 900.0 244.0 914.0
face 0.40 505.0 718.0 528.0 748.0
face 0.39 585.0 496.0 650.0 570.0
face 0.39 693.0 700.0 705.0 714.0
face 0.39 79.0 965.0 156.0 1051.0
face 0.38 932.0 1342.0 998.0 1430.0
face 0.38 964.0 899.0 978.0 916.0
face 0.38 269.0 844.0 280.0 856.0
face 0.37 153.0 716.0 178.0 749.0
face 0.37 287.0 876.0 297.0 888.0
face 0.37 281.0 981.0 291.0 992.0
face 0.37 203.0 892.0 217.0 909.0
face 0.37 317.0 885.0 327.0 897.0
face 0.36 308.0 1005.0 323.0 1022.0
face 0.36 304.0 852.0 315.0 864.0
face 0.36 262.0 1007.0 272.0 1019.0
face 0.36 304.0 1006.0 315.0 1021.0
face 0.36 342.0 821.0 353.0 835.0
face 0.36 302.0 973.0 312.0 985.0
face 0.36 317.0 1124.0 341.0 1152.0
face 0.36 262.0 910.0 273.0 923.0
face 0.36 343.0 910.0 355.0 924.0
face 0.36 253.0 892.0 264.0 904.0
face 0.36 358.0 926.0 371.0 941.0
face 0.36 289.0 837.0 300.0 850.0
face 0.36 292.0 995.0 305.0 1011.0
face 0.36 271.0 1023.0 282.0 1036.0
face 0.36 404.0 924.0 417.0 940.0
face 0.36 270.0 965.0 281.0 979.0
face 0.36 364.0 941.0 376.0 956.0
face 0.36 358.0 806.0 368.0 818.0
face 0.36 341.0 814.0 352.0 827.0
face 0.36 248.0 565.0 258.0 577.0
face 0.36 311.0 879.0 322.0 891.0
face 0.36 283.0 1035.0 296.0 1051.0
face 0.36 130.0 1005.0 147.0 1023.0
face 0.36 319.0 964.0 329.0 977.0
face 0.36 341.0 877.0 351.0 889.0
face 0.36 111.0 917.0 124.0 932.0
face 0.35 303.0 996.0 315.0 1010.0
face 0.35 415.0 963.0 425.0 976.0
face 0.35 206.0 871.0 217.0 883.0
face 0.35 239.0 855.0 249.0 867.0
face 0.35 388.0 932.0 402.0 948.0
face 0.35 295.0 916.0 305.0 929.0
face 0.35 292.0 957.0 303.0 971.0
face 0.35 286.0 918.0 296.0 929.0
face 0.35 294.0 972.0 306.0 987.0
face 0.35 341.0 891.0 354.0 907.0
face 0.35 84.0 915.0 98.0 934.0
face 0.35 334.0 845.0 346.0 859.0
face 0.35 333.0 956.0 346.0 972.0
face 0.35 328.0 942.0 338.0 954.0
face 0.35 256.0 927.0 267.0 940.0
face 0.35 336.0 829.0 346.0 842.0
face 0.35 311.0 927.0 321.0 938.0
face 0.35 224.0 926.0 235.0 938.0
face 0.35 295.0 927.0 305.0 939.0
face 0.35 278.0 1021.0 288.0 1033.0
face 0.35 336.0 911.0 346.0 923.0
face 0.35 238.0 878.0 248.0 890.0
face 0.35 217.0 902.0 227.0 914.0
face 0.35 217.0 847.0 227.0 858.0
face 0.35 334.0 1005.0 344.0 1017.0
face 0.35 223.0 860.0 234.0 874.0
face 0.35 815.0 788.0 828.0 804.0
face 0.35 392.0 892.0 403.0 906.0
face 0.35 357.0 828.0 367.0 840.0
face 0.35 384.0 874.0 397.0 889.0
face 0.35 142.0 611.0 154.0 626.0
face 0.35 388.0 954.0 402.0 970.0
face 0.35 367.0 901.0 379.0 915.0
face 0.35 278.0 1040.0 289.0 1053.0
face 0.35 248.0 974.0 258.0 986.0
face 0.35 281.0 878.0 291.0 890.0
face 0.35 406.0 990.0 417.0 1002.0
