face 1.00 854.0 205.0 895.0 257.0
face 1.00 613.0 196.0 652.0 245.0
face 1.00 409.0 368.0 454.0 427.0
face 1.00 517.0 259.0 553.0 305.0
face 1.00 405.0 236.0 445.0 289.0
face 1.00 636.0 445.0 672.0 491.0
face 1.00 138.0 322.0 177.0 375.0
face 1.00 217.0 215.0 256.0 268.0
face 1.00 244.0 354.0 280.0 400.0
face 1.00 304.0 196.0 346.0 250.0
face 1.00 763.0 263.0 802.0 318.0
face 1.00 358.0 282.0 395.0 329.0
face 1.00 566.0 310.0 595.0 346.0
face 1.00 634.0 331.0 668.0 372.0
face 1.00 519.0 392.0 553.0 432.0
face 1.00 805.0 425.0 841.0 469.0
face 1.00 174.0 384.0 203.0 423.0
face 1.00 858.0 437.0 893.0 481.0
face 1.00 74.0 416.0 109.0 458.0
face 0.91 737.0 344.0 766.0 383.0
face 0.71 317.0 635.0 331.0 653.0
face 0.50 620.0 374.0 632.0 388.0
face 0.46 581.0 667.0 598.0 682.0
face 0.46 801.0 534.0 816.0 550.0
face 0.45 223.0 630.0 234.0 643.0
face 0.45 36.0 628.0 51.0 648.0
face 0.43 141.0 481.0 157.0 503.0
face 0.43 815.0 517.0 826.0 531.0
face 0.42 973.0 284.0 989.0 304.0
face 0.40 214.0 660.0 229.0 679.0
face 0.40 240.0 635.0 250.0 648.0
face 0.39 820.0 627.0 835.0 644.0
face 0.38 796.0 140.0 814.0 162.0
face 0.38 200.0 471.0 211.0 484.0
face 0.38 666.0 154.0 689.0 182.0
face 0.38 861.0 667.0 877.0 681.0
face 0.37 822.0 541.0 837.0 557.0
face 0.37 233.0 654.0 243.0 666.0
face 0.37 882.0 539.0 898.0 556.0
face 0.36 306.0 631.0 317.0 645.0
face 0.36 398.0 668.0 411.0 681.0
face 0.36 216.0 648.0 228.0 662.0
face 0.36 599.0 647.0 610.0 660.0
face 0.36 151.0 661.0 162.0 675.0
face 0.36 326.0 622.0 337.0 634.0
face 0.36 69.0 639.0 80.0 650.0
face 0.36 973.0 478.0 983.0 491.0
face 0.36 206.0 645.0 216.0 657.0
face 0.36 870.0 607.0 881.0 619.0
face 0.36 245.0 636.0 257.0 648.0
face 0.35 95.0 638.0 105.0 650.0
face 0.35 983.0 495.0 994.0 509.0
face 0.35 230.0 634.0 243.0 650.0
face 0.35 200.0 646.0 211.0 658.0
face 0.35 232.0 648.0 242.0 660.0
face 0.35 188.0 180.0 202.0 198.0
face 0.35 253.0 635.0 266.0 649.0
face 0.35 143.0 671.0 155.0 682.0
face 0.35 460.0 20.0 476.0 39.0
face 0.35 63.0 631.0 73.0 643.0
face 0.35 773.0 564.0 785.0 578.0
face 0.35 743.0 581.0 754.0 594.0
face 0.35 865.0 605.0 874.0 617.0
