face 1.00 325.0 276.0 408.0 385.0
face 1.00 165.0 243.0 229.0 325.0
face 1.00 558.0 231.0 626.0 307.0
face 0.99 725.0 101.0 970.0 355.0
face 0.95 433.0 273.0 508.0 367.0
face 0.90 75.0 479.0 112.0 525.0
face 0.60 655.0 372.0 712.0 443.0
face 0.42 451.0 317.0 491.0 362.0
face 0.42 65.0 505.0 81.0 526.0
face 0.39 773.0 473.0 790.0 496.0
face 0.38 498.0 58.0 612.0 192.0
face 0.38 820.0 545.0 837.0 564.0
face 0.38 58.0 544.0 72.0 562.0
face 0.38 790.0 248.0 882.0 343.0
face 0.36 989.0 689.0 1005.0 707.0
face 0.36 586.0 235.0 616.0 270.0
face 0.36 128.0 405.0 143.0 421.0
face 0.36 890.0 549.0 911.0 574.0
face 0.35 780.0 466.0 811.0 503.0
