face 1.00 289.0 165.0 326.0 206.0
face 0.98 188.0 139.0 217.0 172.0
face 0.76 420.0 96.0 460.0 139.0
face 0.57 71.0 301.0 86.0 319.0
face 0.55 301.0 266.0 318.0 288.0
face 0.46 199.0 101.0 215.0 120.0
face 0.44 222.0 261.0 233.0 275.0
face 0.44 312.0 309.0 338.0 341.0
face 0.44 92.0 306.0 107.0 325.0
face 0.42 51.0 118.0 91.0 160.0
face 0.42 480.0 401.0 507.0 437.0
face 0.40 76.0 413.0 98.0 444.0
face 0.40 351.0 394.0 376.0 423.0
face 0.40 330.0 243.0 347.0 262.0
face 0.39 97.0 315.0 123.0 345.0
face 0.39 414.0 286.0 425.0 299.0
face 0.39 406.0 128.0 421.0 147.0
face 0.38 116.0 442.0 132.0 463.0
face 0.38 126.0 191.0 143.0 212.0
face 0.38 390.0 148.0 406.0 168.0
face 0.38 457.0 191.0 471.0 210.0
face 0.37 118.0 296.0 134.0 318.0
face 0.37 501.0 175.0 512.0 188.0
face 0.37 387.0 253.0 400.0 271.0
face 0.37 180.0 127.0 193.0 142.0
face 0.36 104.0 365.0 114.0 377.0
face 0.36 93.0 96.0 109.0 119.0
face 0.36 96.0 67.0 109.0 82.0
face 0.36 37.0 285.0 49.0 299.0
face 0.36 254.0 254.0 265.0 267.0
face 0.36 428.0 200.0 441.0 219.0
face 0.36 111.0 350.0 121.0 361.0
face 0.36 62.0 435.0 73.0 449.0
face 0.36 36.0 301.0 51.0 318.0
face 0.36 63.0 309.0 74.0 322.0
face 0.36 84.0 380.0 99.0 396.0
face 0.36 77.0 308.0 89.0 322.0
face 0.36 53.0 283.0 68.0 299.0
face 0.36 61.0 271.0 73.0 284.0
face 0.36 62.0 293.0 74.0 307.0
face 0.36 112.0 414.0 123.0 428.0
face 0.36 71.0 295.0 82.0 308.0
face 0.36 428.0 335.0 442.0 355.0
face 0.36 141.0 219.0 154.0 235.0
face 0.35 407.0 294.0 430.0 322.0
face 0.35 112.0 445.0 124.0 460.0
face 0.35 54.0 292.0 66.0 306.0
face 0.35 117.0 350.0 132.0 367.0
face 0.35 110.0 358.0 120.0 371.0
face 0.35 375.0 236.0 386.0 250.0
face 0.35 383.0 238.0 393.0 250.0
face 0.35 112.0 397.0 121.0 409.0
face 0.35 413.0 327.0 425.0 341.0
face 0.35 421.0 302.0 431.0 315.0
face 0.35 86.0 333.0 98.0 346.0
face 0.35 471.0 301.0 482.0 316.0
face 0.35 148.0 202.0 162.0 220.0
face 0.35 423.0 294.0 433.0 307.0
face 0.35 47.0 295.0 57.0 306.0
face 0.35 64.0 303.0 74.0 315.0
face 0.35 55.0 303.0 65.0 314.0
face 0.35 79.0 318.0 90.0 330.0
face 0.35 405.0 246.0 417.0 259.0
face 0.35 157.0 327.0 173.0 347.0
