face 1.00 582.0 26.0 622.0 80.0
face 1.00 849.0 86.0 909.0 160.0
face 1.00 217.0 242.0 275.0 310.0
face 1.00 354.0 43.0 409.0 114.0
face 1.00 296.0 7.0 340.0 63.0
face 1.00 437.0 233.0 497.0 314.0
face 1.00 490.0 1.0 539.0 59.0
face 1.00 224.0 62.0 280.0 127.0
face 1.00 708.0 74.0 759.0 134.0
face 1.00 571.0 202.0 635.0 284.0
face 1.00 649.0 65.0 695.0 119.0
face 1.00 438.0 72.0 489.0 132.0
face 1.00 134.0 8.0 187.0 64.0
face 1.00 668.0 267.0 734.0 350.0
face 0.99 981.0 27.0 1000.0 54.0
face 0.98 593.0 93.0 648.0 163.0
face 0.98 517.0 83.0 572.0 145.0
face 0.98 105.0 294.0 167.0 362.0
face 0.94 699.0 155.0 755.0 227.0
face 0.86 323.0 218.0 383.0 299.0
face 0.84 1.0 69.0 31.0 141.0
face 0.54 1000.0 126.0 1024.0 174.0
face 0.54 52.0 79.0 113.0 144.0
face 0.42 478.0 49.0 497.0 73.0
face 0.39 219.0 150.0 244.0 180.0
face 0.39 308.0 107.0 324.0 126.0
face 0.37 43.0 44.0 58.0 62.0
face 0.36 318.0 114.0 330.0 128.0
face 0.36 695.0 173.0 727.0 210.0
face 0.35 860.0 44.0 878.0 65.0
face 0.35 759.0 45.0 770.0 58.0
face 0.35 749.0 44.0 763.0 60.0
