face 1.00 695.0 177.0 735.0 229.0
face 1.00 217.0 84.0 259.0 138.0
face 1.00 826.0 70.0 867.0 124.0
face 1.00 534.0 140.0 572.0 187.0
face 1.00 407.0 142.0 444.0 186.0
face 1.00 489.0 245.0 529.0 297.0
face 1.00 617.0 242.0 656.0 293.0
face 1.00 286.0 194.0 328.0 246.0
face 1.00 304.0 116.0 342.0 166.0
face 1.00 648.0 106.0 682.0 149.0
face 0.97 379.0 244.0 421.0 300.0
face 0.54 650.0 327.0 674.0 355.0
face 0.40 531.0 536.0 549.0 556.0
face 0.39 632.0 185.0 659.0 220.0
face 0.35 324.0 403.0 354.0 437.0
