face 1.00 580.0 235.0 605.0 267.0
face 1.00 358.0 289.0 387.0 325.0
face 1.00 91.0 181.0 145.0 252.0
face 0.99 488.0 248.0 513.0 277.0
face 0.84 412.0 258.0 435.0 286.0
face 0.82 415.0 351.0 446.0 393.0
face 0.79 643.0 227.0 660.0 248.0
face 0.78 -1.0 318.0 21.0 352.0
face 0.70 724.0 234.0 743.0 258.0
face 0.63 463.0 269.0 475.0 284.0
face 0.59 824.0 231.0 891.0 316.0
face 0.47 278.0 244.0 311.0 286.0
face 0.44 566.0 437.0 577.0 451.0
face 0.44 281.0 352.0 318.0 397.0
face 0.43 20.0 231.0 38.0 254.0
face 0.38 351.0 550.0 375.0 577.0
face 0.38 735.0 272.0 776.0 320.0
face 0.36 845.0 235.0 859.0 255.0
face 0.36 703.0 323.0 723.0 353.0
face 0.36 74.0 189.0 87.0 204.0
face 0.35 575.0 484.0 586.0 498.0
