face 1.00 759.0 183.0 783.0 213.0
face 1.00 452.0 211.0 475.0 241.0
face 0.99 21.0 209.0 51.0 251.0
face 0.96 196.0 186.0 220.0 216.0
face 0.95 807.0 168.0 838.0 210.0
face 0.91 974.0 219.0 1001.0 249.0
face 0.88 522.0 187.0 547.0 217.0
face 0.80 877.0 268.0 897.0 292.0
face 0.73 164.0 243.0 181.0 268.0
face 0.72 240.0 191.0 268.0 233.0
face 0.68 659.0 200.0 703.0 247.0
face 0.64 606.0 135.0 634.0 173.0
face 0.58 1000.0 172.0 1024.0 204.0
face 0.49 865.0 238.0 885.0 266.0
face 0.44 1014.0 286.0 1024.0 301.0
face 0.44 768.0 230.0 781.0 247.0
face 0.38 123.0 190.0 138.0 212.0
face 0.38 182.0 398.0 196.0 415.0
face 0.37 551.0 167.0 562.0 181.0
face 0.37 751.0 322.0 763.0 337.0
face 0.37 829.0 393.0 843.0 410.0
face 0.36 210.0 397.0 225.0 413.0
face 0.35 123.0 197.0 147.0 231.0
