face 1.00 923.0 316.0 959.0 365.0
face 1.00 257.0 112.0 296.0 160.0
face 1.00 786.0 118.0 822.0 166.0
face 1.00 148.0 231.0 183.0 274.0
face 1.00 790.0 453.0 825.0 495.0
face 1.00 701.0 205.0 734.0 248.0
face 1.00 853.0 245.0 890.0 288.0
face 1.00 362.0 261.0 396.0 303.0
face 1.00 791.0 198.0 826.0 237.0
face 0.99 487.0 262.0 524.0 305.0
face 0.99 744.0 323.0 774.0 358.0
face 0.99 721.0 452.0 757.0 492.0
face 0.99 365.0 153.0 398.0 194.0
face 0.99 86.0 301.0 120.0 342.0
face 0.98 181.0 308.0 219.0 351.0
face 0.98 264.0 240.0 297.0 279.0
face 0.98 258.0 316.0 294.0 363.0
face 0.98 579.0 253.0 614.0 299.0
face 0.98 187.0 483.0 223.0 522.0
face 0.96 578.0 141.0 610.0 185.0
face 0.96 698.0 159.0 738.0 206.0
face 0.96 457.0 475.0 494.0 519.0
face 0.96 147.0 175.0 179.0 215.0
face 0.94 317.0 457.0 354.0 499.0
face 0.93 395.0 253.0 429.0 291.0
face 0.92 544.0 483.0 580.0 524.0
face 0.92 862.0 152.0 895.0 194.0
face 0.91 640.0 484.0 675.0 525.0
face 0.91 447.0 236.0 481.0 277.0
face 0.90 727.0 249.0 758.0 287.0
face 0.87 529.0 217.0 564.0 259.0
face 0.83 235.0 276.0 269.0 318.0
face 0.78 973.0 484.0 988.0 504.0
face 0.74 373.0 325.0 402.0 359.0
face 0.67 471.0 150.0 503.0 190.0
face 0.65 587.0 216.0 614.0 245.0
face 0.63 717.0 153.0 735.0 175.0
face 0.56 615.0 237.0 641.0 270.0
face 0.56 672.0 277.0 704.0 317.0
face 0.46 664.0 583.0 697.0 620.0
face 0.45 784.0 351.0 795.0 364.0
face 0.41 390.0 373.0 400.0 385.0
face 0.40 956.0 741.0 973.0 761.0
face 0.40 512.0 199.0 522.0 211.0
face 0.38 213.0 550.0 230.0 571.0
face 0.38 394.0 392.0 408.0 410.0
face 0.37 193.0 201.0 210.0 221.0
face 0.36 125.0 193.0 138.0 210.0
face 0.35 340.0 519.0 352.0 534.0
face 0.35 306.0 347.0 326.0 370.0
face 0.35 79.0 614.0 90.0 628.0
face 0.35 765.0 365.0 777.0 380.0
