face 1.00 904.0 136.0 949.0 191.0
face 1.00 370.0 100.0 416.0 165.0
face 1.00 521.0 141.0 578.0 206.0
face 1.00 113.0 140.0 166.0 203.0
face 1.00 3.0 80.0 37.0 123.0
face 1.00 757.0 151.0 798.0 210.0
face 0.99 824.0 153.0 860.0 207.0
face 0.99 575.0 126.0 621.0 182.0
face 0.99 646.0 84.0 678.0 125.0
face 0.90 530.0 293.0 596.0 362.0
face 0.64 354.0 117.0 370.0 138.0
face 0.58 120.0 215.0 154.0 255.0
face 0.52 221.0 309.0 245.0 343.0
face 0.48 1004.0 293.0 1020.0 313.0
face 0.44 450.0 529.0 468.0 550.0
face 0.43 740.0 284.0 781.0 348.0
face 0.42 125.0 260.0 150.0 292.0
face 0.42 519.0 245.0 528.0 256.0
face 0.42 971.0 245.0 993.0 277.0
face 0.41 142.0 349.0 153.0 363.0
face 0.41 183.0 17.0 194.0 28.0
face 0.40 758.0 186.0 769.0 202.0
face 0.40 603.0 184.0 619.0 206.0
face 0.39 962.0 202.0 981.0 225.0
face 0.38 98.0 334.0 140.0 377.0
face 0.37 92.0 340.0 109.0 362.0
face 0.37 212.0 373.0 224.0 387.0
face 0.37 455.0 499.0 469.0 516.0
face 0.36 643.0 372.0 657.0 392.0
face 0.36 159.0 350.0 169.0 363.0
face 0.36 408.0 504.0 440.0 541.0
face 0.36 653.0 195.0 668.0 214.0
face 0.36 622.0 354.0 633.0 369.0
face 0.35 789.0 139.0 842.0 215.0
face 0.35 622.0 135.0 633.0 148.0
face 0.35 508.0 258.0 523.0 277.0
face 0.35 603.0 313.0 637.0 349.0
face 0.35 575.0 261.0 584.0 273.0
face 0.35 291.0 5.0 305.0 20.0
face 0.35 527.0 261.0 537.0 273.0
face 0.35 629.0 130.0 646.0 150.0
face 0.35 607.0 156.0 619.0 172.0
face 0.35 608.0 134.0 630.0 162.0
