face 1.00 491.0 139.0 537.0 196.0
face 0.96 854.0 67.0 885.0 122.0
face 0.96 634.0 173.0 688.0 243.0
face 0.81 174.0 412.0 187.0 427.0
face 0.69 214.0 412.0 224.0 425.0
face 0.66 158.0 412.0 171.0 427.0
face 0.53 525.0 262.0 535.0 274.0
face 0.53 190.0 392.0 201.0 406.0
face 0.51 234.0 392.0 244.0 403.0
face 0.49 668.0 175.0 721.0 245.0
face 0.38 278.0 410.0 288.0 422.0
face 0.38 707.0 431.0 719.0 446.0
face 0.37 702.0 524.0 713.0 538.0
face 0.37 589.0 313.0 607.0 334.0
face 0.37 167.0 406.0 177.0 418.0
face 0.37 231.0 406.0 239.0 417.0
face 0.37 222.0 406.0 234.0 419.0
face 0.36 200.0 408.0 209.0 419.0
face 0.36 726.0 595.0 739.0 612.0
face 0.36 174.0 398.0 184.0 410.0
face 0.36 127.0 415.0 136.0 425.0
face 0.36 287.0 407.0 298.0 420.0
face 0.36 265.0 408.0 275.0 420.0
face 0.36 111.0 407.0 121.0 418.0
face 0.36 101.0 396.0 112.0 409.0
face 0.36 240.0 409.0 250.0 420.0
face 0.35 214.0 397.0 224.0 408.0
face 0.35 101.0 415.0 111.0 427.0
face 0.35 183.0 407.0 192.0 419.0
face 0.35 735.0 440.0 745.0 452.0
face 0.35 293.0 406.0 304.0 419.0
face 0.35 255.0 430.0 266.0 443.0
face 0.35 103.0 406.0 113.0 418.0
face 0.35 297.0 398.0 306.0 409.0
face 0.35 208.0 406.0 217.0 418.0
face 0.35 271.0 408.0 282.0 420.0
