face 1.00 563.0 156.0 604.0 210.0
face 1.00 906.0 190.0 955.0 246.0
face 1.00 276.0 178.0 291.0 197.0
face 1.00 198.0 187.0 245.0 252.0
face 1.00 757.0 167.0 776.0 191.0
face 1.00 67.0 203.0 90.0 230.0
face 0.99 802.0 160.0 821.0 185.0
face 0.99 847.0 130.0 869.0 156.0
face 0.98 652.0 155.0 671.0 180.0
face 0.92 357.0 231.0 378.0 261.0
face 0.88 635.0 166.0 647.0 180.0
face 0.75 714.0 155.0 732.0 177.0
face 0.71 978.0 158.0 997.0 183.0
face 0.71 280.0 229.0 293.0 246.0
face 0.70 815.0 186.0 830.0 204.0
face 0.67 384.0 158.0 398.0 175.0
face 0.66 734.0 159.0 749.0 178.0
face 0.64 349.0 181.0 361.0 195.0
face 0.58 299.0 169.0 314.0 186.0
face 0.54 693.0 175.0 703.0 187.0
face 0.54 256.0 222.0 277.0 248.0
face 0.53 968.0 177.0 983.0 197.0
face 0.52 399.0 196.0 411.0 211.0
face 0.49 311.0 223.0 322.0 237.0
face 0.44 9.0 248.0 32.0 279.0
face 0.44 292.0 221.0 307.0 239.0
face 0.41 352.0 168.0 363.0 181.0
face 0.41 137.0 226.0 151.0 244.0
face 0.39 254.0 208.0 271.0 230.0
face 0.38 352.0 175.0 363.0 188.0
face 0.38 439.0 202.0 451.0 217.0
face 0.38 48.0 289.0 60.0 306.0
face 0.38 562.0 377.0 608.0 435.0
face 0.38 996.0 156.0 1009.0 174.0
face 0.37 106.0 204.0 130.0 234.0
face 0.37 47.0 184.0 57.0 196.0
face 0.37 742.0 150.0 753.0 166.0
face 0.37 846.0 180.0 856.0 192.0
face 0.36 5.0 270.0 41.0 324.0
face 0.36 621.0 587.0 635.0 605.0
face 0.36 613.0 582.0 625.0 597.0
face 0.36 366.0 189.0 377.0 203.0
face 0.36 359.0 190.0 370.0 204.0
face 0.36 6.0 281.0 68.0 385.0
face 0.36 487.0 229.0 501.0 247.0
face 0.36 735.0 151.0 746.0 165.0
face 0.35 839.0 198.0 849.0 210.0
face 0.35 311.0 158.0 320.0 169.0
face 0.35 610.0 581.0 620.0 593.0
face 0.35 439.0 371.0 450.0 383.0
face 0.35 717.0 121.0 731.0 139.0
face 0.35 357.0 173.0 367.0 185.0
face 0.35 367.0 183.0 378.0 196.0
face 0.35 625.0 166.0 634.0 177.0
face 0.35 307.0 165.0 320.0 182.0
face 0.35 510.0 190.0 520.0 201.0
