face 1.00 300.0 159.0 352.0 230.0
face 1.00 675.0 454.0 724.0 521.0
face 0.95 520.0 599.0 573.0 672.0
face 0.62 922.0 977.0 945.0 1003.0
face 0.55 390.0 1202.0 406.0 1223.0
face 0.55 754.0 630.0 781.0 666.0
face 0.51 89.0 1132.0 112.0 1160.0
face 0.51 73.0 1113.0 89.0 1134.0
face 0.50 822.0 1088.0 838.0 1106.0
face 0.49 831.0 580.0 856.0 612.0
face 0.44 220.0 303.0 247.0 334.0
face 0.43 518.0 1214.0 532.0 1230.0
face 0.42 468.0 1223.0 482.0 1239.0
face 0.42 746.0 1109.0 762.0 1128.0
face 0.40 377.0 1188.0 394.0 1206.0
face 0.40 419.0 906.0 456.0 953.0
face 0.40 828.0 71.0 855.0 101.0
face 0.39 358.0 1248.0 368.0 1260.0
face 0.39 699.0 1142.0 713.0 1159.0
face 0.38 184.0 1239.0 198.0 1254.0
face 0.38 645.0 862.0 661.0 882.0
face 0.37 285.0 1084.0 310.0 1118.0
face 0.37 863.0 930.0 888.0 960.0
face 0.37 309.0 1230.0 320.0 1242.0
face 0.36 957.0 1038.0 967.0 1051.0
face 0.36 685.0 1166.0 696.0 1180.0
face 0.36 382.0 1247.0 392.0 1259.0
face 0.36 269.0 1210.0 283.0 1227.0
face 0.36 581.0 1223.0 592.0 1236.0
face 0.36 278.0 1179.0 291.0 1195.0
face 0.36 285.0 1180.0 300.0 1197.0
face 0.36 966.0 1038.0 977.0 1052.0
face 0.36 950.0 1051.0 963.0 1066.0
face 0.36 693.0 1173.0 706.0 1187.0
face 0.36 279.0 1207.0 289.0 1219.0
face 0.36 436.0 1259.0 452.0 1277.0
face 0.36 405.0 1261.0 421.0 1279.0
face 0.36 572.0 721.0 587.0 740.0
face 0.36 765.0 18.0 781.0 39.0
face 0.36 503.0 1221.0 514.0 1234.0
face 0.36 463.0 1205.0 474.0 1219.0
face 0.36 556.0 1200.0 571.0 1218.0
face 0.36 95.0 1117.0 106.0 1130.0
face 0.36 358.0 1239.0 368.0 1251.0
face 0.36 208.0 1231.0 218.0 1243.0
face 0.36 535.0 1208.0 544.0 1219.0
face 0.36 511.0 719.0 521.0 731.0
face 0.36 231.0 1230.0 242.0 1242.0
face 0.35 270.0 1199.0 281.0 1211.0
face 0.35 534.0 1214.0 544.0 1225.0
face 0.35 327.0 1230.0 338.0 1243.0
face 0.35 376.0 1245.0 387.0 1258.0
face 0.35 597.0 1215.0 608.0 1226.0
face 0.35 782.0 1127.0 795.0 1142.0
face 0.35 784.0 948.0 795.0 963.0
face 0.35 375.0 1195.0 387.0 1208.0
face 0.35 454.0 1202.0 467.0 1218.0
face 0.35 374.0 1239.0 385.0 1251.0
face 0.35 279.0 1231.0 290.0 1243.0
face 0.35 591.0 1227.0 603.0 1243.0
face 0.35 527.0 1221.0 538.0 1234.0
face 0.35 369.0 1237.0 378.0 1248.0
face 0.35 512.0 764.0 523.0 778.0
face 0.35 512.0 1214.0 523.0 1228.0
face 0.35 526.0 1207.0 537.0 1220.0
face 0.35 536.0 760.0 550.0 778.0
face 0.35 815.0 1087.0 825.0 1099.0
face 0.35 615.0 1157.0 627.0 1171.0
face 0.35 519.0 1166.0 531.0 1179.0
face 0.35 362.0 313.0 379.0 334.0
face 0.35 766.0 1102.0 777.0 1115.0
face 0.35 350.0 1198.0 362.0 1212.0
face 0.35 350.0 1232.0 362.0 1244.0
face 0.35 213.0 98.0 230.0 119.0
face 0.35 567.0 1228.0 578.0 1241.0
face 0.35 190.0 109.0 201.0 122.0
face 0.35 302.0 1247.0 312.0 1259.0
face 0.35 487.0 1212.0 499.0 1225.0
face 0.35 958.0 1033.0 968.0 1044.0
face 0.35 271.0 1231.0 281.0 1243.0
face 0.35 406.0 1246.0 417.0 1259.0
face 0.35 565.0 717.0 580.0 733.0
face 0.35 607.0 1167.0 618.0 1180.0
face 0.35 222.0 341.0 232.0 354.0
face 0.35 416.0 957.0 428.0 970.0
face 0.35 420.0 1260.0 436.0 1278.0
