face 1.00 548.0 193.0 579.0 233.0
face 1.00 187.0 382.0 228.0 433.0
face 1.00 78.0 210.0 125.0 270.0
face 1.00 838.0 194.0 875.0 241.0
face 1.00 509.0 207.0 545.0 249.0
face 1.00 717.0 375.0 757.0 422.0
face 1.00 470.0 377.0 506.0 423.0
face 1.00 410.0 206.0 441.0 243.0
face 1.00 385.0 315.0 422.0 364.0
face 1.00 233.0 176.0 266.0 222.0
face 1.00 758.0 200.0 792.0 244.0
face 1.00 545.0 295.0 581.0 343.0
face 1.00 635.0 312.0 670.0 359.0
face 1.00 297.0 326.0 332.0 368.0
face 1.00 589.0 207.0 623.0 250.0
face 1.00 466.0 201.0 497.0 240.0
face 1.00 346.0 216.0 377.0 256.0
face 1.00 701.0 195.0 732.0 236.0
face 1.00 161.0 202.0 197.0 248.0
face 1.00 644.0 218.0 676.0 257.0
face 1.00 432.0 240.0 465.0 281.0
face 1.00 615.0 184.0 644.0 216.0
face 0.91 302.0 203.0 334.0 244.0
face 0.80 227.0 360.0 248.0 387.0
face 0.69 732.0 182.0 748.0 202.0
face 0.59 147.0 388.0 168.0 417.0
face 0.54 400.0 538.0 413.0 554.0
face 0.45 741.0 64.0 755.0 80.0
face 0.45 916.0 207.0 928.0 221.0
face 0.39 935.0 522.0 954.0 544.0
face 0.38 209.0 553.0 226.0 573.0
face 0.38 386.0 161.0 416.0 201.0
face 0.37 230.0 358.0 242.0 373.0
face 0.37 238.0 341.0 249.0 355.0
face 0.36 223.0 350.0 235.0 363.0
face 0.36 253.0 358.0 265.0 372.0
face 0.36 62.0 590.0 72.0 604.0
face 0.36 247.0 341.0 258.0 355.0
face 0.36 232.0 343.0 243.0 356.0
face 0.36 39.0 522.0 53.0 540.0
face 0.36 904.0 204.0 914.0 217.0
face 0.36 214.0 341.0 224.0 353.0
face 0.36 902.0 183.0 914.0 198.0
face 0.35 895.0 182.0 906.0 196.0
face 0.35 230.0 350.0 242.0 363.0
face 0.35 719.0 175.0 730.0 189.0
face 0.35 590.0 188.0 601.0 202.0
face 0.35 262.0 358.0 273.0 372.0
face 0.35 942.0 493.0 953.0 506.0
face 0.35 934.0 508.0 945.0 521.0
face 0.35 933.0 502.0 944.0 514.0
