face 1.00 448.0 200.0 482.0 242.0
face 1.00 530.0 191.0 573.0 249.0
face 1.00 368.0 230.0 407.0 287.0
face 1.00 5.0 161.0 35.0 195.0
face 1.00 261.0 154.0 290.0 187.0
face 1.00 977.0 200.0 999.0 227.0
face 0.98 343.0 167.0 377.0 204.0
face 0.94 632.0 216.0 668.0 259.0
face 0.92 109.0 141.0 137.0 175.0
face 0.77 217.0 203.0 257.0 250.0
face 0.70 158.0 156.0 176.0 178.0
face 0.63 649.0 337.0 670.0 361.0
face 0.61 917.0 73.0 930.0 89.0
face 0.52 678.0 240.0 720.0 294.0
face 0.48 934.0 80.0 944.0 91.0
face 0.43 924.0 78.0 938.0 92.0
face 0.41 496.0 232.0 515.0 253.0
face 0.41 647.0 634.0 662.0 652.0
face 0.41 747.0 100.0 761.0 117.0
face 0.40 681.0 293.0 698.0 313.0
face 0.38 501.0 71.0 511.0 84.0
face 0.38 554.0 215.0 570.0 233.0
face 0.37 600.0 260.0 623.0 287.0
face 0.37 882.0 67.0 896.0 82.0
face 0.36 910.0 85.0 921.0 98.0
face 0.36 932.0 52.0 946.0 67.0
face 0.36 742.0 167.0 753.0 180.0
face 0.36 278.0 437.0 331.0 496.0
face 0.36 866.0 43.0 883.0 64.0
face 0.36 928.0 61.0 938.0 73.0
face 0.36 625.0 220.0 639.0 239.0
face 0.36 913.0 77.0 924.0 91.0
face 0.36 331.0 58.0 345.0 76.0
face 0.36 759.0 102.0 770.0 114.0
face 0.36 486.0 69.0 496.0 81.0
face 0.35 902.0 54.0 912.0 65.0
face 0.35 830.0 45.0 841.0 58.0
face 0.35 911.0 62.0 921.0 74.0
face 0.35 767.0 117.0 777.0 129.0
face 0.35 811.0 69.0 825.0 85.0
face 0.35 510.0 174.0 520.0 185.0
face 0.35 602.0 53.0 616.0 69.0
face 0.35 935.0 72.0 945.0 84.0
face 0.35 957.0 331.0 971.0 347.0
face 0.35 960.0 70.0 971.0 83.0
face 0.35 512.0 47.0 522.0 59.0
