face 1.00 282.0 38.0 322.0 95.0
face 1.00 157.0 10.0 199.0 65.0
face 1.00 58.0 40.0 102.0 104.0
face 1.00 191.0 94.0 238.0 156.0
face 1.00 955.0 74.0 984.0 111.0
face 1.00 668.0 28.0 687.0 54.0
face 1.00 555.0 24.0 579.0 54.0
face 1.00 467.0 22.0 486.0 47.0
face 0.99 772.0 96.0 800.0 131.0
face 0.87 867.0 71.0 894.0 102.0
face 0.79 739.0 33.0 753.0 52.0
face 0.72 426.0 66.0 446.0 90.0
face 0.39 437.0 198.0 451.0 216.0
face 0.38 464.0 68.0 479.0 87.0
face 0.37 454.0 51.0 465.0 64.0
face 0.37 767.0 83.0 781.0 100.0
face 0.35 343.0 245.0 368.0 271.0
face 0.35 438.0 62.0 449.0 76.0
