face 1.00 936.0 455.0 961.0 486.0
face 0.88 68.0 312.0 80.0 326.0
face 0.85 575.0 394.0 604.0 436.0
face 0.81 629.0 350.0 644.0 369.0
face 0.81 739.0 381.0 757.0 402.0
face 0.80 142.0 390.0 166.0 420.0
face 0.72 397.0 390.0 414.0 412.0
face 0.72 974.0 510.0 1000.0 542.0
face 0.67 894.0 285.0 906.0 301.0
face 0.58 341.0 699.0 351.0 713.0
face 0.57 569.0 371.0 589.0 394.0
face 0.55 422.0 391.0 444.0 419.0
face 0.54 575.0 339.0 588.0 356.0
face 0.54 230.0 367.0 247.0 388.0
face 0.53 8.0 682.0 30.0 712.0
face 0.53 769.0 357.0 785.0 378.0
face 0.53 152.0 331.0 175.0 364.0
face 0.52 95.0 635.0 117.0 662.0
face 0.52 600.0 454.0 612.0 468.0
face 0.47 393.0 317.0 406.0 335.0
face 0.47 350.0 684.0 360.0 696.0
face 0.47 794.0 559.0 813.0 581.0
face 0.46 317.0 382.0 342.0 410.0
face 0.46 740.0 294.0 755.0 310.0
face 0.43 1.0 668.0 12.0 685.0
face 0.43 705.0 711.0 730.0 742.0
face 0.43 11.0 363.0 35.0 395.0
face 0.43 100.0 373.0 115.0 391.0
face 0.42 238.0 700.0 252.0 716.0
face 0.41 641.0 717.0 653.0 731.0
face 0.41 183.0 362.0 209.0 397.0
face 0.39 228.0 394.0 244.0 418.0
face 0.39 397.0 743.0 413.0 766.0
face 0.39 447.0 390.0 466.0 415.0
face 0.39 343.0 679.0 356.0 695.0
face 0.39 388.0 694.0 404.0 713.0
face 0.39 302.0 328.0 329.0 360.0
face 0.39 634.0 354.0 650.0 376.0
face 0.39 832.0 294.0 846.0 309.0
face 0.38 12.0 312.0 29.0 334.0
face 0.38 233.0 592.0 258.0 624.0
face 0.38 356.0 702.0 366.0 714.0
face 0.38 904.0 312.0 933.0 344.0
face 0.38 311.0 701.0 321.0 714.0
face 0.38 429.0 384.0 440.0 397.0
face 0.37 335.0 685.0 346.0 696.0
face 0.37 804.0 513.0 819.0 531.0
face 0.37 205.0 387.0 219.0 406.0
face 0.37 357.0 678.0 370.0 693.0
face 0.37 2.0 558.0 23.0 593.0
face 0.37 818.0 306.0 834.0 327.0
face 0.37 358.0 696.0 369.0 709.0
face 0.37 956.0 435.0 970.0 453.0
face 0.37 787.0 412.0 809.0 440.0
face 0.37 342.0 707.0 352.0 720.0
face 0.37 397.0 720.0 409.0 733.0
face 0.37 246.0 671.0 257.0 684.0
face 0.36 223.0 295.0 233.0 307.0
face 0.36 302.0 397.0 312.0 408.0
face 0.36 326.0 701.0 337.0 713.0
face 0.36 663.0 440.0 674.0 453.0
face 0.36 375.0 702.0 386.0 714.0
face 0.36 895.0 635.0 911.0 654.0
face 0.36 328.0 646.0 338.0 659.0
face 0.36 217.0 335.0 226.0 346.0
face 0.36 277.0 323.0 289.0 338.0
face 0.36 352.0 693.0 362.0 707.0
face 0.36 365.0 676.0 378.0 693.0
face 0.36 564.0 715.0 579.0 734.0
face 0.36 731.0 356.0 748.0 374.0
face 0.36 376.0 695.0 387.0 708.0
face 0.36 611.0 740.0 627.0 761.0
face 0.36 308.0 326.0 322.0 344.0
face 0.36 317.0 697.0 330.0 713.0
face 0.36 887.0 451.0 900.0 469.0
face 0.36 304.0 325.0 315.0 339.0
face 0.36 339.0 661.0 354.0 677.0
face 0.36 934.0 380.0 948.0 397.0
face 0.36 382.0 695.0 393.0 709.0
face 0.36 916.0 450.0 929.0 467.0
face 0.36 375.0 686.0 385.0 698.0
face 0.36 375.0 709.0 386.0 722.0
face 0.36 94.0 297.0 107.0 314.0
face 0.36 335.0 371.0 348.0 388.0
face 0.36 230.0 391.0 242.0 405.0
face 0.36 406.0 701.0 417.0 714.0
face 0.36 336.0 669.0 346.0 681.0
face 0.36 303.0 318.0 315.0 332.0
face 0.36 254.0 676.0 266.0 690.0
face 0.36 966.0 416.0 980.0 436.0
face 0.36 303.0 334.0 314.0 348.0
face 0.36 -1.0 305.0 11.0 325.0
face 0.36 895.0 421.0 905.0 433.0
face 0.36 282.0 356.0 297.0 374.0
face 0.36 214.0 318.0 224.0 330.0
face 0.35 862.0 565.0 877.0 582.0
face 0.35 230.0 301.0 241.0 314.0
face 0.35 263.0 719.0 273.0 731.0
face 0.35 286.0 350.0 297.0 363.0
face 0.35 353.0 709.0 363.0 721.0
face 0.35 366.0 695.0 376.0 706.0
face 0.35 507.0 610.0 522.0 630.0
face 0.35 84.0 717.0 97.0 731.0
face 0.35 366.0 685.0 377.0 698.0
face 0.35 851.0 494.0 862.0 507.0
face 0.35 718.0 378.0 730.0 394.0
face 0.35 918.0 395.0 932.0 414.0
face 0.35 902.0 424.0 912.0 435.0
face 0.35 661.0 300.0 674.0 315.0
face 0.35 878.0 445.0 890.0 459.0
face 0.35 231.0 351.0 240.0 361.0
face 0.35 73.0 718.0 84.0 731.0
face 0.35 327.0 359.0 338.0 371.0
face 0.35 256.0 659.0 269.0 676.0
face 0.35 328.0 686.0 338.0 696.0
face 0.35 327.0 341.0 336.0 353.0
