face 1.00 448.0 177.0 603.0 395.0
face 0.74 374.0 272.0 395.0 298.0
face 0.57 432.0 360.0 449.0 383.0
face 0.51 427.0 165.0 442.0 184.0
face 0.48 465.0 133.0 478.0 150.0
face 0.43 420.0 307.0 436.0 327.0
face 0.42 452.0 225.0 511.0 284.0
face 0.40 480.0 125.0 494.0 141.0
face 0.40 573.0 126.0 584.0 140.0
face 0.37 384.0 255.0 394.0 267.0
face 0.36 443.0 134.0 459.0 153.0
face 0.36 507.0 595.0 613.0 718.0
face 0.36 389.0 179.0 403.0 195.0
face 0.36 566.0 130.0 579.0 147.0
face 0.36 407.0 190.0 417.0 202.0
face 0.35 430.0 160.0 441.0 173.0
face 0.35 630.0 302.0 641.0 314.0
face 0.35 463.0 127.0 474.0 140.0
