face 1.00 36.0 180.0 148.0 299.0
face 1.00 516.0 131.0 602.0 233.0
face 1.00 238.0 120.0 331.0 231.0
face 1.00 819.0 119.0 914.0 239.0
face 1.00 652.0 110.0 736.0 226.0
face 1.00 358.0 121.0 449.0 256.0
face 0.41 766.0 186.0 798.0 226.0
face 0.39 208.0 684.0 221.0 702.0
face 0.39 2.0 16.0 49.0 74.0
face 0.37 784.0 34.0 808.0 64.0
face 0.36 16.0 118.0 26.0 131.0
face 0.36 655.0 47.0 664.0 57.0
face 0.35 92.0 99.0 108.0 117.0
face 0.35 51.0 123.0 62.0 137.0
face 0.35 672.0 23.0 681.0 33.0
face 0.35 656.0 40.0 664.0 50.0
face 0.35 639.0 54.0 648.0 65.0
face 0.35 70.0 124.0 81.0 137.0
face 0.35 624.0 46.0 633.0 56.0
face 0.35 623.0 78.0 632.0 89.0
face 0.35 288.0 62.0 298.0 73.0
