face 1.00 678.0 321.0 707.0 359.0
face 1.00 129.0 414.0 168.0 467.0
face 1.00 297.0 228.0 324.0 261.0
face 1.00 559.0 204.0 583.0 235.0
face 1.00 934.0 259.0 962.0 293.0
face 1.00 606.0 323.0 633.0 358.0
face 1.00 24.0 437.0 54.0 477.0
face 1.00 636.0 224.0 662.0 259.0
face 1.00 484.0 365.0 518.0 410.0
face 1.00 858.0 251.0 888.0 289.0
face 1.00 973.0 390.0 1005.0 431.0
face 1.00 459.0 233.0 487.0 270.0
face 1.00 765.0 202.0 787.0 230.0
face 1.00 796.0 233.0 821.0 266.0
face 1.00 355.0 228.0 384.0 263.0
face 1.00 393.0 199.0 417.0 228.0
face 1.00 496.0 208.0 522.0 241.0
face 1.00 709.0 247.0 733.0 278.0
face 1.00 162.0 264.0 193.0 304.0
face 1.00 89.0 246.0 116.0 278.0
face 1.00 40.0 265.0 72.0 306.0
face 1.00 118.0 199.0 142.0 233.0
face 1.00 871.0 386.0 903.0 427.0
face 1.00 757.0 369.0 788.0 406.0
face 1.00 330.0 201.0 354.0 232.0
face 1.00 159.0 211.0 187.0 245.0
face 1.00 278.0 262.0 308.0 301.0
face 1.00 765.0 263.0 786.0 288.0
face 1.00 617.0 286.0 644.0 319.0
face 1.00 681.0 235.0 704.0 267.0
face 1.00 260.0 220.0 284.0 250.0
face 1.00 207.0 198.0 231.0 229.0
face 1.00 351.0 422.0 383.0 462.0
face 1.00 0.0 243.0 22.0 276.0
face 1.00 243.0 401.0 277.0 444.0
face 1.00 732.0 234.0 752.0 259.0
face 1.00 590.0 427.0 618.0 459.0
face 1.00 409.0 237.0 436.0 270.0
face 1.00 895.0 241.0 919.0 274.0
face 1.00 31.0 201.0 59.0 238.0
face 1.00 860.0 224.0 881.0 251.0
face 0.93 543.0 333.0 576.0 377.0
face 0.93 658.0 383.0 689.0 425.0
face 0.91 611.0 208.0 636.0 239.0
face 0.91 456.0 203.0 482.0 233.0
face 0.89 212.0 270.0 243.0 307.0
face 0.47 986.0 123.0 1021.0 197.0
face 0.46 972.0 509.0 986.0 525.0
face 0.43 407.0 442.0 435.0 476.0
face 0.42 49.0 62.0 69.0 90.0
face 0.41 200.0 0.0 214.0 17.0
face 0.40 27.0 100.0 42.0 120.0
face 0.39 643.0 191.0 657.0 211.0
face 0.38 788.0 227.0 802.0 243.0
face 0.38 942.0 221.0 952.0 234.0
face 0.37 462.0 210.0 475.0 225.0
face 0.37 782.0 237.0 793.0 250.0
face 0.36 568.0 316.0 591.0 347.0
face 0.36 421.0 212.0 435.0 228.0
face 0.36 630.0 528.0 660.0 560.0
face 0.36 910.0 228.0 922.0 242.0
face 0.36 334.0 330.0 352.0 351.0
face 0.36 956.0 244.0 971.0 262.0
face 0.36 764.0 177.0 780.0 197.0
face 0.36 935.0 238.0 946.0 250.0
face 0.35 782.0 244.0 795.0 260.0
face 0.35 194.0 338.0 208.0 357.0
face 0.35 358.0 214.0 370.0 229.0
face 0.35 895.0 222.0 905.0 233.0
face 0.35 874.0 189.0 888.0 205.0
face 0.35 903.0 222.0 914.0 234.0
