face 1.00 632.0 151.0 706.0 260.0
face 1.00 841.0 93.0 936.0 237.0
face 1.00 402.0 54.0 480.0 179.0
face 0.94 155.0 125.0 236.0 263.0
face 0.66 765.0 402.0 787.0 429.0
face 0.62 53.0 705.0 69.0 725.0
face 0.61 35.0 705.0 52.0 724.0
face 0.44 646.0 273.0 670.0 304.0
face 0.43 151.0 271.0 162.0 285.0
face 0.42 708.0 359.0 732.0 389.0
face 0.39 94.0 701.0 105.0 713.0
face 0.38 807.0 538.0 842.0 580.0
face 0.38 397.0 213.0 410.0 228.0
face 0.37 166.0 276.0 177.0 290.0
face 0.37 170.0 699.0 186.0 718.0
face 0.36 788.0 258.0 805.0 280.0
face 0.36 554.0 808.0 564.0 819.0
face 0.36 797.0 374.0 814.0 394.0
face 0.36 741.0 255.0 768.0 287.0
face 0.36 63.0 703.0 74.0 716.0
face 0.36 636.0 411.0 651.0 430.0
face 0.36 68.0 701.0 81.0 716.0
face 0.36 47.0 737.0 72.0 767.0
face 0.35 758.0 250.0 774.0 270.0
face 0.35 566.0 391.0 577.0 403.0
face 0.35 79.0 711.0 89.0 724.0
face 0.35 598.0 174.0 613.0 196.0
face 0.35 528.0 813.0 539.0 826.0
face 0.35 662.0 490.0 675.0 507.0
face 0.35 759.0 348.0 773.0 362.0
