face 1.00 821.0 166.0 900.0 263.0
face 1.00 296.0 125.0 375.0 229.0
face 0.71 397.0 163.0 450.0 224.0
face 0.58 447.0 468.0 471.0 499.0
face 0.43 785.0 267.0 803.0 287.0
face 0.41 894.0 428.0 905.0 441.0
face 0.41 816.0 396.0 826.0 409.0
face 0.39 705.0 301.0 718.0 316.0
face 0.37 823.0 415.0 832.0 427.0
face 0.37 904.0 309.0 914.0 321.0
face 0.36 698.0 317.0 714.0 334.0
face 0.36 896.0 326.0 906.0 337.0
face 0.35 902.0 326.0 912.0 337.0
face 0.35 879.0 452.0 892.0 468.0
face 0.35 799.0 364.0 810.0 378.0
face 0.35 885.0 302.0 901.0 321.0
face 0.35 829.0 411.0 843.0 426.0
face 0.35 894.0 412.0 906.0 427.0
