face 1.00 190.0 181.0 494.0 505.0
face 0.68 658.0 442.0 672.0 460.0
face 0.59 577.0 499.0 592.0 519.0
face 0.57 855.0 153.0 878.0 182.0
face 0.57 953.0 62.0 976.0 89.0
face 0.56 908.0 94.0 925.0 115.0
face 0.55 759.0 125.0 773.0 142.0
face 0.54 204.0 34.0 452.0 307.0
face 0.51 825.0 359.0 852.0 391.0
face 0.50 -1.0 381.0 20.0 415.0
face 0.47 111.0 371.0 124.0 385.0
face 0.46 972.0 126.0 988.0 147.0
face 0.45 582.0 275.0 596.0 292.0
face 0.44 61.0 236.0 73.0 250.0
face 0.42 886.0 281.0 900.0 298.0
face 0.40 67.0 21.0 80.0 37.0
face 0.40 719.0 4.0 743.0 28.0
face 0.39 124.0 395.0 150.0 426.0
face 0.39 719.0 388.0 733.0 405.0
face 0.38 472.0 35.0 485.0 52.0
face 0.38 628.0 445.0 642.0 463.0
face 0.37 38.0 261.0 50.0 276.0
face 0.37 867.0 26.0 882.0 45.0
face 0.37 789.0 177.0 805.0 199.0
face 0.37 68.0 214.0 81.0 231.0
face 0.36 733.0 404.0 746.0 421.0
face 0.36 60.0 209.0 74.0 228.0
face 0.36 703.0 371.0 715.0 385.0
face 0.36 527.0 196.0 537.0 209.0
face 0.36 952.0 371.0 967.0 390.0
face 0.36 1004.0 70.0 1019.0 91.0
face 0.36 646.0 444.0 656.0 457.0
face 0.36 894.0 65.0 909.0 86.0
face 0.36 672.0 435.0 685.0 453.0
face 0.36 501.0 20.0 515.0 39.0
face 0.36 919.0 29.0 931.0 43.0
face 0.36 851.0 21.0 893.0 70.0
face 0.36 859.0 132.0 872.0 147.0
face 0.36 845.0 310.0 856.0 324.0
face 0.36 620.0 268.0 633.0 284.0
face 0.36 926.0 31.0 938.0 45.0
face 0.35 74.0 553.0 87.0 571.0
face 0.35 758.0 22.0 769.0 34.0
face 0.35 714.0 45.0 726.0 63.0
face 0.35 856.0 340.0 870.0 359.0
face 0.35 612.0 445.0 628.0 463.0
face 0.35 725.0 441.0 750.0 473.0
face 0.35 884.0 340.0 897.0 356.0
face 0.35 878.0 308.0 888.0 321.0
face 0.35 22.0 372.0 53.0 408.0
face 0.35 675.0 30.0 689.0 45.0
face 0.35 639.0 460.0 653.0 477.0
face 0.35 918.0 537.0 944.0 568.0
face 0.35 582.0 485.0 594.0 500.0
face 0.35 981.0 461.0 996.0 480.0
face 0.35 871.0 325.0 882.0 339.0
face 0.35 591.0 212.0 603.0 227.0
face 0.35 774.0 212.0 789.0 228.0
face 0.35 847.0 424.0 859.0 440.0
face 0.35 762.0 58.0 776.0 77.0
face 0.35 624.0 27.0 637.0 43.0
face 0.35 631.0 286.0 641.0 298.0
face 0.35 638.0 453.0 650.0 466.0
face 0.35 788.0 504.0 803.0 524.0
