face 1.00 353.0 139.0 490.0 295.0
face 0.99 723.0 328.0 994.0 615.0
face 0.84 241.0 229.0 256.0 250.0
face 0.64 260.0 10.0 287.0 47.0
face 0.60 458.0 486.0 472.0 504.0
face 0.59 365.0 24.0 381.0 43.0
face 0.50 145.0 167.0 156.0 179.0
face 0.47 199.0 206.0 210.0 220.0
face 0.42 314.0 35.0 338.0 67.0
face 0.41 382.0 6.0 395.0 21.0
face 0.39 492.0 155.0 524.0 194.0
face 0.39 323.0 14.0 346.0 42.0
face 0.38 63.0 629.0 74.0 640.0
face 0.38 166.0 347.0 195.0 383.0
face 0.37 14.0 626.0 30.0 642.0
face 0.37 371.0 86.0 385.0 101.0
face 0.37 40.0 630.0 52.0 641.0
face 0.36 334.0 20.0 346.0 34.0
face 0.36 192.0 198.0 202.0 210.0
face 0.36 410.0 21.0 420.0 32.0
face 0.36 326.0 14.0 338.0 28.0
face 0.36 174.0 207.0 183.0 219.0
face 0.36 373.0 22.0 384.0 36.0
face 0.35 342.0 22.0 352.0 34.0
face 0.35 484.0 6.0 495.0 18.0
face 0.35 350.0 30.0 361.0 43.0
face 0.35 391.0 6.0 403.0 20.0
face 0.35 182.0 197.0 193.0 209.0
face 0.35 1000.0 419.0 1024.0 454.0
face 0.35 494.0 20.0 505.0 33.0
