face 0.62 565.0 774.0 577.0 790.0
face 0.57 585.0 956.0 860.0 1198.0
face 0.55 128.0 780.0 329.0 968.0
face 0.50 331.0 408.0 522.0 665.0
face 0.49 695.0 756.0 710.0 773.0
face 0.44 709.0 826.0 729.0 850.0
face 0.40 497.0 1024.0 703.0 1288.0
face 0.40 987.0 968.0 1024.0 1025.0
face 0.40 532.0 342.0 565.0 382.0
face 0.40 654.0 801.0 668.0 817.0
face 0.39 675.0 811.0 693.0 830.0
face 0.38 644.0 822.0 660.0 839.0
face 0.37 687.0 796.0 701.0 812.0
face 0.37 662.0 829.0 674.0 845.0
face 0.37 682.0 819.0 697.0 835.0
face 0.37 702.0 806.0 715.0 821.0
face 0.37 602.0 766.0 612.0 779.0
face 0.36 662.0 804.0 673.0 818.0
face 0.36 653.0 781.0 666.0 796.0
face 0.36 654.0 790.0 664.0 801.0
face 0.36 677.0 758.0 692.0 777.0
face 0.36 608.0 789.0 618.0 801.0
face 0.36 685.0 763.0 695.0 777.0
face 0.36 505.0 782.0 521.0 800.0
face 0.36 623.0 773.0 634.0 785.0
face 0.36 555.0 785.0 572.0 804.0
face 0.36 606.0 808.0 618.0 823.0
face 0.36 664.0 790.0 674.0 803.0
face 0.36 687.0 805.0 698.0 817.0
face 0.36 703.0 822.0 714.0 834.0
face 0.36 711.0 771.0 723.0 785.0
face 0.36 576.0 757.0 587.0 771.0
face 0.36 645.0 798.0 721.0 888.0
face 0.35 670.0 786.0 682.0 802.0
face 0.35 709.0 806.0 720.0 820.0
face 0.35 613.0 808.0 626.0 824.0
face 0.35 693.0 821.0 705.0 835.0
face 0.35 647.0 815.0 658.0 827.0
face 0.35 670.0 821.0 681.0 835.0
face 0.35 623.0 823.0 634.0 837.0
face 0.35 614.0 788.0 625.0 800.0
face 0.35 599.0 790.0 610.0 803.0
face 0.35 591.0 789.0 603.0 803.0
face 0.35 687.0 791.0 698.0 804.0
