face 1.00 262.0 355.0 286.0 387.0
face 1.00 829.0 336.0 856.0 370.0
face 1.00 176.0 372.0 201.0 404.0
face 1.00 800.0 361.0 826.0 397.0
face 1.00 775.0 334.0 798.0 363.0
face 1.00 658.0 337.0 683.0 370.0
face 1.00 308.0 349.0 331.0 378.0
face 1.00 155.0 354.0 174.0 381.0
face 1.00 624.0 338.0 647.0 371.0
face 1.00 559.0 363.0 585.0 395.0
face 1.00 598.0 370.0 626.0 407.0
face 1.00 213.0 365.0 232.0 389.0
face 1.00 219.0 446.0 246.0 480.0
face 1.00 877.0 317.0 905.0 354.0
face 1.00 296.0 476.0 325.0 511.0
face 1.00 495.0 365.0 518.0 394.0
face 1.00 362.0 350.0 386.0 379.0
face 1.00 413.0 366.0 435.0 395.0
face 1.00 114.0 346.0 141.0 376.0
face 1.00 738.0 333.0 762.0 363.0
face 0.99 591.0 476.0 614.0 509.0
face 0.99 933.0 346.0 956.0 375.0
face 0.98 959.0 348.0 988.0 384.0
face 0.98 806.0 322.0 829.0 351.0
face 0.96 37.0 355.0 63.0 387.0
face 0.93 452.0 497.0 479.0 534.0
face 0.93 640.0 321.0 660.0 346.0
face 0.91 519.0 363.0 537.0 387.0
face 0.85 788.0 123.0 803.0 143.0
face 0.84 659.0 477.0 685.0 508.0
face 0.71 205.0 346.0 221.0 366.0
face 0.57 450.0 572.0 464.0 589.0
face 0.49 782.0 550.0 792.0 561.0
face 0.47 340.0 368.0 354.0 385.0
face 0.44 222.0 343.0 234.0 358.0
face 0.43 89.0 331.0 109.0 360.0
face 0.42 485.0 463.0 509.0 490.0
face 0.39 71.0 46.0 81.0 58.0
face 0.39 117.0 496.0 132.0 517.0
face 0.38 1013.0 604.0 1024.0 620.0
face 0.38 616.0 559.0 637.0 584.0
face 0.38 752.0 372.0 762.0 386.0
face 0.37 593.0 300.0 606.0 316.0
face 0.37 54.0 54.0 64.0 65.0
face 0.37 309.0 321.0 322.0 338.0
face 0.37 66.0 354.0 84.0 376.0
face 0.37 64.0 55.0 73.0 66.0
face 0.37 346.0 370.0 363.0 389.0
face 0.36 456.0 389.0 468.0 402.0
face 0.36 104.0 71.0 112.0 81.0
face 0.36 117.0 60.0 128.0 74.0
face 0.36 80.0 63.0 89.0 74.0
face 0.36 49.0 55.0 58.0 65.0
face 0.36 87.0 54.0 96.0 65.0
face 0.36 730.0 298.0 745.0 316.0
face 0.36 473.0 566.0 485.0 580.0
face 0.36 65.0 46.0 76.0 60.0
face 0.36 64.0 62.0 73.0 73.0
face 0.36 80.0 55.0 89.0 65.0
face 0.36 79.0 71.0 88.0 82.0
face 0.36 709.0 365.0 724.0 384.0
face 0.36 905.0 623.0 915.0 635.0
face 0.36 39.0 64.0 49.0 75.0
face 0.36 76.0 45.0 88.0 60.0
face 0.36 286.0 353.0 302.0 373.0
face 0.36 111.0 69.0 121.0 80.0
face 0.36 17.0 30.0 26.0 41.0
face 0.36 95.0 54.0 104.0 65.0
face 0.35 54.0 61.0 65.0 75.0
face 0.35 104.0 52.0 113.0 63.0
face 0.35 168.0 81.0 177.0 92.0
face 0.35 32.0 39.0 41.0 50.0
face 0.35 703.0 333.0 714.0 347.0
face 0.35 112.0 63.0 121.0 74.0
face 0.35 774.0 615.0 794.0 641.0
face 0.35 240.0 100.0 249.0 112.0
face 0.35 70.0 52.0 80.0 64.0
face 0.35 111.0 53.0 122.0 67.0
face 0.35 199.0 334.0 209.0 345.0
face 0.35 212.0 342.0 225.0 357.0
face 0.35 71.0 63.0 80.0 73.0
face 0.35 32.0 46.0 41.0 58.0
face 0.35 86.0 61.0 96.0 74.0
face 0.35 95.0 63.0 103.0 73.0
face 0.35 50.0 331.0 67.0 349.0
face 0.35 72.0 71.0 81.0 82.0
face 0.35 56.0 48.0 64.0 58.0
face 0.35 128.0 54.0 137.0 66.0
