face 1.00 397.0 7.0 590.0 239.0
face 0.57 652.0 454.0 680.0 487.0
face 0.51 3.0 374.0 21.0 405.0
face 0.50 582.0 550.0 607.0 575.0
face 0.50 592.0 58.0 639.0 138.0
face 0.50 252.0 19.0 269.0 42.0
face 0.46 640.0 501.0 651.0 513.0
face 0.41 28.0 490.0 43.0 509.0
face 0.41 0.0 336.0 18.0 366.0
face 0.39 671.0 377.0 697.0 403.0
face 0.39 748.0 20.0 801.0 70.0
face 0.38 666.0 528.0 678.0 543.0
face 0.37 831.0 317.0 855.0 350.0
face 0.37 718.0 318.0 742.0 345.0
face 0.37 612.0 493.0 624.0 507.0
face 0.37 985.0 308.0 1003.0 329.0
face 0.37 22.0 310.0 32.0 322.0
face 0.37 646.0 385.0 660.0 401.0
face 0.36 724.0 389.0 738.0 406.0
face 0.36 885.0 307.0 901.0 326.0
face 0.36 611.0 373.0 626.0 391.0
face 0.36 559.0 535.0 570.0 547.0
face 0.36 597.0 224.0 623.0 260.0
face 0.36 66.0 434.0 81.0 451.0
face 0.36 560.0 541.0 570.0 553.0
face 0.36 666.0 338.0 682.0 358.0
face 0.36 303.0 37.0 313.0 49.0
face 0.36 31.0 318.0 42.0 332.0
face 0.36 803.0 51.0 820.0 73.0
face 0.36 597.0 533.0 610.0 547.0
face 0.36 714.0 27.0 730.0 46.0
face 0.35 718.0 395.0 730.0 408.0
face 0.35 713.0 467.0 728.0 484.0
face 0.35 59.0 334.0 265.0 564.0
face 0.35 1005.0 149.0 1019.0 166.0
