face 1.00 328.0 448.0 552.0 738.0
face 0.99 988.0 329.0 1005.0 348.0
face 0.95 953.0 201.0 975.0 227.0
face 0.94 989.0 857.0 1006.0 876.0
face 0.85 430.0 1262.0 452.0 1288.0
face 0.82 954.0 730.0 977.0 757.0
face 0.79 957.0 420.0 972.0 439.0
face 0.78 959.0 950.0 974.0 970.0
face 0.74 215.0 1265.0 230.0 1282.0
face 0.70 300.0 77.0 322.0 104.0
face 0.68 988.0 578.0 1003.0 595.0
face 0.67 88.0 332.0 101.0 347.0
face 0.66 88.0 891.0 108.0 914.0
face 0.64 26.0 858.0 52.0 889.0
face 0.62 150.0 1293.0 171.0 1317.0
face 0.62 25.0 1135.0 48.0 1160.0
face 0.60 270.0 1257.0 298.0 1287.0
face 0.59 799.0 1253.0 826.0 1285.0
face 0.59 989.0 1108.0 1006.0 1125.0
face 0.57 89.0 1014.0 108.0 1038.0
face 0.56 91.0 1173.0 107.0 1191.0
face 0.56 86.0 362.0 102.0 381.0
face 0.54 986.0 49.0 1003.0 67.0
face 0.51 52.0 51.0 69.0 71.0
face 0.51 86.0 952.0 104.0 973.0
face 0.50 85.0 1197.0 110.0 1226.0
face 0.50 517.0 78.0 540.0 104.0
face 0.49 55.0 1011.0 77.0 1039.0
face 0.48 743.0 1264.0 757.0 1281.0
face 0.48 28.0 1080.0 43.0 1097.0
face 0.48 488.0 18.0 506.0 38.0
face 0.47 492.0 1295.0 512.0 1316.0
face 0.47 29.0 1110.0 45.0 1128.0
face 0.45 828.0 78.0 850.0 103.0
face 0.45 828.0 173.0 857.0 206.0
face 0.44 52.0 482.0 75.0 508.0
face 0.43 93.0 925.0 103.0 938.0
face 0.43 927.0 486.0 942.0 504.0
face 0.43 553.0 50.0 568.0 67.0
face 0.43 952.0 1033.0 997.0 1090.0
face 0.43 155.0 353.0 189.0 394.0
face 0.42 60.0 830.0 72.0 845.0
face 0.41 90.0 862.0 103.0 878.0
face 0.41 925.0 793.0 942.0 814.0
face 0.41 86.0 115.0 101.0 131.0
face 0.41 28.0 891.0 43.0 909.0
face 0.40 32.0 1237.0 43.0 1250.0
face 0.40 928.0 1014.0 942.0 1031.0
face 0.40 893.0 79.0 909.0 98.0
face 0.40 430.0 52.0 441.0 66.0
face 0.39 86.0 484.0 103.0 505.0
face 0.39 22.0 517.0 39.0 539.0
face 0.39 29.0 709.0 40.0 721.0
face 0.38 61.0 863.0 72.0 876.0
face 0.38 458.0 49.0 475.0 67.0
face 0.37 90.0 645.0 102.0 659.0
face 0.37 22.0 80.0 39.0 100.0
face 0.37 491.0 1226.0 514.0 1254.0
face 0.37 2.0 1135.0 19.0 1159.0
face 0.37 27.0 52.0 41.0 68.0
face 0.37 923.0 264.0 942.0 286.0
face 0.36 836.0 349.0 848.0 364.0
face 0.36 0.0 609.0 13.0 632.0
face 0.36 559.0 1237.0 569.0 1249.0
face 0.36 677.0 1291.0 698.0 1316.0
face 0.36 85.0 421.0 103.0 441.0
face 0.36 852.0 1096.0 865.0 1112.0
face 0.36 959.0 304.0 971.0 316.0
face 0.36 960.0 1108.0 974.0 1124.0
face 0.36 27.0 550.0 41.0 567.0
face 0.35 57.0 270.0 67.0 283.0
face 0.35 26.0 362.0 40.0 380.0
face 0.35 958.0 831.0 971.0 843.0
face 0.35 479.0 973.0 490.0 986.0
face 0.35 59.0 799.0 73.0 814.0
face 0.35 584.0 1231.0 608.0 1258.0
