face 1.00 523.0 159.0 539.0 181.0
face 1.00 587.0 388.0 609.0 415.0
face 1.00 407.0 157.0 423.0 177.0
face 1.00 643.0 165.0 660.0 188.0
face 0.98 652.0 96.0 668.0 116.0
face 0.96 336.0 105.0 353.0 127.0
face 0.94 351.0 25.0 367.0 47.0
face 0.85 647.0 237.0 661.0 252.0
face 0.84 805.0 153.0 820.0 171.0
face 0.81 438.0 31.0 454.0 52.0
face 0.74 496.0 245.0 505.0 257.0
face 0.65 470.0 86.0 485.0 101.0
face 0.44 128.0 250.0 157.0 286.0
face 0.42 454.0 69.0 466.0 84.0
face 0.39 622.0 239.0 632.0 251.0
face 0.38 449.0 95.0 460.0 108.0
face 0.38 359.0 176.0 373.0 195.0
face 0.38 485.0 198.0 496.0 211.0
face 0.37 542.0 238.0 554.0 252.0
face 0.35 239.0 442.0 271.0 479.0
face 0.35 463.0 95.0 474.0 107.0
