face 0.99 154.0 436.0 172.0 457.0
face 0.98 169.0 460.0 185.0 480.0
face 0.96 230.0 477.0 248.0 498.0
face 0.96 73.0 445.0 91.0 466.0
face 0.83 630.0 434.0 643.0 448.0
face 0.57 1003.0 640.0 1022.0 666.0
face 0.52 700.0 599.0 714.0 616.0
face 0.49 393.0 311.0 425.0 348.0
face 0.46 829.0 551.0 845.0 572.0
face 0.46 82.0 467.0 94.0 483.0
face 0.40 63.0 582.0 74.0 597.0
face 0.40 309.0 21.0 419.0 152.0
face 0.39 64.0 492.0 78.0 508.0
face 0.38 642.0 286.0 657.0 303.0
face 0.37 243.0 475.0 258.0 494.0
face 0.36 459.0 593.0 474.0 610.0
face 0.36 410.0 321.0 428.0 342.0
face 0.35 625.0 233.0 640.0 252.0
face 0.35 228.0 227.0 241.0 243.0
face 0.35 752.0 309.0 763.0 322.0
face 0.35 741.0 334.0 756.0 351.0
face 0.35 1005.0 262.0 1016.0 275.0
face 0.35 806.0 311.0 816.0 322.0
