face 1.00 250.0 109.0 419.0 329.0
face 0.69 844.0 728.0 859.0 748.0
face 0.62 942.0 729.0 958.0 750.0
face 0.49 226.0 232.0 242.0 253.0
face 0.49 151.0 300.0 166.0 318.0
face 0.48 808.0 132.0 820.0 147.0
face 0.39 834.0 132.0 847.0 146.0
face 0.38 645.0 133.0 657.0 146.0
face 0.37 229.0 308.0 241.0 324.0
face 0.36 132.0 393.0 146.0 410.0
face 0.36 223.0 315.0 235.0 332.0
face 0.36 219.0 291.0 233.0 309.0
face 0.35 680.0 165.0 691.0 179.0
face 0.35 147.0 348.0 159.0 364.0
face 0.35 974.0 733.0 986.0 748.0
face 0.35 797.0 164.0 809.0 178.0
