face 1.00 550.0 127.0 676.0 298.0
face 1.00 402.0 172.0 528.0 350.0
face 0.93 681.0 1250.0 944.0 1529.0
face 0.89 908.0 511.0 947.0 563.0
face 0.83 74.0 511.0 97.0 540.0
face 0.49 868.0 526.0 899.0 562.0
face 0.49 8.0 675.0 51.0 738.0
face 0.48 708.0 1062.0 727.0 1087.0
face 0.47 44.0 649.0 67.0 678.0
face 0.44 60.0 520.0 76.0 540.0
face 0.39 153.0 717.0 167.0 734.0
face 0.39 854.0 518.0 865.0 532.0
face 0.37 480.0 1371.0 498.0 1393.0
face 0.37 651.0 949.0 668.0 973.0
face 0.37 477.0 61.0 492.0 79.0
face 0.36 172.0 473.0 185.0 488.0
face 0.35 951.0 850.0 965.0 868.0
face 0.35 333.0 338.0 348.0 358.0
