face 1.00 558.0 349.0 628.0 448.0
face 1.00 146.0 292.0 219.0 386.0
face 1.00 383.0 338.0 456.0 434.0
face 1.00 786.0 382.0 854.0 482.0
face 0.91 219.0 435.0 246.0 467.0
face 0.51 48.0 710.0 63.0 729.0
face 0.48 1.0 714.0 26.0 750.0
face 0.47 93.0 683.0 106.0 701.0
face 0.45 127.0 318.0 138.0 332.0
face 0.38 51.0 24.0 96.0 95.0
face 0.36 685.0 438.0 703.0 460.0
face 0.36 397.0 563.0 422.0 594.0
face 0.36 648.0 486.0 669.0 512.0
face 0.35 117.0 392.0 131.0 409.0
face 0.35 879.0 500.0 891.0 515.0
face 0.35 108.0 689.0 124.0 709.0
