face 1.00 299.0 273.0 598.0 594.0
face 0.88 784.0 446.0 1012.0 704.0
face 0.85 20.0 210.0 230.0 486.0
face 0.81 425.0 186.0 677.0 497.0
face 0.78 239.0 646.0 401.0 826.0
face 0.69 730.0 139.0 998.0 414.0
face 0.57 513.0 570.0 736.0 794.0
face 0.43 950.0 832.0 1023.0 928.0
face 0.43 409.0 1499.0 447.0 1537.0
face 0.41 416.0 1522.0 431.0 1535.0
face 0.41 740.0 1500.0 779.0 1536.0
face 0.41 732.0 349.0 847.0 476.0
face 0.39 954.0 961.0 970.0 982.0
face 0.38 62.0 1247.0 272.0 1468.0
face 0.37 960.0 440.0 984.0 472.0
face 0.37 1007.0 1236.0 1022.0 1254.0
face 0.35 693.0 1304.0 726.0 1341.0
