face 1.00 687.0 164.0 749.0 249.0
face 1.00 131.0 131.0 203.0 234.0
face 1.00 369.0 150.0 428.0 234.0
face 0.45 275.0 298.0 473.0 543.0
face 0.41 758.0 313.0 838.0 414.0
face 0.39 174.0 558.0 190.0 579.0
face 0.39 670.0 305.0 686.0 323.0
face 0.38 296.0 341.0 306.0 353.0
face 0.38 326.0 293.0 340.0 311.0
face 0.37 304.0 326.0 313.0 337.0
face 0.37 214.0 558.0 228.0 575.0
face 0.37 311.0 318.0 320.0 330.0
face 0.37 306.0 310.0 314.0 320.0
face 0.36 326.0 276.0 337.0 289.0
face 0.36 320.0 279.0 330.0 291.0
face 0.36 304.0 319.0 314.0 331.0
face 0.36 297.0 360.0 306.0 371.0
face 0.35 310.0 303.0 320.0 313.0
face 0.35 309.0 312.0 319.0 324.0
face 0.35 108.0 562.0 122.0 579.0
face 0.35 311.0 294.0 321.0 306.0
face 0.35 859.0 557.0 875.0 577.0
face 0.35 296.0 347.0 307.0 361.0
face 0.35 296.0 327.0 305.0 337.0
