face 1.00 451.0 178.0 694.0 492.0
face 0.39 484.0 977.0 547.0 1064.0
face 0.38 289.0 1048.0 336.0 1109.0
face 0.37 966.0 754.0 980.0 772.0
face 0.36 814.0 1140.0 825.0 1153.0
face 0.36 86.0 1041.0 228.0 1203.0
face 0.36 606.0 1206.0 621.0 1221.0
face 0.36 807.0 1141.0 820.0 1156.0
face 0.36 615.0 1206.0 626.0 1217.0
face 0.36 215.0 686.0 227.0 699.0
face 0.35 831.0 1151.0 840.0 1162.0
face 0.35 846.0 1158.0 856.0 1170.0
face 0.35 830.0 825.0 842.0 838.0
face 0.35 821.0 846.0 833.0 859.0
face 0.35 823.0 1158.0 833.0 1168.0
face 0.35 735.0 1168.0 746.0 1180.0
face 0.35 142.0 573.0 153.0 587.0
face 0.35 621.0 1199.0 635.0 1214.0
