face 1.00 456.0 182.0 483.0 225.0
face 1.00 533.0 210.0 568.0 256.0
face 0.99 239.0 22.0 274.0 77.0
face 0.76 125.0 294.0 152.0 331.0
face 0.65 673.0 269.0 687.0 290.0
face 0.64 305.0 103.0 343.0 155.0
face 0.60 686.0 302.0 698.0 317.0
face 0.51 308.0 113.0 327.0 135.0
face 0.51 425.0 365.0 449.0 400.0
face 0.47 869.0 280.0 883.0 300.0
face 0.45 230.0 399.0 242.0 414.0
face 0.42 589.0 247.0 606.0 269.0
face 0.41 586.0 297.0 603.0 317.0
face 0.39 119.0 429.0 154.0 464.0
face 0.36 256.0 201.0 269.0 218.0
face 0.36 563.0 269.0 578.0 285.0
face 0.35 221.0 35.0 238.0 57.0
face 0.35 718.0 234.0 735.0 255.0
face 0.35 270.0 329.0 286.0 350.0
