face 1.00 713.0 170.0 740.0 203.0
face 1.00 203.0 120.0 228.0 150.0
face 1.00 508.0 114.0 531.0 142.0
face 1.00 85.0 132.0 116.0 169.0
face 1.00 585.0 130.0 603.0 150.0
face 1.00 249.0 104.0 271.0 132.0
face 0.99 658.0 125.0 677.0 149.0
face 0.99 274.0 134.0 296.0 161.0
face 0.98 168.0 111.0 189.0 136.0
face 0.98 143.0 163.0 171.0 197.0
face 0.98 947.0 197.0 967.0 222.0
face 0.97 869.0 141.0 883.0 160.0
face 0.93 626.0 135.0 643.0 156.0
face 0.91 553.0 173.0 581.0 211.0
face 0.88 316.0 114.0 335.0 136.0
face 0.86 380.0 116.0 399.0 137.0
face 0.86 300.0 140.0 324.0 169.0
face 0.84 771.0 245.0 787.0 265.0
face 0.83 119.0 90.0 131.0 104.0
face 0.75 970.0 220.0 988.0 241.0
face 0.74 13.0 117.0 33.0 140.0
face 0.73 22.0 149.0 56.0 184.0
face 0.73 566.0 127.0 580.0 143.0
face 0.73 789.0 202.0 807.0 224.0
face 0.69 931.0 256.0 955.0 284.0
face 0.68 421.0 144.0 436.0 162.0
face 0.66 581.0 101.0 595.0 119.0
face 0.65 468.0 124.0 485.0 143.0
face 0.65 986.0 152.0 999.0 168.0
face 0.62 859.0 109.0 871.0 126.0
face 0.61 698.0 157.0 714.0 176.0
face 0.60 783.0 306.0 800.0 327.0
face 0.55 328.0 505.0 466.0 601.0
face 0.51 240.0 165.0 250.0 178.0
face 0.48 127.0 71.0 137.0 83.0
face 0.48 905.0 132.0 917.0 145.0
face 0.47 704.0 131.0 719.0 148.0
face 0.46 704.0 246.0 727.0 276.0
face 0.46 957.0 221.0 969.0 235.0
face 0.45 774.0 208.0 785.0 221.0
face 0.45 965.0 124.0 978.0 139.0
face 0.44 1004.0 152.0 1016.0 167.0
face 0.44 788.0 145.0 804.0 166.0
face 0.44 939.0 129.0 954.0 146.0
face 0.43 93.0 82.0 108.0 101.0
face 0.42 357.0 135.0 387.0 170.0
face 0.41 404.0 101.0 418.0 118.0
face 0.41 499.0 168.0 537.0 219.0
face 0.40 755.0 241.0 772.0 263.0
face 0.40 788.0 291.0 820.0 326.0
face 0.40 764.0 136.0 780.0 155.0
face 0.39 299.0 83.0 312.0 99.0
face 0.39 932.0 158.0 946.0 175.0
face 0.39 62.0 95.0 75.0 110.0
face 0.39 172.0 259.0 187.0 276.0
face 0.39 363.0 124.0 381.0 145.0
face 0.38 130.0 138.0 146.0 156.0
face 0.38 649.0 157.0 662.0 172.0
face 0.37 692.0 133.0 704.0 148.0
face 0.37 876.0 170.0 890.0 186.0
face 0.37 854.0 165.0 866.0 179.0
face 0.37 930.0 168.0 946.0 188.0
face 0.37 687.0 138.0 699.0 153.0
face 0.37 988.0 131.0 1001.0 147.0
face 0.36 182.0 82.0 195.0 98.0
face 0.36 811.0 165.0 825.0 182.0
face 0.36 919.0 174.0 930.0 187.0
face 0.36 799.0 223.0 809.0 236.0
face 0.36 74.0 75.0 88.0 93.0
face 0.36 68.0 93.0 82.0 109.0
face 0.36 961.0 150.0 973.0 164.0
face 0.36 78.0 68.0 89.0 81.0
face 0.36 84.0 67.0 96.0 82.0
face 0.36 485.0 98.0 499.0 114.0
face 0.36 73.0 144.0 84.0 158.0
face 0.36 799.0 189.0 810.0 202.0
face 0.35 892.0 127.0 904.0 140.0
face 0.35 901.0 166.0 913.0 180.0
face 0.35 102.0 78.0 112.0 92.0
face 0.35 976.0 158.0 986.0 170.0
face 0.35 296.0 180.0 309.0 196.0
face 0.35 782.0 213.0 793.0 226.0
face 0.35 638.0 174.0 649.0 187.0
face 0.35 798.0 211.0 809.0 225.0
face 0.35 780.0 219.0 794.0 236.0
face 0.35 896.0 171.0 907.0 184.0
face 0.35 88.0 84.0 99.0 98.0
face 0.35 703.0 140.0 715.0 153.0
face 0.35 703.0 151.0 713.0 164.0
face 0.35 112.0 54.0 122.0 67.0
face 0.35 975.0 151.0 985.0 163.0
face 0.35 150.0 60.0 177.0 92.0
face 0.35 647.0 149.0 658.0 163.0
face 0.35 720.0 53.0 730.0 66.0
face 0.35 861.0 166.0 872.0 180.0
face 0.35 895.0 141.0 904.0 153.0
face 0.35 78.0 85.0 88.0 98.0
face 0.35 1015.0 173.0 1025.0 187.0
face 0.35 799.0 198.0 810.0 211.0
face 0.35 727.0 46.0 739.0 61.0
face 0.35 160.0 133.0 173.0 149.0
face 0.35 929.0 165.0 939.0 177.0
face 0.35 686.0 149.0 697.0 161.0
face 0.35 572.0 139.0 586.0 156.0
face 0.35 158.0 158.0 169.0 172.0
face 0.35 918.0 168.0 929.0 180.0
face 0.35 959.0 143.0 969.0 155.0
