face 1.00 325.0 237.0 520.0 515.0
face 1.00 863.0 189.0 918.0 253.0
face 1.00 547.0 145.0 600.0 213.0
face 0.99 785.0 182.0 837.0 250.0
face 0.99 825.0 117.0 879.0 179.0
face 0.97 672.0 190.0 724.0 251.0
face 0.89 1.0 247.0 34.0 305.0
face 0.87 913.0 1681.0 945.0 1729.0
face 0.64 661.0 526.0 678.0 548.0
face 0.61 885.0 481.0 949.0 551.0
face 0.56 904.0 1704.0 914.0 1716.0
face 0.56 611.0 590.0 645.0 631.0
face 0.51 845.0 1677.0 892.0 1730.0
face 0.46 616.0 1751.0 639.0 1778.0
face 0.42 954.0 626.0 974.0 652.0
face 0.39 504.0 721.0 575.0 833.0
face 0.38 622.0 1654.0 638.0 1672.0
face 0.37 892.0 1719.0 905.0 1733.0
face 0.36 409.0 854.0 433.0 894.0
face 0.36 583.0 1751.0 594.0 1764.0
face 0.36 599.0 1668.0 611.0 1682.0
face 0.36 245.0 1622.0 255.0 1633.0
face 0.36 608.0 1724.0 618.0 1737.0
face 0.35 600.0 1735.0 611.0 1747.0
face 0.35 637.0 1725.0 648.0 1738.0
face 0.35 199.0 595.0 211.0 609.0
face 0.35 606.0 1741.0 618.0 1755.0
face 0.35 871.0 1678.0 882.0 1691.0
