face 1.00 592.0 235.0 631.0 288.0
face 1.00 551.0 232.0 587.0 282.0
face 1.00 685.0 221.0 729.0 276.0
face 1.00 766.0 208.0 811.0 267.0
face 1.00 586.0 369.0 628.0 426.0
face 1.00 221.0 214.0 265.0 262.0
face 0.91 973.0 11.0 987.0 28.0
face 0.82 834.0 157.0 892.0 229.0
face 0.82 362.0 3.0 376.0 21.0
face 0.76 296.0 42.0 310.0 59.0
face 0.75 738.0 5.0 752.0 22.0
face 0.73 506.0 33.0 528.0 61.0
face 0.72 792.0 76.0 803.0 89.0
face 0.71 685.0 47.0 696.0 60.0
face 0.69 343.0 64.0 355.0 80.0
face 0.67 633.0 10.0 646.0 26.0
face 0.64 819.0 114.0 834.0 132.0
face 0.63 323.0 10.0 346.0 37.0
face 0.58 712.0 36.0 723.0 50.0
face 0.57 335.0 53.0 345.0 65.0
face 0.57 738.0 15.0 758.0 42.0
face 0.57 575.0 446.0 586.0 459.0
face 0.55 854.0 73.0 869.0 91.0
face 0.55 668.0 27.0 682.0 45.0
face 0.54 358.0 37.0 369.0 50.0
face 0.52 358.0 62.0 371.0 78.0
face 0.52 310.0 59.0 321.0 72.0
face 0.51 765.0 123.0 778.0 138.0
face 0.50 802.0 2.0 818.0 19.0
face 0.48 661.0 19.0 676.0 36.0
face 0.48 426.0 38.0 436.0 51.0
face 0.46 822.0 21.0 835.0 37.0
face 0.45 494.0 1.0 508.0 18.0
face 0.45 783.0 28.0 796.0 43.0
face 0.44 719.0 87.0 730.0 100.0
face 0.43 999.0 452.0 1013.0 471.0
face 0.43 527.0 503.0 539.0 518.0
face 0.43 37.0 55.0 54.0 77.0
face 0.43 407.0 48.0 418.0 62.0
face 0.43 845.0 4.0 860.0 22.0
face 0.43 757.0 -1.0 770.0 12.0
face 0.43 748.0 47.0 759.0 59.0
face 0.42 397.0 37.0 407.0 49.0
face 0.42 912.0 53.0 921.0 65.0
face 0.42 388.0 19.0 399.0 33.0
face 0.41 776.0 85.0 786.0 96.0
face 0.41 479.0 75.0 489.0 89.0
face 0.41 392.0 14.0 402.0 28.0
face 0.41 680.0 501.0 691.0 515.0
face 0.41 653.0 43.0 666.0 58.0
face 0.41 805.0 126.0 818.0 142.0
face 0.40 767.0 381.0 778.0 395.0
face 0.40 769.0 45.0 783.0 59.0
face 0.40 689.0 6.0 700.0 20.0
face 0.40 1002.0 1.0 1019.0 19.0
face 0.40 320.0 140.0 331.0 153.0
face 0.40 711.0 93.0 724.0 109.0
face 0.39 603.0 27.0 617.0 45.0
face 0.39 770.0 99.0 783.0 114.0
face 0.39 920.0 70.0 930.0 82.0
face 0.39 814.0 81.0 830.0 101.0
face 0.39 298.0 82.0 312.0 98.0
face 0.39 621.0 514.0 635.0 531.0
face 0.39 409.0 24.0 421.0 39.0
face 0.39 341.0 38.0 352.0 52.0
face 0.38 631.0 429.0 641.0 442.0
face 0.38 408.0 1.0 421.0 17.0
face 0.38 787.0 271.0 805.0 294.0
face 0.38 663.0 485.0 673.0 497.0
face 0.38 742.0 52.0 754.0 66.0
face 0.38 842.0 97.0 859.0 116.0
face 0.38 788.0 120.0 799.0 132.0
face 0.38 925.0 76.0 940.0 91.0
face 0.38 958.0 13.0 968.0 26.0
face 0.38 687.0 41.0 697.0 53.0
face 0.38 800.0 109.0 809.0 121.0
face 0.38 432.0 56.0 441.0 67.0
face 0.38 423.0 5.0 433.0 18.0
face 0.38 733.0 67.0 746.0 83.0
face 0.38 928.0 62.0 937.0 73.0
face 0.38 712.0 21.0 723.0 33.0
face 0.38 671.0 493.0 680.0 505.0
face 0.38 748.0 86.0 763.0 103.0
face 0.38 799.0 93.0 809.0 105.0
face 0.38 981.0 28.0 996.0 45.0
face 0.38 839.0 18.0 853.0 35.0
face 0.38 808.0 52.0 819.0 65.0
face 0.37 462.0 69.0 472.0 80.0
face 0.37 596.0 500.0 613.0 520.0
face 0.37 752.0 62.0 763.0 76.0
face 0.37 775.0 94.0 786.0 106.0
face 0.37 806.0 101.0 818.0 116.0
face 0.37 769.0 2.0 784.0 18.0
face 0.37 348.0 18.0 360.0 33.0
face 0.37 462.0 86.0 472.0 98.0
face 0.37 678.0 485.0 687.0 496.0
face 0.37 687.0 70.0 698.0 82.0
face 0.37 469.0 58.0 481.0 73.0
face 0.37 727.0 76.0 739.0 92.0
face 0.37 704.0 14.0 714.0 26.0
face 0.37 696.0 37.0 705.0 49.0
face 0.37 928.0 57.0 937.0 67.0
face 0.37 735.0 54.0 748.0 68.0
face 0.37 704.0 133.0 714.0 145.0
face 0.37 918.0 55.0 927.0 64.0
face 0.37 328.0 79.0 338.0 91.0
face 0.37 925.0 33.0 938.0 48.0
face 0.37 926.0 71.0 937.0 83.0
face 0.37 432.0 20.0 441.0 31.0
face 0.37 452.0 3.0 468.0 21.0
face 0.37 662.0 503.0 673.0 516.0
face 0.37 791.0 102.0 801.0 112.0
face 0.37 639.0 500.0 651.0 514.0
face 0.37 432.0 62.0 442.0 75.0
face 0.37 656.0 20.0 667.0 34.0
face 0.37 814.0 29.0 825.0 41.0
face 0.37 679.0 21.0 688.0 33.0
face 0.37 652.0 518.0 663.0 530.0
face 0.37 782.0 101.0 793.0 114.0
face 0.37 886.0 69.0 897.0 81.0
face 0.37 328.0 69.0 338.0 81.0
face 0.37 687.0 22.0 697.0 33.0
face 0.37 729.0 62.0 738.0 73.0
face 0.36 688.0 118.0 697.0 128.0
face 0.36 433.0 68.0 443.0 81.0
face 0.36 437.0 63.0 449.0 77.0
face 0.36 333.0 84.0 345.0 99.0
face 0.36 390.0 29.0 402.0 45.0
face 0.36 823.0 755.0 835.0 768.0
face 0.36 870.0 77.0 882.0 91.0
face 0.36 576.0 20.0 587.0 33.0
face 0.36 653.0 61.0 664.0 75.0
face 0.36 933.0 78.0 944.0 90.0
face 0.36 887.0 88.0 897.0 100.0
face 0.36 429.0 46.0 440.0 57.0
face 0.36 814.0 70.0 825.0 85.0
face 0.36 742.0 125.0 753.0 139.0
face 0.36 774.0 109.0 785.0 120.0
face 0.36 304.0 118.0 316.0 136.0
face 0.36 918.0 45.0 930.0 59.0
face 0.36 496.0 54.0 506.0 65.0
face 0.36 969.0 51.0 984.0 70.0
face 0.36 350.0 62.0 361.0 75.0
face 0.36 785.0 124.0 796.0 136.0
face 0.36 718.0 119.0 730.0 132.0
face 0.36 693.0 20.0 705.0 34.0
face 0.36 533.0 0.0 544.0 12.0
face 0.36 735.0 29.0 744.0 40.0
face 0.36 455.0 29.0 466.0 43.0
face 0.36 384.0 29.0 394.0 41.0
face 0.36 748.0 104.0 762.0 123.0
face 0.36 793.0 97.0 802.0 107.0
face 0.36 784.0 112.0 793.0 123.0
face 0.36 967.0 29.0 977.0 41.0
face 0.36 921.0 32.0 931.0 43.0
face 0.36 735.0 134.0 745.0 146.0
face 0.36 773.0 565.0 787.0 581.0
face 0.36 672.0 78.0 682.0 91.0
face 0.36 740.0 59.0 754.0 77.0
face 0.36 726.0 85.0 736.0 97.0
face 0.36 447.0 45.0 457.0 56.0
face 0.36 671.0 55.0 680.0 67.0
face 0.36 905.0 62.0 915.0 74.0
face 0.36 812.0 47.0 825.0 62.0
face 0.36 919.0 64.0 929.0 76.0
face 0.36 800.0 102.0 810.0 115.0
face 0.36 688.0 30.0 698.0 41.0
face 0.36 336.0 60.0 346.0 73.0
face 0.36 584.0 501.0 594.0 514.0
face 0.36 351.0 85.0 362.0 98.0
face 0.36 935.0 38.0 944.0 48.0
face 0.36 789.0 149.0 801.0 163.0
face 0.36 704.0 63.0 713.0 74.0
face 0.36 637.0 536.0 649.0 550.0
face 0.36 792.0 111.0 801.0 122.0
face 0.36 694.0 119.0 704.0 130.0
face 0.36 648.0 511.0 658.0 522.0
face 0.36 664.0 38.0 674.0 52.0
face 0.36 598.0 736.0 621.0 767.0
face 0.36 728.0 70.0 738.0 82.0
face 0.36 870.0 51.0 882.0 65.0
face 0.36 782.0 95.0 792.0 106.0
face 0.36 657.0 104.0 666.0 114.0
face 0.36 880.0 70.0 890.0 81.0
face 0.36 376.0 37.0 387.0 51.0
face 0.36 489.0 39.0 498.0 49.0
face 0.36 727.0 55.0 737.0 65.0
face 0.36 329.0 127.0 338.0 138.0
face 0.36 656.0 109.0 665.0 120.0
face 0.36 807.0 69.0 818.0 83.0
face 0.36 108.0 739.0 123.0 758.0
face 0.36 639.0 112.0 649.0 123.0
face 0.36 798.0 142.0 809.0 154.0
face 0.36 788.0 43.0 801.0 59.0
face 0.36 375.0 5.0 386.0 18.0
face 0.36 645.0 4.0 658.0 19.0
face 0.36 727.0 14.0 737.0 26.0
face 0.36 726.0 21.0 739.0 36.0
face 0.36 568.0 32.0 577.0 43.0
face 0.36 552.0 10.0 565.0 28.0
face 0.36 702.0 69.0 714.0 83.0
face 0.36 424.0 32.0 433.0 43.0
face 0.36 880.0 62.0 889.0 73.0
face 0.36 486.0 70.0 496.0 81.0
face 0.36 727.0 0.0 738.0 11.0
face 0.36 486.0 63.0 495.0 74.0
face 0.36 383.0 38.0 392.0 49.0
face 0.36 406.0 69.0 416.0 81.0
face 0.36 657.0 486.0 666.0 498.0
face 0.36 815.0 13.0 825.0 26.0
face 0.36 447.0 63.0 456.0 74.0
face 0.36 727.0 94.0 737.0 105.0
face 0.36 909.0 58.0 921.0 73.0
face 0.36 317.0 54.0 326.0 66.0
face 0.36 351.0 55.0 361.0 67.0
face 0.36 645.0 504.0 655.0 514.0
face 0.36 678.0 12.0 690.0 28.0
face 0.36 728.0 103.0 738.0 114.0
face 0.36 943.0 70.0 955.0 84.0
face 0.36 587.0 85.0 602.0 102.0
face 0.36 487.0 55.0 496.0 66.0
face 0.36 983.0 7.0 994.0 20.0
face 0.36 840.0 29.0 850.0 42.0
face 0.36 727.0 141.0 737.0 153.0
face 0.36 936.0 0.0 947.0 11.0
face 0.36 457.0 72.0 466.0 82.0
face 0.36 400.0 22.0 409.0 32.0
face 0.36 575.0 37.0 585.0 49.0
face 0.36 702.0 110.0 713.0 122.0
face 0.36 767.0 107.0 778.0 120.0
face 0.36 614.0 487.0 626.0 501.0
face 0.36 640.0 29.0 649.0 41.0
face 0.36 960.0 31.0 970.0 42.0
face 0.36 425.0 55.0 434.0 66.0
face 0.36 680.0 86.0 689.0 98.0
face 0.36 588.0 478.0 599.0 490.0
face 0.36 878.0 55.0 887.0 65.0
face 0.36 656.0 28.0 666.0 41.0
face 0.36 904.0 69.0 914.0 80.0
face 0.36 448.0 21.0 458.0 33.0
face 0.35 840.0 6.0 850.0 18.0
face 0.35 317.0 0.0 330.0 13.0
face 0.35 943.0 64.0 953.0 75.0
face 0.35 852.0 -1.0 864.0 11.0
face 0.35 438.0 55.0 447.0 66.0
face 0.35 400.0 43.0 410.0 57.0
face 0.35 712.0 56.0 721.0 67.0
face 0.35 931.0 30.0 944.0 44.0
face 0.35 854.0 97.0 863.0 109.0
face 0.35 695.0 64.0 705.0 75.0
face 0.35 878.0 88.0 890.0 102.0
face 0.35 430.0 28.0 442.0 43.0
face 0.35 943.0 47.0 953.0 59.0
face 0.35 626.0 43.0 640.0 62.0
face 0.35 934.0 72.0 944.0 84.0
face 0.35 712.0 62.0 723.0 75.0
face 0.35 655.0 511.0 664.0 523.0
face 0.35 721.0 141.0 730.0 152.0
face 0.35 440.0 40.0 450.0 50.0
face 0.35 332.0 131.0 345.0 144.0
face 0.35 720.0 135.0 729.0 146.0
face 0.35 669.0 486.0 681.0 500.0
face 0.35 327.0 133.0 337.0 145.0
face 0.35 342.0 55.0 353.0 67.0
face 0.35 806.0 119.0 817.0 133.0
face 0.35 584.0 15.0 593.0 26.0
face 0.35 710.0 134.0 720.0 145.0
face 0.35 718.0 0.0 730.0 12.0
face 0.35 640.0 476.0 650.0 488.0
face 0.35 934.0 55.0 945.0 67.0
face 0.35 599.0 478.0 609.0 489.0
face 0.35 425.0 23.0 434.0 34.0
face 0.35 465.0 63.0 475.0 75.0
face 0.35 480.0 54.0 489.0 66.0
face 0.35 751.0 5.0 762.0 18.0
face 0.35 340.0 18.0 354.0 34.0
face 0.35 743.0 408.0 768.0 442.0
face 0.35 609.0 13.0 620.0 27.0
face 0.35 687.0 111.0 697.0 122.0
face 0.35 319.0 85.0 330.0 97.0
face 0.35 934.0 61.0 946.0 75.0
face 0.35 639.0 519.0 648.0 529.0
face 0.35 583.0 462.0 593.0 474.0
face 0.35 717.0 15.0 729.0 29.0
face 0.35 462.0 78.0 472.0 90.0
face 0.35 734.0 46.0 746.0 59.0
face 0.35 672.0 501.0 682.0 513.0
face 0.35 704.0 56.0 714.0 66.0
face 0.35 883.0 575.0 898.0 594.0
face 0.35 839.0 94.0 850.0 109.0
face 0.35 888.0 79.0 898.0 90.0
face 0.35 838.0 36.0 850.0 51.0
face 0.35 920.0 76.0 931.0 89.0
face 0.35 767.0 39.0 778.0 52.0
face 0.35 590.0 30.0 600.0 41.0
face 0.35 694.0 127.0 703.0 138.0
face 0.35 889.0 50.0 901.0 65.0
face 0.35 871.0 85.0 883.0 99.0
face 0.35 781.0 87.0 790.0 98.0
face 0.35 807.0 94.0 817.0 107.0
face 0.35 487.0 109.0 497.0 119.0
face 0.35 670.0 62.0 681.0 75.0
face 0.35 645.0 20.0 657.0 35.0
face 0.35 615.0 452.0 626.0 465.0
face 0.35 942.0 31.0 951.0 41.0
face 0.35 607.0 471.0 617.0 483.0
face 0.35 326.0 142.0 336.0 154.0
face 0.35 877.0 76.0 889.0 91.0
face 0.35 773.0 126.0 783.0 138.0
face 0.35 734.0 101.0 743.0 113.0
face 0.35 683.0 94.0 695.0 109.0
face 0.35 345.0 143.0 357.0 157.0
face 0.35 959.0 20.0 969.0 32.0
face 0.35 829.0 28.0 840.0 41.0
face 0.35 967.0 23.0 977.0 35.0
face 0.35 809.0 29.0 819.0 41.0
face 0.35 657.0 479.0 667.0 490.0
face 0.35 543.0 517.0 553.0 530.0
face 0.35 895.0 63.0 904.0 74.0
face 0.35 335.0 70.0 346.0 82.0
face 0.35 718.0 30.0 729.0 43.0
face 0.35 661.0 45.0 671.0 57.0
face 0.35 375.0 44.0 387.0 59.0
face 0.35 925.0 42.0 937.0 57.0
face 0.35 440.0 47.0 449.0 57.0
face 0.35 480.0 63.0 489.0 74.0
face 0.35 382.0 45.0 392.0 57.0
face 0.35 727.0 46.0 737.0 58.0
face 0.35 912.0 70.0 922.0 82.0
