face 1.00 907.0 166.0 946.0 211.0
face 1.00 286.0 96.0 327.0 148.0
face 1.00 128.0 105.0 169.0 160.0
face 1.00 426.0 116.0 462.0 163.0
face 1.00 577.0 151.0 615.0 199.0
face 1.00 731.0 125.0 768.0 171.0
face 0.91 864.0 286.0 883.0 310.0
face 0.68 245.0 205.0 261.0 225.0
face 0.66 101.0 266.0 115.0 282.0
face 0.49 394.0 210.0 425.0 245.0
face 0.49 550.0 210.0 564.0 227.0
face 0.43 706.0 294.0 724.0 316.0
face 0.41 743.0 321.0 767.0 351.0
face 0.41 556.0 207.0 568.0 221.0
face 0.37 564.0 218.0 577.0 232.0
face 0.36 576.0 234.0 589.0 252.0
face 0.36 730.0 296.0 744.0 317.0
face 0.36 574.0 252.0 586.0 266.0
face 0.36 890.0 329.0 907.0 350.0
face 0.36 556.0 218.0 571.0 235.0
face 0.35 884.0 308.0 898.0 324.0
face 0.35 559.0 228.0 569.0 241.0
