face 0.95 175.0 185.0 274.0 307.0
face 0.58 344.0 222.0 359.0 241.0
face 0.56 536.0 157.0 579.0 211.0
face 0.39 854.0 50.0 1028.0 286.0
face 0.39 47.0 615.0 56.0 626.0
face 0.39 308.0 210.0 325.0 231.0
face 0.39 110.0 612.0 122.0 625.0
face 0.38 56.0 614.0 66.0 625.0
face 0.38 136.0 629.0 149.0 644.0
face 0.38 93.0 613.0 102.0 625.0
face 0.37 135.0 613.0 145.0 623.0
face 0.37 173.0 615.0 183.0 627.0
face 0.37 141.0 595.0 152.0 607.0
face 0.37 209.0 613.0 218.0 625.0
face 0.36 72.0 613.0 81.0 624.0
face 0.36 127.0 612.0 138.0 624.0
face 0.36 119.0 613.0 128.0 624.0
face 0.36 112.0 630.0 125.0 645.0
face 0.36 94.0 630.0 107.0 645.0
face 0.36 142.0 616.0 152.0 626.0
face 0.36 206.0 596.0 216.0 607.0
face 0.36 76.0 595.0 86.0 607.0
face 0.36 63.0 615.0 72.0 626.0
face 0.36 199.0 614.0 208.0 624.0
face 0.36 143.0 624.0 154.0 635.0
face 0.36 40.0 613.0 51.0 624.0
face 0.36 102.0 631.0 112.0 643.0
face 0.35 206.0 606.0 217.0 620.0
face 0.35 168.0 614.0 178.0 626.0
face 0.35 191.0 613.0 201.0 624.0
face 0.35 38.0 631.0 49.0 643.0
face 0.35 184.0 612.0 193.0 623.0
face 0.35 47.0 620.0 57.0 632.0
face 0.35 39.0 597.0 48.0 608.0
