face 1.00 324.0 397.0 657.0 714.0
face 0.80 491.0 504.0 751.0 787.0
face 0.78 800.0 1240.0 821.0 1266.0
face 0.69 716.0 1025.0 738.0 1056.0
face 0.67 381.0 222.0 696.0 504.0
face 0.66 308.0 1190.0 331.0 1220.0
face 0.65 884.0 997.0 901.0 1020.0
face 0.64 204.0 1030.0 229.0 1062.0
face 0.61 662.0 1460.0 693.0 1507.0
face 0.60 380.0 1401.0 410.0 1439.0
face 0.52 799.0 1395.0 813.0 1411.0
face 0.51 349.0 940.0 364.0 959.0
face 0.49 583.0 1298.0 605.0 1324.0
face 0.49 605.0 1146.0 649.0 1200.0
face 0.47 834.0 1471.0 859.0 1502.0
face 0.46 283.0 880.0 300.0 902.0
face 0.46 909.0 1154.0 926.0 1172.0
face 0.46 654.0 1079.0 671.0 1101.0
face 0.45 504.0 1275.0 527.0 1305.0
face 0.45 433.0 1280.0 454.0 1307.0
face 0.44 828.0 1078.0 840.0 1092.0
face 0.43 413.0 1273.0 430.0 1294.0
face 0.42 867.0 1009.0 883.0 1030.0
face 0.42 853.0 1071.0 869.0 1091.0
face 0.42 187.0 1025.0 202.0 1044.0
face 0.41 806.0 1199.0 833.0 1230.0
face 0.41 549.0 1150.0 577.0 1185.0
face 0.41 495.0 1334.0 521.0 1363.0
face 0.41 810.0 1074.0 824.0 1092.0
face 0.40 404.0 1401.0 420.0 1423.0
face 0.40 805.0 1107.0 820.0 1126.0
face 0.40 229.0 1077.0 244.0 1097.0
face 0.39 339.0 902.0 352.0 919.0
face 0.39 243.0 1042.0 266.0 1070.0
face 0.39 251.0 1269.0 266.0 1288.0
face 0.39 391.0 978.0 415.0 1010.0
face 0.38 477.0 1310.0 493.0 1331.0
face 0.38 322.0 1140.0 338.0 1159.0
face 0.38 563.0 1227.0 579.0 1246.0
face 0.38 330.0 909.0 350.0 937.0
face 0.38 632.0 1466.0 655.0 1496.0
face 0.38 941.0 1118.0 959.0 1142.0
face 0.37 166.0 1007.0 203.0 1052.0
face 0.37 466.0 1212.0 480.0 1230.0
face 0.37 472.0 1046.0 489.0 1067.0
face 0.37 277.0 1003.0 289.0 1019.0
face 0.36 860.0 1130.0 878.0 1153.0
face 0.36 700.0 1044.0 715.0 1062.0
face 0.36 540.0 1285.0 562.0 1316.0
face 0.36 429.0 1198.0 444.0 1217.0
face 0.36 446.0 1211.0 461.0 1229.0
face 0.36 650.0 1217.0 664.0 1234.0
face 0.36 636.0 1177.0 650.0 1198.0
face 0.36 482.0 1219.0 499.0 1240.0
face 0.36 671.0 1335.0 682.0 1349.0
face 0.36 822.0 1123.0 837.0 1142.0
face 0.36 239.0 1356.0 256.0 1377.0
face 0.36 795.0 1359.0 821.0 1389.0
face 0.36 454.0 1490.0 469.0 1510.0
face 0.36 290.0 1037.0 305.0 1055.0
face 0.36 248.0 1127.0 259.0 1141.0
face 0.35 470.0 1293.0 482.0 1307.0
face 0.35 253.0 1028.0 266.0 1043.0
face 0.35 358.0 1043.0 384.0 1078.0
face 0.35 458.0 1433.0 474.0 1457.0
face 0.35 790.0 1334.0 803.0 1348.0
face 0.35 491.0 1289.0 506.0 1310.0
face 0.35 229.0 982.0 243.0 1000.0
face 0.35 276.0 1028.0 289.0 1044.0
face 0.35 823.0 1392.0 834.0 1405.0
face 0.35 821.0 1094.0 833.0 1107.0
face 0.35 227.0 1216.0 270.0 1265.0
face 0.35 792.0 681.0 876.0 782.0
face 0.35 476.0 1292.0 493.0 1312.0
face 0.35 380.0 1187.0 397.0 1207.0
face 0.35 588.0 1241.0 605.0 1261.0
face 0.35 867.0 996.0 881.0 1013.0
face 0.35 831.0 1100.0 847.0 1117.0
face 0.35 667.0 1217.0 683.0 1235.0
face 0.35 525.0 1334.0 535.0 1347.0
face 0.35 437.0 1420.0 469.0 1460.0
face 0.35 843.0 1177.0 859.0 1197.0
face 0.35 564.0 1316.0 577.0 1332.0
face 0.35 535.0 1474.0 546.0 1488.0
