face 0.91 503.0 398.0 527.0 435.0
face 0.82 257.0 378.0 276.0 402.0
face 0.64 401.0 44.0 580.0 278.0
face 0.45 530.0 13.0 684.0 207.0
face 0.43 975.0 619.0 988.0 635.0
face 0.42 709.0 479.0 740.0 516.0
face 0.41 43.0 421.0 113.0 488.0
face 0.39 612.0 13.0 699.0 144.0
face 0.37 277.0 515.0 290.0 530.0
face 0.37 287.0 529.0 297.0 541.0
face 0.36 81.0 55.0 235.0 267.0
face 0.36 294.0 511.0 306.0 525.0
face 0.35 672.0 547.0 716.0 598.0
face 0.35 292.0 533.0 304.0 548.0
face 0.35 280.0 525.0 291.0 539.0
face 0.35 287.0 511.0 298.0 524.0
