face 0.99 756.0 566.0 770.0 582.0
face 0.97 280.0 506.0 297.0 527.0
face 0.97 850.0 499.0 865.0 518.0
face 0.95 615.0 602.0 629.0 618.0
face 0.95 823.0 572.0 835.0 586.0
face 0.93 980.0 583.0 995.0 600.0
face 0.92 903.0 563.0 914.0 578.0
face 0.91 868.0 573.0 880.0 587.0
face 0.90 851.0 555.0 865.0 571.0
face 0.84 875.0 665.0 888.0 682.0
face 0.81 751.0 624.0 763.0 639.0
face 0.71 908.0 518.0 918.0 530.0
face 0.65 769.0 623.0 781.0 637.0
face 0.64 38.0 463.0 52.0 481.0
face 0.60 710.0 421.0 726.0 441.0
face 0.59 618.0 567.0 628.0 578.0
face 0.58 928.0 566.0 937.0 576.0
face 0.49 900.0 487.0 913.0 504.0
face 0.48 817.0 528.0 827.0 540.0
face 0.47 1004.0 517.0 1016.0 533.0
face 0.46 533.0 523.0 555.0 551.0
face 0.45 260.0 657.0 278.0 679.0
face 0.42 998.0 612.0 1015.0 631.0
face 0.41 799.0 558.0 809.0 569.0
face 0.41 136.0 486.0 146.0 499.0
face 0.40 750.0 597.0 764.0 613.0
face 0.40 96.0 35.0 112.0 53.0
face 0.39 383.0 517.0 398.0 539.0
face 0.38 575.0 156.0 589.0 173.0
face 0.38 839.0 534.0 849.0 546.0
face 0.38 156.0 412.0 168.0 426.0
face 0.38 943.0 579.0 955.0 594.0
face 0.38 899.0 610.0 911.0 626.0
face 0.37 45.0 509.0 58.0 524.0
face 0.37 736.0 639.0 748.0 653.0
face 0.37 725.0 107.0 740.0 125.0
face 0.36 765.0 635.0 779.0 653.0
face 0.36 741.0 602.0 754.0 618.0
face 0.36 248.0 609.0 289.0 663.0
face 0.36 935.0 581.0 946.0 595.0
face 0.36 861.0 557.0 871.0 571.0
face 0.36 824.0 558.0 833.0 569.0
face 0.36 70.0 469.0 81.0 483.0
face 0.36 893.0 581.0 906.0 596.0
face 0.36 605.0 581.0 617.0 596.0
face 0.36 907.0 626.0 922.0 645.0
face 0.36 839.0 542.0 849.0 553.0
face 0.36 168.0 511.0 178.0 523.0
face 0.36 836.0 548.0 848.0 563.0
face 0.36 711.0 118.0 722.0 131.0
face 0.36 869.0 541.0 881.0 555.0
face 0.35 863.0 542.0 874.0 554.0
face 0.35 601.0 149.0 611.0 161.0
face 0.35 831.0 554.0 842.0 569.0
face 0.35 886.0 597.0 897.0 610.0
face 0.35 863.0 550.0 873.0 563.0
face 0.35 147.0 496.0 160.0 510.0
face 0.35 919.0 19.0 932.0 36.0
face 0.35 887.0 590.0 898.0 603.0
face 0.35 795.0 372.0 809.0 389.0
face 0.35 551.0 382.0 563.0 396.0
face 0.35 855.0 590.0 865.0 602.0
face 0.35 215.0 302.0 226.0 315.0
face 0.35 191.0 308.0 205.0 325.0
face 0.35 901.0 600.0 912.0 612.0
face 0.35 716.0 171.0 731.0 187.0
face 0.35 871.0 606.0 881.0 618.0
face 0.35 879.0 606.0 889.0 617.0
face 0.35 588.0 574.0 600.0 588.0
face 0.35 806.0 573.0 816.0 585.0
face 0.35 86.0 522.0 98.0 538.0
face 0.35 663.0 165.0 677.0 182.0
face 0.35 807.0 567.0 817.0 579.0
