face 1.00 389.0 180.0 468.0 288.0
face 1.00 322.0 191.0 384.0 275.0
face 0.99 696.0 59.0 791.0 203.0
face 0.96 282.0 221.0 312.0 263.0
face 0.54 317.0 42.0 335.0 65.0
face 0.51 45.0 220.0 68.0 247.0
face 0.49 254.0 256.0 271.0 278.0
face 0.45 854.0 21.0 884.0 59.0
face 0.44 455.0 159.0 499.0 220.0
face 0.41 936.0 268.0 961.0 305.0
face 0.41 477.0 52.0 493.0 69.0
face 0.40 526.0 124.0 543.0 146.0
face 0.39 522.0 15.0 541.0 39.0
face 0.39 180.0 242.0 243.0 311.0
face 0.36 534.0 47.0 548.0 64.0
face 0.36 837.0 214.0 849.0 227.0
face 0.36 691.0 322.0 709.0 344.0
face 0.36 725.0 336.0 920.0 595.0
face 0.36 59.0 356.0 75.0 377.0
face 0.36 448.0 431.0 547.0 501.0
face 0.35 334.0 63.0 346.0 76.0
