face 0.92 405.0 390.0 417.0 405.0
face 0.85 419.0 287.0 452.0 327.0
face 0.84 134.0 430.0 148.0 447.0
face 0.77 493.0 398.0 508.0 414.0
face 0.74 463.0 395.0 475.0 408.0
face 0.72 764.0 387.0 778.0 403.0
face 0.70 223.0 433.0 237.0 451.0
face 0.68 339.0 396.0 351.0 410.0
face 0.55 423.0 391.0 433.0 403.0
face 0.51 55.0 408.0 68.0 424.0
face 0.49 687.0 406.0 698.0 420.0
face 0.48 921.0 390.0 934.0 406.0
face 0.45 381.0 394.0 395.0 410.0
face 0.44 998.0 384.0 1012.0 401.0
face 0.43 197.0 422.0 211.0 436.0
face 0.42 487.0 397.0 500.0 412.0
face 0.42 167.0 430.0 178.0 442.0
face 0.42 246.0 421.0 259.0 436.0
face 0.41 191.0 423.0 203.0 438.0
face 0.40 934.0 440.0 946.0 453.0
face 0.37 204.0 427.0 216.0 442.0
face 0.37 447.0 398.0 456.0 410.0
face 0.37 278.0 402.0 291.0 417.0
face 0.37 182.0 423.0 196.0 438.0
face 0.37 174.0 429.0 185.0 442.0
face 0.36 662.0 390.0 673.0 404.0
face 0.36 669.0 391.0 681.0 405.0
face 0.36 117.0 430.0 128.0 442.0
face 0.36 131.0 365.0 150.0 386.0
face 0.36 207.0 435.0 218.0 449.0
face 0.36 639.0 380.0 650.0 393.0
face 0.36 870.0 373.0 880.0 385.0
face 0.36 148.0 428.0 161.0 442.0
face 0.36 577.0 398.0 587.0 409.0
face 0.36 310.0 501.0 321.0 514.0
face 0.36 310.0 469.0 321.0 482.0
face 0.36 141.0 429.0 152.0 442.0
face 0.36 862.0 390.0 871.0 401.0
face 0.36 110.0 436.0 124.0 450.0
face 0.36 699.0 172.0 713.0 190.0
face 0.36 244.0 436.0 259.0 452.0
face 0.35 943.0 383.0 952.0 394.0
face 0.35 176.0 424.0 186.0 435.0
face 0.35 216.0 430.0 226.0 443.0
face 0.35 224.0 424.0 234.0 435.0
face 0.35 838.0 389.0 849.0 402.0
face 0.35 404.0 365.0 417.0 380.0
face 0.35 438.0 389.0 449.0 404.0
face 0.35 321.0 391.0 332.0 405.0
face 0.35 160.0 428.0 171.0 442.0
face 0.35 988.0 385.0 1002.0 403.0
face 0.35 567.0 400.0 576.0 411.0
face 0.35 567.0 379.0 577.0 391.0
face 0.35 229.0 420.0 241.0 435.0
face 0.35 480.0 390.0 491.0 403.0
face 0.35 871.0 379.0 884.0 396.0
face 0.35 941.0 438.0 951.0 449.0
face 0.35 240.0 436.0 251.0 449.0
face 0.35 976.0 408.0 986.0 420.0
face 0.35 540.0 194.0 554.0 210.0
face 0.35 694.0 415.0 704.0 426.0
