face 1.00 304.0 273.0 439.0 453.0
face 1.00 494.0 39.0 640.0 227.0
face 1.00 30.0 381.0 77.0 443.0
face 0.98 181.0 383.0 225.0 447.0
face 0.98 232.0 284.0 272.0 343.0
face 0.92 242.0 174.0 298.0 273.0
face 0.77 58.0 261.0 76.0 284.0
face 0.59 73.0 240.0 87.0 261.0
face 0.45 222.0 517.0 234.0 531.0
face 0.45 38.0 248.0 73.0 297.0
face 0.43 160.0 258.0 172.0 276.0
face 0.40 270.0 243.0 282.0 257.0
face 0.39 213.0 2.0 239.0 27.0
face 0.36 116.0 363.0 132.0 383.0
face 0.36 119.0 281.0 129.0 293.0
face 0.36 236.0 597.0 247.0 611.0
face 0.36 115.0 343.0 131.0 363.0
face 0.35 222.0 545.0 238.0 564.0
