face 1.00 810.0 661.0 893.0 768.0
face 1.00 433.0 722.0 513.0 828.0
face 0.96 149.0 349.0 356.0 601.0
face 0.51 57.0 735.0 288.0 972.0
face 0.45 461.0 50.0 473.0 65.0
face 0.45 205.0 136.0 217.0 150.0
face 0.44 11.0 212.0 23.0 229.0
face 0.44 134.0 109.0 146.0 125.0
face 0.43 373.0 342.0 384.0 354.0
face 0.43 35.0 252.0 50.0 271.0
face 0.41 104.0 103.0 114.0 116.0
face 0.41 412.0 33.0 426.0 51.0
face 0.40 379.0 107.0 393.0 123.0
face 0.40 230.0 200.0 241.0 213.0
face 0.39 503.0 113.0 517.0 133.0
face 0.39 296.0 187.0 308.0 202.0
face 0.38 426.0 49.0 442.0 66.0
face 0.38 197.0 180.0 211.0 197.0
face 0.37 638.0 985.0 653.0 1005.0
face 0.37 600.0 99.0 614.0 117.0
face 0.37 480.0 84.0 490.0 96.0
face 0.37 755.0 69.0 767.0 85.0
face 0.37 292.0 207.0 305.0 223.0
face 0.37 36.0 403.0 51.0 421.0
face 0.37 213.0 211.0 226.0 228.0
face 0.37 341.0 165.0 353.0 179.0
face 0.36 181.0 141.0 195.0 157.0
face 0.36 455.0 50.0 466.0 64.0
face 0.36 363.0 522.0 377.0 540.0
face 0.36 254.0 269.0 267.0 285.0
face 0.36 484.0 83.0 498.0 98.0
face 0.36 224.0 231.0 234.0 242.0
face 0.36 247.0 260.0 258.0 273.0
face 0.36 254.0 263.0 265.0 275.0
face 0.36 86.0 139.0 100.0 156.0
face 0.36 376.0 103.0 386.0 116.0
face 0.36 125.0 293.0 136.0 306.0
face 0.36 379.0 36.0 393.0 53.0
face 0.36 393.0 187.0 406.0 205.0
face 0.36 447.0 53.0 458.0 66.0
face 0.36 0.0 401.0 12.0 418.0
face 0.36 368.0 141.0 379.0 155.0
face 0.36 119.0 109.0 130.0 121.0
face 0.36 287.0 211.0 300.0 228.0
face 0.36 191.0 143.0 200.0 156.0
face 0.36 127.0 79.0 137.0 91.0
face 0.36 741.0 163.0 752.0 176.0
face 0.36 127.0 85.0 139.0 99.0
face 0.36 224.0 204.0 235.0 218.0
face 0.36 295.0 254.0 306.0 266.0
face 0.35 620.0 74.0 634.0 91.0
face 0.35 383.0 93.0 393.0 104.0
face 0.35 384.0 148.0 397.0 164.0
face 0.35 400.0 109.0 411.0 122.0
face 0.35 231.0 230.0 241.0 240.0
face 0.35 5.0 422.0 16.0 435.0
face 0.35 134.0 90.0 146.0 105.0
face 0.35 392.0 196.0 403.0 210.0
face 0.35 348.0 40.0 365.0 61.0
face 0.35 23.0 478.0 32.0 489.0
face 0.35 309.0 203.0 321.0 219.0
face 0.35 285.0 259.0 300.0 276.0
face 0.35 210.0 207.0 219.0 219.0
face 0.35 150.0 125.0 162.0 140.0
face 0.35 207.0 174.0 218.0 186.0
face 0.35 487.0 105.0 497.0 116.0
face 0.35 206.0 165.0 218.0 179.0
face 0.35 206.0 230.0 217.0 243.0
face 0.35 281.0 215.0 291.0 226.0
face 0.35 494.0 102.0 507.0 117.0
face 0.35 318.0 230.0 328.0 242.0
face 0.35 424.0 416.0 434.0 427.0
face 0.35 254.0 254.0 266.0 268.0
face 0.35 22.0 406.0 34.0 420.0
face 0.35 295.0 275.0 310.0 291.0
face 0.35 387.0 428.0 399.0 443.0
face 0.35 375.0 118.0 385.0 130.0
face 0.35 215.0 175.0 224.0 187.0
face 0.35 390.0 93.0 401.0 107.0
face 0.35 238.0 259.0 251.0 275.0
