face 1.00 72.0 207.0 118.0 265.0
face 1.00 845.0 211.0 881.0 259.0
face 1.00 590.0 209.0 629.0 254.0
face 1.00 398.0 241.0 428.0 276.0
face 1.00 282.0 242.0 312.0 283.0
face 0.96 533.0 261.0 561.0 292.0
face 0.92 367.0 248.0 392.0 281.0
face 0.88 986.0 257.0 1012.0 286.0
face 0.72 173.0 216.0 214.0 273.0
face 0.64 43.0 669.0 57.0 682.0
face 0.63 749.0 226.0 774.0 259.0
face 0.55 969.0 334.0 1008.0 404.0
face 0.48 686.0 564.0 702.0 582.0
face 0.45 696.0 243.0 709.0 261.0
face 0.45 278.0 321.0 322.0 376.0
face 0.45 250.0 318.0 266.0 338.0
face 0.45 637.0 241.0 650.0 259.0
face 0.44 424.0 580.0 436.0 595.0
face 0.43 1013.0 151.0 1024.0 164.0
face 0.43 258.0 345.0 273.0 363.0
face 0.41 552.0 155.0 565.0 169.0
face 0.38 700.0 281.0 716.0 299.0
face 0.38 333.0 27.0 347.0 45.0
face 0.38 502.0 28.0 515.0 43.0
face 0.38 739.0 568.0 757.0 590.0
face 0.37 320.0 30.0 330.0 42.0
face 0.37 810.0 155.0 823.0 172.0
face 0.36 316.0 327.0 328.0 342.0
face 0.36 280.0 321.0 301.0 346.0
face 0.36 172.0 188.0 187.0 206.0
face 0.36 516.0 267.0 529.0 282.0
face 0.36 520.0 111.0 529.0 122.0
face 0.35 310.0 15.0 321.0 27.0
face 0.35 302.0 12.0 317.0 30.0
face 0.35 367.0 62.0 377.0 75.0
face 0.35 680.0 566.0 691.0 578.0
face 0.35 556.0 33.0 569.0 51.0
face 0.35 374.0 69.0 386.0 83.0
face 0.35 16.0 245.0 30.0 260.0
face 0.35 344.0 21.0 354.0 34.0
face 0.35 838.0 189.0 850.0 204.0
face 0.35 348.0 20.0 360.0 34.0
face 0.35 557.0 195.0 571.0 212.0
