face 1.00 563.0 462.0 608.0 523.0
face 1.00 429.0 560.0 504.0 670.0
face 1.00 783.0 303.0 826.0 353.0
face 1.00 202.0 403.0 224.0 430.0
face 1.00 792.0 423.0 859.0 504.0
face 1.00 578.0 386.0 604.0 419.0
face 1.00 698.0 312.0 718.0 337.0
face 1.00 16.0 472.0 58.0 525.0
face 1.00 699.0 373.0 729.0 407.0
face 1.00 634.0 394.0 671.0 440.0
face 1.00 618.0 332.0 636.0 356.0
face 0.99 527.0 330.0 542.0 349.0
face 0.99 223.0 423.0 261.0 475.0
face 0.99 403.0 371.0 421.0 394.0
face 0.99 656.0 303.0 675.0 328.0
face 0.98 352.0 432.0 401.0 495.0
face 0.98 863.0 270.0 891.0 301.0
face 0.98 612.0 304.0 626.0 320.0
face 0.96 620.0 389.0 636.0 410.0
face 0.95 516.0 316.0 526.0 328.0
face 0.95 46.0 432.0 62.0 453.0
face 0.94 449.0 350.0 464.0 371.0
face 0.94 727.0 335.0 751.0 364.0
face 0.91 793.0 270.0 815.0 296.0
face 0.89 865.0 304.0 894.0 341.0
face 0.89 255.0 370.0 267.0 385.0
face 0.88 289.0 348.0 301.0 363.0
face 0.84 488.0 373.0 503.0 392.0
face 0.83 92.0 378.0 106.0 394.0
face 0.81 173.0 399.0 189.0 419.0
face 0.78 467.0 408.0 493.0 438.0
face 0.73 578.0 333.0 591.0 349.0
face 0.72 156.0 425.0 170.0 443.0
face 0.71 600.0 207.0 614.0 223.0
face 0.70 979.0 352.0 1022.0 419.0
face 0.67 706.0 276.0 721.0 294.0
face 0.66 643.0 308.0 655.0 321.0
face 0.65 138.0 374.0 152.0 391.0
face 0.65 722.0 253.0 745.0 279.0
face 0.63 360.0 342.0 371.0 356.0
face 0.61 168.0 372.0 178.0 385.0
face 0.57 591.0 307.0 601.0 320.0
face 0.57 56.0 478.0 78.0 507.0
face 0.57 397.0 437.0 422.0 472.0
face 0.55 221.0 128.0 232.0 142.0
face 0.54 742.0 303.0 753.0 315.0
face 0.50 348.0 360.0 359.0 373.0
face 0.50 200.0 388.0 213.0 403.0
face 0.50 509.0 352.0 523.0 368.0
face 0.50 265.0 334.0 275.0 346.0
face 0.49 270.0 350.0 279.0 362.0
face 0.49 580.0 294.0 590.0 306.0
face 0.48 361.0 325.0 370.0 336.0
face 0.47 846.0 286.0 857.0 299.0
face 0.46 456.0 287.0 466.0 300.0
face 0.46 183.0 480.0 223.0 528.0
face 0.45 183.0 334.0 193.0 346.0
face 0.45 55.0 392.0 67.0 406.0
face 0.45 278.0 369.0 289.0 384.0
face 0.44 468.0 349.0 478.0 362.0
face 0.44 346.0 397.0 372.0 430.0
face 0.44 111.0 381.0 125.0 399.0
face 0.43 824.0 247.0 834.0 260.0
face 0.43 695.0 291.0 708.0 306.0
face 0.43 391.0 331.0 405.0 347.0
face 0.42 646.0 270.0 656.0 282.0
face 0.42 226.0 328.0 235.0 340.0
face 0.41 231.0 364.0 245.0 381.0
face 0.41 967.0 370.0 999.0 411.0
face 0.40 400.0 349.0 411.0 363.0
face 0.40 283.0 404.0 297.0 423.0
face 0.40 381.0 325.0 391.0 338.0
face 0.40 128.0 424.0 153.0 456.0
face 0.40 302.0 437.0 314.0 451.0
face 0.40 174.0 419.0 187.0 434.0
face 0.39 867.0 395.0 914.0 447.0
face 0.39 828.0 332.0 844.0 353.0
face 0.39 822.0 277.0 832.0 290.0
face 0.39 509.0 331.0 520.0 346.0
face 0.39 438.0 496.0 456.0 519.0
face 0.39 607.0 287.0 616.0 299.0
face 0.39 951.0 469.0 977.0 498.0
face 0.39 452.0 323.0 464.0 338.0
face 0.39 486.0 317.0 496.0 328.0
face 0.38 630.0 296.0 639.0 306.0
face 0.38 335.0 343.0 346.0 355.0
face 0.38 739.0 258.0 753.0 275.0
face 0.38 709.0 292.0 723.0 308.0
face 0.38 373.0 342.0 384.0 356.0
face 0.38 540.0 314.0 553.0 329.0
face 0.38 415.0 316.0 427.0 329.0
face 0.38 190.0 357.0 201.0 370.0
face 0.38 183.0 421.0 193.0 434.0
face 0.38 814.0 269.0 828.0 287.0
face 0.38 149.0 356.0 162.0 372.0
face 0.38 598.0 309.0 609.0 321.0
face 0.38 682.0 315.0 699.0 333.0
face 0.38 589.0 331.0 601.0 346.0
face 0.38 17.0 401.0 42.0 430.0
face 0.38 743.0 383.0 754.0 397.0
face 0.38 271.0 373.0 282.0 386.0
face 0.38 558.0 326.0 570.0 342.0
face 0.37 447.0 317.0 459.0 334.0
face 0.37 311.0 350.0 322.0 363.0
face 0.37 47.0 402.0 60.0 418.0
face 0.37 157.0 356.0 169.0 370.0
face 0.37 534.0 303.0 543.0 312.0
face 0.37 510.0 386.0 524.0 404.0
face 0.37 2.0 453.0 14.0 470.0
face 0.37 279.0 359.0 289.0 370.0
face 0.37 464.0 343.0 476.0 357.0
face 0.37 576.0 326.0 587.0 338.0
face 0.37 559.0 289.0 568.0 300.0
face 0.37 140.0 438.0 151.0 451.0
face 0.37 600.0 294.0 610.0 306.0
face 0.37 161.0 366.0 170.0 378.0
face 0.37 310.0 336.0 322.0 350.0
face 0.37 187.0 412.0 203.0 431.0
face 0.37 625.0 294.0 635.0 305.0
face 0.37 490.0 340.0 502.0 356.0
face 0.37 143.0 366.0 154.0 378.0
face 0.37 243.0 324.0 255.0 338.0
face 0.37 156.0 349.0 168.0 363.0
face 0.37 206.0 365.0 216.0 379.0
face 0.37 373.0 389.0 384.0 404.0
face 0.37 183.0 427.0 196.0 442.0
face 0.37 271.0 356.0 281.0 367.0
face 0.37 541.0 333.0 553.0 348.0
face 0.37 685.0 263.0 696.0 277.0
face 0.37 487.0 300.0 499.0 313.0
face 0.37 143.0 359.0 153.0 371.0
face 0.37 284.0 332.0 296.0 346.0
face 0.37 282.0 327.0 291.0 338.0
face 0.37 829.0 275.0 842.0 291.0
face 0.37 391.0 318.0 406.0 336.0
face 0.37 854.0 286.0 866.0 300.0
face 0.37 84.0 398.0 101.0 417.0
face 0.37 423.0 341.0 434.0 355.0
face 0.37 607.0 308.0 617.0 321.0
face 0.37 188.0 331.0 200.0 346.0
face 0.37 718.0 252.0 730.0 267.0
face 0.37 584.0 299.0 594.0 312.0
face 0.37 199.0 365.0 210.0 378.0
face 0.37 335.0 335.0 345.0 346.0
face 0.37 631.0 287.0 640.0 297.0
face 0.37 167.0 379.0 176.0 392.0
face 0.37 166.0 340.0 177.0 355.0
face 0.37 366.0 342.0 377.0 355.0
face 0.36 599.0 285.0 610.0 298.0
face 0.36 521.0 302.0 529.0 313.0
face 0.36 159.0 342.0 169.0 355.0
face 0.36 264.0 347.0 276.0 362.0
face 0.36 280.0 342.0 289.0 353.0
face 0.36 729.0 277.0 739.0 289.0
face 0.36 151.0 382.0 161.0 394.0
face 0.36 838.0 262.0 847.0 274.0
face 0.36 160.0 384.0 169.0 395.0
face 0.36 575.0 287.0 586.0 300.0
face 0.36 624.0 288.0 633.0 298.0
face 0.36 565.0 326.0 576.0 339.0
face 0.36 575.0 299.0 585.0 312.0
face 0.36 600.0 302.0 609.0 314.0
face 0.36 326.0 332.0 337.0 346.0
face 0.36 159.0 390.0 170.0 404.0
face 0.36 815.0 262.0 825.0 274.0
face 0.36 593.0 285.0 601.0 296.0
face 0.36 728.0 212.0 742.0 230.0
face 0.36 695.0 277.0 705.0 289.0
face 0.36 149.0 389.0 162.0 404.0
face 0.36 574.0 319.0 584.0 331.0
face 0.36 505.0 327.0 514.0 339.0
face 0.36 284.0 378.0 299.0 397.0
face 0.36 264.0 340.0 274.0 353.0
face 0.36 734.0 270.0 744.0 281.0
face 0.36 341.0 349.0 352.0 361.0
face 0.36 304.0 327.0 313.0 338.0
face 0.36 404.0 309.0 416.0 324.0
face 0.36 511.0 343.0 521.0 356.0
face 0.36 38.0 398.0 51.0 414.0
face 0.36 832.0 265.0 842.0 275.0
face 0.36 150.0 364.0 160.0 377.0
face 0.36 421.0 311.0 431.0 323.0
face 0.36 995.0 336.0 1024.0 375.0
face 0.36 597.0 326.0 610.0 341.0
face 0.36 710.0 261.0 722.0 275.0
face 0.36 166.0 349.0 177.0 362.0
face 0.36 527.0 302.0 537.0 314.0
face 0.36 320.0 333.0 330.0 346.0
face 0.36 60.0 389.0 71.0 402.0
face 0.36 660.0 203.0 673.0 220.0
face 0.36 286.0 155.0 301.0 173.0
face 0.36 534.0 390.0 545.0 403.0
face 0.36 447.0 312.0 456.0 324.0
face 0.36 255.0 359.0 266.0 371.0
face 0.36 551.0 304.0 561.0 314.0
face 0.36 351.0 319.0 362.0 331.0
face 0.36 102.0 381.0 113.0 394.0
face 0.36 214.0 350.0 224.0 361.0
face 0.36 69.0 365.0 80.0 377.0
face 0.36 408.0 397.0 419.0 410.0
face 0.36 126.0 363.0 138.0 378.0
face 0.36 472.0 335.0 481.0 346.0
face 0.36 537.0 311.0 547.0 323.0
face 0.36 614.0 285.0 624.0 298.0
face 0.36 209.0 344.0 219.0 354.0
face 0.36 303.0 350.0 314.0 363.0
face 0.36 173.0 367.0 183.0 378.0
face 0.36 672.0 262.0 683.0 275.0
face 0.36 575.0 311.0 584.0 322.0
face 0.36 431.0 327.0 441.0 339.0
face 0.36 198.0 478.0 208.0 489.0
face 0.36 502.0 287.0 511.0 298.0
face 0.36 504.0 318.0 513.0 329.0
face 0.36 112.0 375.0 122.0 387.0
face 0.36 262.0 374.0 273.0 387.0
face 0.36 772.0 263.0 784.0 278.0
face 0.36 807.0 271.0 817.0 283.0
face 0.36 151.0 374.0 161.0 387.0
face 0.36 184.0 359.0 195.0 371.0
face 0.36 735.0 262.0 746.0 275.0
face 0.36 831.0 270.0 841.0 281.0
face 0.36 184.0 436.0 195.0 449.0
face 0.36 255.0 318.0 265.0 330.0
face 0.36 127.0 424.0 138.0 438.0
face 0.36 352.0 352.0 361.0 364.0
face 0.36 631.0 309.0 641.0 320.0
face 0.36 455.0 332.0 465.0 345.0
face 0.36 164.0 445.0 176.0 460.0
face 0.36 262.0 356.0 273.0 369.0
face 0.36 168.0 359.0 177.0 371.0
face 0.36 407.0 292.0 417.0 303.0
face 0.36 255.0 342.0 265.0 354.0
face 0.36 64.0 372.0 74.0 385.0
face 0.35 238.0 358.0 249.0 370.0
face 0.35 175.0 342.0 185.0 354.0
face 0.35 583.0 320.0 592.0 331.0
face 0.35 342.0 334.0 351.0 345.0
face 0.35 190.0 439.0 200.0 450.0
face 0.35 749.0 293.0 762.0 309.0
face 0.35 488.0 335.0 498.0 347.0
face 0.35 504.0 311.0 513.0 322.0
face 0.35 822.0 259.0 832.0 273.0
face 0.35 280.0 380.0 291.0 394.0
face 0.35 335.0 358.0 345.0 370.0
face 0.35 136.0 366.0 146.0 378.0
face 0.35 604.0 324.0 618.0 340.0
face 0.35 343.0 319.0 352.0 330.0
face 0.35 727.0 285.0 738.0 299.0
face 0.35 643.0 201.0 657.0 221.0
face 0.35 919.0 286.0 929.0 299.0
face 0.35 734.0 319.0 746.0 333.0
face 0.35 718.0 286.0 728.0 299.0
face 0.35 224.0 350.0 234.0 362.0
face 0.35 78.0 356.0 91.0 371.0
face 0.35 415.0 326.0 426.0 337.0
face 0.35 364.0 356.0 379.0 372.0
face 0.35 421.0 324.0 434.0 339.0
face 0.35 255.0 349.0 266.0 362.0
face 0.35 79.0 375.0 89.0 386.0
face 0.35 161.0 373.0 171.0 385.0
face 0.35 133.0 423.0 145.0 437.0
face 0.35 612.0 277.0 623.0 291.0
face 0.35 416.0 334.0 426.0 346.0
face 0.35 181.0 404.0 192.0 416.0
face 0.35 151.0 437.0 161.0 449.0
face 0.35 773.0 311.0 797.0 339.0
face 0.35 389.0 371.0 402.0 387.0
face 0.35 815.0 255.0 825.0 266.0
face 0.35 304.0 334.0 314.0 346.0
face 0.35 486.0 324.0 498.0 337.0
face 0.35 549.0 311.0 560.0 324.0
face 0.35 592.0 316.0 602.0 328.0
face 0.35 528.0 296.0 537.0 307.0
face 0.35 135.0 356.0 146.0 369.0
face 0.35 367.0 334.0 377.0 346.0
face 0.35 270.0 343.0 280.0 355.0
face 0.35 134.0 350.0 144.0 363.0
face 0.35 686.0 212.0 698.0 228.0
face 0.35 588.0 339.0 601.0 355.0
face 0.35 701.0 220.0 715.0 234.0
face 0.35 559.0 318.0 568.0 330.0
face 0.35 128.0 372.0 140.0 387.0
face 0.35 663.0 286.0 674.0 299.0
face 0.35 839.0 256.0 849.0 267.0
face 0.35 360.0 333.0 370.0 348.0
face 0.35 544.0 305.0 553.0 315.0
face 0.35 285.0 373.0 296.0 386.0
face 0.35 135.0 444.0 147.0 458.0
face 0.35 703.0 213.0 714.0 226.0
face 0.35 231.0 358.0 241.0 371.0
face 0.35 774.0 244.0 786.0 261.0
face 0.35 294.0 342.0 305.0 356.0
face 0.35 807.0 255.0 817.0 266.0
face 0.35 702.0 237.0 715.0 253.0
face 0.35 592.0 295.0 601.0 306.0
face 0.35 438.0 301.0 448.0 313.0
face 0.35 174.0 350.0 184.0 362.0
face 0.35 471.0 365.0 481.0 378.0
face 0.35 151.0 344.0 161.0 356.0
face 0.35 831.0 255.0 841.0 265.0
face 0.35 231.0 343.0 242.0 357.0
face 0.35 726.0 302.0 736.0 314.0
face 0.35 94.0 399.0 104.0 412.0
face 0.35 471.0 320.0 480.0 330.0
face 0.35 733.0 285.0 744.0 298.0
face 0.35 213.0 356.0 225.0 371.0
face 0.35 263.0 329.0 273.0 341.0
face 0.35 534.0 297.0 544.0 307.0
face 0.35 80.0 398.0 92.0 412.0
face 0.35 245.0 332.0 256.0 345.0
face 0.35 0.0 379.0 11.0 398.0
