face 1.00 328.0 208.0 367.0 254.0
face 1.00 569.0 178.0 603.0 222.0
face 1.00 788.0 157.0 832.0 213.0
face 1.00 855.0 173.0 890.0 216.0
face 1.00 232.0 153.0 271.0 201.0
face 1.00 932.0 156.0 968.0 201.0
face 1.00 611.0 175.0 650.0 224.0
face 1.00 403.0 167.0 441.0 213.0
face 1.00 501.0 164.0 537.0 213.0
face 1.00 111.0 185.0 156.0 239.0
face 0.99 855.0 357.0 879.0 386.0
face 0.92 286.0 188.0 320.0 231.0
face 0.90 1.0 190.0 32.0 231.0
face 0.89 316.0 171.0 339.0 201.0
face 0.72 723.0 171.0 740.0 195.0
face 0.56 653.0 571.0 682.0 601.0
face 0.51 797.0 574.0 814.0 594.0
face 0.50 495.0 575.0 545.0 633.0
face 0.46 794.0 430.0 809.0 447.0
face 0.46 796.0 544.0 841.0 599.0
face 0.46 898.0 596.0 945.0 646.0
face 0.43 3.0 445.0 24.0 474.0
face 0.42 143.0 175.0 165.0 203.0
face 0.40 988.0 73.0 1010.0 103.0
face 0.40 629.0 347.0 647.0 367.0
face 0.40 927.0 134.0 951.0 160.0
face 0.40 476.0 688.0 494.0 705.0
face 0.38 571.0 98.0 587.0 121.0
face 0.36 1011.0 330.0 1023.0 349.0
face 0.36 746.0 59.0 764.0 81.0
face 0.36 850.0 562.0 865.0 579.0
