face 1.00 145.0 182.0 172.0 214.0
face 1.00 820.0 279.0 843.0 307.0
face 1.00 230.0 64.0 258.0 100.0
face 0.99 875.0 311.0 908.0 348.0
face 0.99 100.0 238.0 131.0 280.0
face 0.98 850.0 272.0 871.0 296.0
face 0.95 22.0 31.0 42.0 55.0
face 0.93 330.0 86.0 354.0 122.0
face 0.89 169.0 174.0 194.0 203.0
face 0.82 767.0 289.0 795.0 323.0
face 0.82 294.0 236.0 309.0 256.0
face 0.81 210.0 50.0 225.0 67.0
face 0.80 834.0 142.0 852.0 165.0
face 0.77 404.0 243.0 424.0 267.0
face 0.73 361.0 246.0 387.0 276.0
face 0.71 930.0 273.0 955.0 303.0
face 0.68 644.0 238.0 662.0 260.0
face 0.65 266.0 281.0 289.0 320.0
face 0.64 490.0 319.0 506.0 339.0
face 0.59 652.0 291.0 680.0 330.0
face 0.58 429.0 229.0 452.0 261.0
face 0.56 236.0 217.0 253.0 238.0
face 0.55 964.0 266.0 997.0 305.0
face 0.52 253.0 619.0 278.0 647.0
face 0.41 302.0 337.0 313.0 350.0
face 0.41 165.0 335.0 179.0 351.0
face 0.39 222.0 703.0 238.0 723.0
face 0.38 388.0 244.0 404.0 264.0
face 0.38 293.0 631.0 320.0 661.0
face 0.37 219.0 226.0 233.0 241.0
face 0.36 157.0 288.0 193.0 331.0
face 0.36 942.0 230.0 956.0 248.0
face 0.35 246.0 694.0 257.0 707.0
