face 1.00 473.0 159.0 512.0 207.0
face 1.00 808.0 179.0 841.0 229.0
face 0.99 309.0 168.0 339.0 215.0
face 0.99 596.0 168.0 624.0 215.0
face 0.98 1.0 297.0 37.0 347.0
face 0.97 908.0 112.0 923.0 132.0
face 0.96 415.0 132.0 441.0 166.0
face 0.93 745.0 265.0 777.0 314.0
face 0.92 406.0 226.0 457.0 307.0
face 0.80 973.0 135.0 1001.0 166.0
face 0.79 697.0 136.0 721.0 167.0
face 0.72 365.0 172.0 395.0 216.0
face 0.69 717.0 157.0 757.0 214.0
face 0.67 211.0 275.0 250.0 334.0
face 0.65 687.0 85.0 697.0 97.0
face 0.64 516.0 111.0 529.0 127.0
face 0.63 202.0 128.0 220.0 150.0
face 0.61 663.0 168.0 712.0 238.0
face 0.61 638.0 121.0 666.0 155.0
face 0.60 429.0 133.0 452.0 160.0
face 0.60 305.0 98.0 317.0 113.0
face 0.59 382.0 86.0 393.0 98.0
face 0.57 771.0 123.0 790.0 149.0
face 0.52 839.0 174.0 873.0 221.0
face 0.50 556.0 236.0 589.0 283.0
face 0.47 126.0 163.0 145.0 190.0
face 0.47 574.0 92.0 585.0 105.0
face 0.47 703.0 93.0 716.0 109.0
face 0.47 643.0 39.0 659.0 57.0
face 0.47 986.0 144.0 1011.0 175.0
face 0.46 576.0 160.0 595.0 188.0
face 0.46 997.0 88.0 1007.0 100.0
face 0.44 409.0 280.0 427.0 304.0
face 0.44 848.0 321.0 873.0 353.0
face 0.44 909.0 172.0 935.0 207.0
face 0.43 14.0 123.0 27.0 138.0
face 0.43 408.0 196.0 421.0 214.0
face 0.43 295.0 294.0 307.0 308.0
face 0.43 261.0 136.0 277.0 155.0
face 0.43 109.0 138.0 121.0 153.0
face 0.42 77.0 164.0 88.0 177.0
face 0.42 124.0 97.0 134.0 108.0
face 0.42 950.0 123.0 961.0 137.0
face 0.42 860.0 117.0 874.0 133.0
face 0.42 938.0 257.0 989.0 316.0
face 0.41 379.0 49.0 395.0 67.0
face 0.41 971.0 123.0 986.0 140.0
face 0.40 702.0 87.0 712.0 99.0
face 0.40 1007.0 99.0 1022.0 117.0
face 0.40 21.0 124.0 34.0 140.0
face 0.39 52.0 93.0 66.0 109.0
face 0.39 22.0 75.0 37.0 91.0
face 0.39 407.0 78.0 417.0 90.0
face 0.39 950.0 99.0 961.0 113.0
face 0.39 759.0 110.0 770.0 123.0
face 0.39 238.0 109.0 248.0 123.0
face 0.39 695.0 101.0 704.0 112.0
face 0.39 983.0 94.0 993.0 105.0
face 0.39 600.0 100.0 611.0 115.0
face 0.38 382.0 175.0 393.0 189.0
face 0.38 102.0 101.0 117.0 118.0
face 0.38 752.0 94.0 762.0 106.0
face 0.38 737.0 179.0 763.0 214.0
face 0.38 694.0 85.0 705.0 98.0
face 0.38 720.0 104.0 729.0 115.0
face 0.38 967.0 118.0 978.0 132.0
face 0.38 1001.0 34.0 1023.0 63.0
face 0.38 120.0 86.0 129.0 97.0
face 0.38 390.0 94.0 401.0 107.0
face 0.38 616.0 99.0 631.0 117.0
face 0.38 768.0 95.0 777.0 107.0
face 0.38 933.0 109.0 946.0 124.0
face 0.38 112.0 86.0 122.0 97.0
face 0.38 918.0 94.0 930.0 109.0
face 0.38 509.0 92.0 523.0 107.0
face 0.38 934.0 148.0 948.0 165.0
face 0.38 454.0 88.0 465.0 101.0
face 0.38 560.0 37.0 570.0 48.0
face 0.38 414.0 69.0 426.0 84.0
face 0.38 983.0 78.0 992.0 89.0
face 0.38 967.0 111.0 977.0 123.0
face 0.38 104.0 70.0 113.0 81.0
face 0.38 781.0 304.0 798.0 325.0
face 0.37 672.0 79.0 681.0 91.0
face 0.37 702.0 81.0 711.0 91.0
face 0.37 557.0 88.0 568.0 100.0
face 0.37 696.0 80.0 705.0 90.0
face 0.37 968.0 88.0 977.0 100.0
face 0.37 982.0 102.0 992.0 113.0
face 0.37 870.0 92.0 881.0 106.0
face 0.37 556.0 155.0 568.0 172.0
face 0.37 111.0 95.0 121.0 106.0
face 0.37 372.0 96.0 388.0 117.0
face 0.37 411.0 108.0 425.0 124.0
face 0.37 408.0 60.0 419.0 73.0
face 0.37 822.0 115.0 837.0 131.0
face 0.37 734.0 66.0 747.0 81.0
face 0.37 884.0 84.0 900.0 103.0
face 0.37 23.0 86.0 33.0 98.0
face 0.37 578.0 126.0 594.0 144.0
face 0.37 976.0 79.0 986.0 90.0
face 0.37 295.0 102.0 305.0 114.0
face 0.37 227.0 134.0 241.0 150.0
face 0.37 371.0 163.0 385.0 179.0
face 0.37 991.0 91.0 1001.0 103.0
face 0.37 320.0 85.0 330.0 98.0
face 0.37 238.0 78.0 247.0 88.0
face 0.37 925.0 98.0 938.0 114.0
face 0.37 246.0 118.0 258.0 132.0
face 0.37 422.0 101.0 434.0 116.0
face 0.37 673.0 60.0 683.0 72.0
face 0.37 199.0 102.0 210.0 115.0
face 0.37 581.0 86.0 592.0 97.0
face 0.37 196.0 112.0 212.0 131.0
face 0.37 775.0 88.0 784.0 99.0
face 0.37 190.0 106.0 203.0 122.0
face 0.37 46.0 78.0 56.0 89.0
face 0.37 238.0 95.0 247.0 106.0
face 0.37 109.0 111.0 122.0 124.0
face 0.37 120.0 100.0 133.0 115.0
face 0.37 399.0 61.0 408.0 72.0
face 0.37 126.0 108.0 138.0 123.0
face 0.37 943.0 95.0 953.0 107.0
face 0.37 991.0 111.0 1001.0 123.0
face 0.37 756.0 94.0 770.0 108.0
face 0.37 390.0 87.0 400.0 99.0
face 0.37 23.0 93.0 32.0 104.0
face 0.37 119.0 80.0 129.0 91.0
face 0.37 1.0 101.0 11.0 115.0
face 0.37 64.0 86.0 74.0 98.0
face 0.37 934.0 102.0 944.0 115.0
face 0.37 123.0 88.0 135.0 101.0
face 0.37 631.0 53.0 640.0 64.0
face 0.37 263.0 102.0 277.0 118.0
face 0.36 414.0 87.0 424.0 98.0
face 0.36 119.0 111.0 130.0 123.0
face 0.36 726.0 86.0 736.0 98.0
face 0.36 144.0 38.0 156.0 53.0
face 0.36 95.0 79.0 105.0 91.0
face 0.36 664.0 81.0 674.0 91.0
face 0.36 942.0 118.0 953.0 130.0
face 0.36 256.0 93.0 265.0 105.0
face 0.36 709.0 118.0 721.0 130.0
face 0.36 503.0 110.0 515.0 124.0
face 0.36 726.0 78.0 739.0 93.0
face 0.36 86.0 76.0 99.0 91.0
face 0.36 168.0 104.0 179.0 116.0
face 0.36 408.0 85.0 419.0 98.0
face 0.36 601.0 92.0 614.0 108.0
face 0.36 646.0 -1.0 662.0 13.0
face 0.36 46.0 87.0 56.0 99.0
face 0.36 248.0 95.0 257.0 106.0
face 0.36 388.0 98.0 404.0 117.0
face 0.36 764.0 100.0 777.0 115.0
face 0.36 943.0 99.0 956.0 115.0
face 0.36 680.0 79.0 689.0 89.0
face 0.36 709.0 100.0 720.0 112.0
face 0.36 254.0 100.0 267.0 116.0
face 0.36 835.0 114.0 849.0 131.0
face 0.36 752.0 78.0 762.0 90.0
face 0.36 590.0 110.0 601.0 122.0
face 0.36 399.0 78.0 411.0 92.0
face 0.36 247.0 110.0 258.0 123.0
face 0.36 759.0 78.0 769.0 89.0
face 0.36 725.0 102.0 736.0 116.0
face 0.36 567.0 165.0 578.0 178.0
face 0.36 29.0 123.0 44.0 140.0
face 0.36 511.0 102.0 521.0 114.0
face 0.36 927.0 79.0 938.0 90.0
face 0.36 736.0 103.0 746.0 114.0
face 0.36 203.0 106.0 218.0 124.0
face 0.36 504.0 103.0 514.0 114.0
face 0.36 40.0 87.0 50.0 100.0
face 0.36 71.0 102.0 83.0 117.0
face 0.36 923.0 125.0 938.0 141.0
face 0.36 111.0 68.0 125.0 83.0
face 0.36 126.0 78.0 135.0 89.0
face 0.36 238.0 72.0 247.0 83.0
face 0.36 398.0 103.0 410.0 116.0
face 0.36 110.0 102.0 121.0 114.0
face 0.36 607.0 62.0 616.0 73.0
face 0.36 974.0 110.0 985.0 122.0
face 0.36 769.0 89.0 778.0 100.0
face 0.36 430.0 95.0 440.0 106.0
face 0.36 180.0 123.0 194.0 143.0
face 0.36 647.0 77.0 656.0 88.0
face 0.36 784.0 71.0 793.0 83.0
face 0.36 376.0 78.0 386.0 90.0
face 0.36 590.0 93.0 600.0 105.0
face 0.36 735.0 95.0 744.0 105.0
face 0.36 488.0 110.0 497.0 122.0
face 0.36 462.0 93.0 472.0 105.0
face 0.36 80.0 182.0 91.0 195.0
face 0.36 710.0 112.0 721.0 124.0
face 0.36 968.0 80.0 978.0 91.0
face 0.36 143.0 101.0 153.0 113.0
face 0.36 268.0 109.0 279.0 121.0
face 0.36 62.0 145.0 76.0 162.0
face 0.36 727.0 94.0 737.0 104.0
face 0.36 433.0 70.0 443.0 82.0
face 0.36 605.0 108.0 615.0 123.0
face 0.36 663.0 86.0 672.0 97.0
face 0.36 957.0 72.0 967.0 84.0
face 0.36 703.0 111.0 713.0 121.0
face 0.36 62.0 94.0 72.0 106.0
face 0.36 181.0 69.0 191.0 82.0
face 0.36 45.0 70.0 61.0 86.0
face 0.36 248.0 87.0 257.0 98.0
face 0.36 543.0 87.0 553.0 99.0
face 0.36 535.0 87.0 545.0 98.0
face 0.36 143.0 70.0 152.0 81.0
face 0.36 527.0 101.0 538.0 114.0
face 0.36 968.0 70.0 977.0 80.0
face 0.36 591.0 102.0 602.0 115.0
face 0.36 574.0 149.0 584.0 160.0
face 0.36 991.0 79.0 1001.0 90.0
face 0.36 294.0 78.0 303.0 89.0
face 0.36 528.0 87.0 538.0 99.0
face 0.36 975.0 85.0 984.0 97.0
face 0.36 933.0 264.0 950.0 283.0
face 0.36 879.0 72.0 888.0 84.0
face 0.36 679.0 71.0 688.0 81.0
face 0.36 223.0 102.0 233.0 115.0
face 0.36 598.0 139.0 613.0 157.0
face 0.36 976.0 94.0 986.0 104.0
face 0.36 421.0 72.0 431.0 83.0
face 0.36 390.0 78.0 400.0 90.0
face 0.36 565.0 35.0 576.0 49.0
face 0.36 80.0 62.0 89.0 74.0
face 0.36 535.0 111.0 545.0 122.0
face 0.36 533.0 93.0 545.0 107.0
face 0.36 412.0 93.0 425.0 108.0
face 0.36 398.0 87.0 409.0 99.0
face 0.36 494.0 125.0 507.0 140.0
face 0.36 726.0 110.0 736.0 123.0
face 0.36 694.0 108.0 706.0 123.0
face 0.36 413.0 63.0 422.0 74.0
face 0.36 755.0 86.0 768.0 100.0
face 0.36 76.0 182.0 106.0 218.0
face 0.36 0.0 86.0 9.0 98.0
face 0.36 294.0 117.0 306.0 132.0
face 0.36 967.0 141.0 977.0 154.0
face 0.36 439.0 71.0 448.0 83.0
face 0.36 230.0 86.0 241.0 100.0
face 0.36 237.0 86.0 248.0 99.0
face 0.36 247.0 101.0 258.0 114.0
face 0.36 80.0 78.0 90.0 90.0
face 0.36 62.0 78.0 73.0 93.0
face 0.36 223.0 86.0 233.0 98.0
face 0.36 338.0 189.0 351.0 205.0
face 0.36 94.0 64.0 104.0 75.0
face 0.36 361.0 203.0 371.0 217.0
face 0.36 670.0 101.0 680.0 113.0
face 0.36 280.0 95.0 289.0 106.0
face 0.36 662.0 99.0 675.0 114.0
face 0.36 935.0 96.0 945.0 108.0
face 0.36 525.0 110.0 537.0 123.0
face 0.36 408.0 70.0 418.0 82.0
face 0.36 885.0 99.0 896.0 114.0
face 0.36 655.0 80.0 665.0 89.0
face 0.36 470.0 86.0 479.0 97.0
face 0.36 230.0 128.0 241.0 139.0
face 0.36 223.0 79.0 232.0 89.0
face 0.36 312.0 88.0 322.0 99.0
face 0.36 503.0 119.0 514.0 131.0
face 0.36 95.0 86.0 105.0 97.0
face 0.36 720.0 96.0 729.0 107.0
face 0.36 415.0 78.0 425.0 90.0
face 0.36 127.0 117.0 137.0 129.0
face 0.35 102.0 96.0 113.0 108.0
face 0.35 142.0 86.0 152.0 98.0
face 0.35 742.0 103.0 752.0 114.0
face 0.35 822.0 135.0 833.0 148.0
face 0.35 860.0 71.0 872.0 84.0
face 0.35 814.0 127.0 825.0 140.0
face 0.35 287.0 126.0 298.0 139.0
face 0.35 495.0 110.0 505.0 123.0
face 0.35 71.0 158.0 82.0 171.0
face 0.35 742.0 119.0 752.0 131.0
face 0.35 551.0 90.0 564.0 105.0
face 0.35 688.0 73.0 697.0 83.0
face 0.35 535.0 117.0 546.0 131.0
face 0.35 102.0 76.0 111.0 88.0
face 0.35 944.0 125.0 955.0 138.0
face 0.35 982.0 110.0 993.0 123.0
face 0.35 911.0 77.0 921.0 89.0
face 0.35 480.0 87.0 489.0 98.0
face 0.35 734.0 108.0 746.0 123.0
face 0.35 56.0 76.0 66.0 87.0
face 0.35 248.0 68.0 259.0 82.0
face 0.35 944.0 88.0 953.0 99.0
face 0.35 112.0 79.0 123.0 91.0
face 0.35 437.0 206.0 448.0 218.0
face 0.35 942.0 141.0 954.0 154.0
face 0.35 134.0 110.0 144.0 122.0
face 0.35 950.0 109.0 961.0 120.0
face 0.35 430.0 100.0 444.0 115.0
face 0.35 838.0 156.0 852.0 175.0
face 0.35 680.0 95.0 689.0 106.0
face 0.35 768.0 77.0 777.0 88.0
face 0.35 151.0 71.0 160.0 81.0
face 0.35 863.0 86.0 875.0 100.0
face 0.35 303.0 88.0 312.0 98.0
face 0.35 846.0 134.0 856.0 148.0
face 0.35 295.0 85.0 304.0 96.0
face 0.35 511.0 80.0 521.0 91.0
face 0.35 30.0 111.0 40.0 122.0
face 0.35 903.0 86.0 914.0 99.0
face 0.35 232.0 94.0 242.0 106.0
face 0.35 97.0 100.0 107.0 114.0
face 0.35 173.0 108.0 183.0 120.0
face 0.35 254.0 78.0 263.0 88.0
face 0.35 296.0 124.0 307.0 140.0
face 0.35 231.0 119.0 241.0 130.0
face 0.35 495.0 93.0 505.0 104.0
face 0.35 453.0 202.0 470.0 222.0
face 0.35 406.0 103.0 417.0 116.0
face 0.35 294.0 109.0 304.0 122.0
face 0.35 198.0 126.0 209.0 140.0
face 0.35 278.0 134.0 289.0 148.0
face 0.35 503.0 72.0 512.0 83.0
face 0.35 614.0 217.0 630.0 237.0
face 0.35 387.0 164.0 401.0 180.0
face 0.35 918.0 132.0 932.0 148.0
face 0.35 959.0 117.0 971.0 133.0
face 0.35 253.0 117.0 265.0 132.0
face 0.35 901.0 71.0 912.0 83.0
face 0.35 654.0 44.0 664.0 56.0
face 0.35 602.0 88.0 612.0 99.0
face 0.35 407.0 96.0 417.0 108.0
face 0.35 742.0 110.0 752.0 122.0
face 0.35 408.0 117.0 420.0 131.0
face 0.35 919.0 88.0 929.0 100.0
face 0.35 792.0 77.0 802.0 89.0
face 0.35 640.0 70.0 649.0 81.0
face 0.35 719.0 85.0 731.0 99.0
face 0.35 215.0 87.0 225.0 98.0
face 0.35 311.0 116.0 322.0 130.0
face 0.35 591.0 77.0 601.0 89.0
face 0.35 744.0 95.0 754.0 107.0
face 0.35 783.0 118.0 792.0 130.0
face 0.35 487.0 89.0 496.0 99.0
face 0.35 375.0 244.0 387.0 259.0
face 0.35 918.0 142.0 929.0 155.0
face 0.35 558.0 163.0 570.0 177.0
face 0.35 710.0 88.0 720.0 99.0
face 0.35 549.0 101.0 563.0 116.0
face 0.35 392.0 72.0 401.0 82.0
face 0.35 166.0 71.0 175.0 82.0
face 0.35 671.0 96.0 681.0 107.0
face 0.35 416.0 179.0 427.0 193.0
face 0.35 86.0 63.0 97.0 75.0
face 0.35 585.0 72.0 594.0 82.0
face 0.35 279.0 101.0 289.0 112.0
face 0.35 919.0 150.0 930.0 162.0
face 0.35 248.0 79.0 258.0 90.0
face 0.35 6.0 95.0 16.0 106.0
face 0.35 393.0 62.0 402.0 74.0
face 0.35 517.0 93.0 528.0 105.0
face 0.35 911.0 86.0 921.0 98.0
face 0.35 192.0 79.0 201.0 90.0
face 0.35 380.0 89.0 397.0 109.0
face 0.35 495.0 120.0 505.0 132.0
face 0.35 232.0 109.0 242.0 122.0
face 0.35 728.0 69.0 738.0 81.0
face 0.35 238.0 101.0 248.0 116.0
face 0.35 420.0 172.0 433.0 188.0
face 0.35 430.0 89.0 439.0 100.0
face 0.35 919.0 78.0 929.0 89.0
face 0.35 558.0 44.0 571.0 59.0
face 0.35 583.0 80.0 592.0 91.0
face 0.35 148.0 130.0 164.0 149.0
face 0.35 741.0 70.0 750.0 81.0
face 0.35 15.0 111.0 26.0 123.0
face 0.35 976.0 105.0 985.0 115.0
face 0.35 944.0 134.0 955.0 147.0
face 0.35 625.0 55.0 634.0 65.0
face 0.35 913.0 94.0 923.0 106.0
