face 1.00 275.0 503.0 297.0 531.0
face 1.00 193.0 502.0 213.0 527.0
face 1.00 122.0 361.0 139.0 381.0
face 1.00 389.0 607.0 409.0 632.0
face 1.00 820.0 585.0 849.0 619.0
face 1.00 191.0 555.0 214.0 584.0
face 1.00 692.0 600.0 723.0 634.0
face 1.00 990.0 593.0 1014.0 625.0
face 1.00 781.0 502.0 807.0 534.0
face 1.00 328.0 616.0 350.0 646.0
face 1.00 81.0 343.0 99.0 364.0
face 1.00 522.0 566.0 547.0 598.0
face 1.00 138.0 497.0 157.0 521.0
face 1.00 920.0 623.0 945.0 655.0
face 1.00 902.0 388.0 926.0 414.0
face 1.00 928.0 401.0 952.0 431.0
face 1.00 690.0 376.0 712.0 404.0
face 1.00 491.0 649.0 522.0 686.0
face 1.00 626.0 454.0 650.0 485.0
face 0.99 422.0 489.0 451.0 521.0
face 0.99 493.0 294.0 510.0 314.0
face 0.99 303.0 611.0 323.0 636.0
face 0.99 513.0 605.0 537.0 633.0
face 0.99 474.0 282.0 491.0 303.0
face 0.99 578.0 330.0 596.0 351.0
face 0.99 91.0 483.0 107.0 503.0
face 0.99 44.0 377.0 62.0 399.0
face 0.99 281.0 361.0 299.0 382.0
face 0.99 460.0 427.0 485.0 457.0
face 0.99 748.0 471.0 774.0 502.0
face 0.99 523.0 469.0 541.0 490.0
face 0.98 742.0 375.0 766.0 403.0
face 0.98 429.0 369.0 444.0 389.0
face 0.98 620.0 559.0 651.0 595.0
face 0.98 261.0 204.0 275.0 221.0
face 0.98 603.0 335.0 621.0 357.0
face 0.98 499.0 496.0 523.0 525.0
face 0.97 767.0 402.0 791.0 430.0
face 0.97 701.0 245.0 714.0 261.0
face 0.97 286.0 206.0 308.0 231.0
face 0.97 319.0 201.0 333.0 218.0
face 0.97 553.0 467.0 575.0 496.0
face 0.97 578.0 436.0 602.0 463.0
face 0.97 171.0 305.0 190.0 328.0
face 0.97 934.0 228.0 949.0 247.0
face 0.97 800.0 411.0 825.0 441.0
face 0.97 942.0 287.0 967.0 318.0
face 0.97 983.0 319.0 1009.0 349.0
face 0.96 247.0 484.0 268.0 511.0
face 0.96 8.0 330.0 26.0 352.0
face 0.96 410.0 264.0 433.0 291.0
face 0.96 366.0 324.0 383.0 344.0
face 0.96 332.0 222.0 348.0 241.0
face 0.96 914.0 319.0 934.0 343.0
face 0.96 320.0 253.0 337.0 274.0
face 0.96 879.0 471.0 906.0 501.0
face 0.95 385.0 278.0 400.0 297.0
face 0.95 217.0 483.0 234.0 505.0
face 0.94 131.0 407.0 147.0 426.0
face 0.94 538.0 363.0 561.0 390.0
face 0.93 994.0 521.0 1019.0 552.0
face 0.93 709.0 92.0 726.0 113.0
face 0.93 283.0 405.0 302.0 429.0
face 0.93 198.0 443.0 223.0 472.0
face 0.92 87.0 260.0 103.0 280.0
face 0.92 27.0 359.0 45.0 381.0
face 0.92 517.0 297.0 541.0 327.0
face 0.92 753.0 262.0 773.0 288.0
face 0.92 512.0 395.0 539.0 427.0
face 0.92 416.0 402.0 441.0 431.0
face 0.91 854.0 175.0 877.0 204.0
face 0.91 431.0 298.0 454.0 324.0
face 0.90 165.0 348.0 187.0 374.0
face 0.90 438.0 344.0 461.0 373.0
face 0.90 946.0 443.0 974.0 476.0
face 0.90 340.0 358.0 354.0 375.0
face 0.90 227.0 426.0 246.0 449.0
face 0.90 511.0 219.0 526.0 236.0
face 0.89 63.0 442.0 80.0 464.0
face 0.89 643.0 324.0 664.0 350.0
face 0.89 847.0 326.0 868.0 352.0
face 0.89 76.0 102.0 88.0 119.0
face 0.89 33.0 417.0 58.0 445.0
face 0.88 235.0 307.0 259.0 337.0
face 0.88 481.0 217.0 497.0 238.0
face 0.88 79.0 418.0 98.0 442.0
face 0.88 864.0 393.0 886.0 421.0
face 0.87 990.0 113.0 1006.0 132.0
face 0.87 138.0 382.0 154.0 402.0
face 0.87 371.0 296.0 385.0 314.0
face 0.87 754.0 577.0 785.0 613.0
face 0.86 699.0 146.0 714.0 164.0
face 0.86 876.0 530.0 906.0 568.0
face 0.86 98.0 306.0 116.0 326.0
face 0.86 108.0 131.0 125.0 151.0
face 0.85 258.0 265.0 279.0 289.0
face 0.84 1.0 489.0 16.0 511.0
face 0.84 905.0 288.0 929.0 318.0
face 0.83 219.0 405.0 240.0 431.0
face 0.83 886.0 358.0 910.0 386.0
face 0.83 554.0 260.0 567.0 276.0
face 0.83 629.0 232.0 653.0 261.0
face 0.83 588.0 385.0 615.0 418.0
face 0.82 636.0 370.0 660.0 401.0
face 0.82 95.0 235.0 111.0 253.0
face 0.81 375.0 378.0 392.0 398.0
face 0.81 529.0 247.0 550.0 273.0
face 0.81 49.0 253.0 68.0 275.0
face 0.81 731.0 281.0 750.0 304.0
face 0.80 62.0 66.0 75.0 81.0
face 0.80 620.0 176.0 635.0 194.0
face 0.79 653.0 188.0 664.0 202.0
face 0.79 626.0 197.0 639.0 213.0
face 0.79 207.0 380.0 222.0 399.0
face 0.78 127.0 293.0 140.0 310.0
face 0.78 824.0 433.0 851.0 462.0
face 0.78 455.0 263.0 472.0 285.0
face 0.78 311.0 241.0 325.0 258.0
face 0.78 301.0 278.0 317.0 297.0
face 0.77 326.0 332.0 347.0 357.0
face 0.77 293.0 246.0 306.0 262.0
face 0.76 211.0 649.0 244.0 683.0
face 0.75 186.0 280.0 207.0 306.0
face 0.75 708.0 548.0 733.0 579.0
face 0.75 383.0 187.0 404.0 214.0
face 0.75 263.0 432.0 279.0 455.0
face 0.75 388.0 307.0 403.0 325.0
face 0.74 886.0 178.0 898.0 194.0
face 0.74 404.0 225.0 419.0 244.0
face 0.73 511.0 103.0 531.0 128.0
face 0.73 576.0 365.0 592.0 386.0
face 0.73 506.0 335.0 524.0 354.0
face 0.73 741.0 236.0 758.0 256.0
face 0.72 648.0 527.0 680.0 566.0
face 0.72 738.0 447.0 757.0 471.0
face 0.72 528.0 164.0 540.0 179.0
face 0.71 402.0 170.0 416.0 188.0
face 0.71 910.0 189.0 922.0 204.0
face 0.71 807.0 249.0 822.0 267.0
face 0.70 579.0 251.0 600.0 279.0
face 0.70 334.0 181.0 349.0 198.0
face 0.70 358.0 441.0 382.0 470.0
face 0.69 398.0 466.0 424.0 498.0
face 0.69 535.0 117.0 551.0 137.0
face 0.69 620.0 267.0 640.0 287.0
face 0.68 622.0 53.0 637.0 71.0
face 0.68 811.0 292.0 828.0 312.0
face 0.67 781.0 185.0 798.0 203.0
face 0.67 987.0 371.0 1017.0 406.0
face 0.67 650.0 42.0 665.0 61.0
face 0.67 366.0 402.0 388.0 429.0
face 0.67 865.0 293.0 889.0 323.0
face 0.67 230.0 114.0 246.0 132.0
face 0.66 229.0 198.0 244.0 216.0
face 0.66 245.0 590.0 265.0 615.0
face 0.66 784.0 446.0 809.0 474.0
face 0.66 504.0 182.0 516.0 199.0
face 0.66 12.0 249.0 29.0 269.0
face 0.66 467.0 543.0 491.0 570.0
face 0.66 354.0 244.0 379.0 273.0
face 0.65 826.0 182.0 841.0 199.0
face 0.65 146.0 430.0 166.0 453.0
face 0.65 447.0 149.0 462.0 166.0
face 0.65 815.0 269.0 829.0 284.0
face 0.65 984.0 415.0 1012.0 446.0
face 0.65 734.0 106.0 749.0 125.0
face 0.64 881.0 417.0 906.0 450.0
face 0.64 188.0 323.0 208.0 347.0
face 0.63 926.0 162.0 943.0 181.0
face 0.63 107.0 426.0 129.0 450.0
face 0.63 706.0 179.0 726.0 201.0
face 0.63 321.0 289.0 346.0 319.0
face 0.62 423.0 149.0 436.0 165.0
face 0.61 516.0 197.0 534.0 217.0
face 0.61 46.0 324.0 63.0 343.0
face 0.61 553.0 311.0 576.0 338.0
face 0.60 726.0 505.0 753.0 538.0
face 0.60 951.0 385.0 974.0 412.0
face 0.59 134.0 156.0 146.0 171.0
face 0.59 257.0 73.0 275.0 95.0
face 0.59 642.0 432.0 659.0 452.0
face 0.59 46.0 235.0 58.0 251.0
face 0.59 673.0 180.0 687.0 196.0
face 0.58 92.0 458.0 116.0 488.0
face 0.58 985.0 148.0 1012.0 177.0
face 0.58 444.0 464.0 460.0 483.0
face 0.58 644.0 14.0 656.0 30.0
face 0.57 506.0 39.0 519.0 56.0
face 0.57 275.0 297.0 294.0 318.0
face 0.57 81.0 382.0 94.0 397.0
face 0.57 970.0 169.0 993.0 199.0
face 0.57 922.0 257.0 943.0 282.0
face 0.57 941.0 193.0 957.0 212.0
face 0.56 640.0 166.0 654.0 183.0
face 0.56 551.0 298.0 567.0 316.0
face 0.55 539.0 204.0 561.0 231.0
face 0.55 87.0 130.0 102.0 146.0
face 0.54 947.0 243.0 968.0 267.0
face 0.54 182.0 405.0 197.0 423.0
face 0.54 239.0 385.0 262.0 414.0
face 0.54 801.0 158.0 814.0 176.0
face 0.54 254.0 45.0 268.0 63.0
face 0.53 181.0 425.0 202.0 448.0
face 0.53 167.0 272.0 184.0 290.0
face 0.53 364.0 175.0 375.0 188.0
face 0.53 570.0 52.0 581.0 66.0
face 0.53 84.0 191.0 103.0 211.0
face 0.53 899.0 200.0 912.0 216.0
face 0.53 316.0 173.0 328.0 187.0
face 0.53 1002.0 216.0 1022.0 244.0
face 0.53 525.0 132.0 538.0 146.0
face 0.53 661.0 245.0 679.0 266.0
face 0.52 601.0 157.0 615.0 175.0
face 0.52 301.0 86.0 317.0 106.0
face 0.52 688.0 171.0 700.0 187.0
face 0.51 112.0 179.0 127.0 197.0
face 0.51 181.0 26.0 198.0 46.0
face 0.50 382.0 225.0 399.0 244.0
face 0.50 793.0 131.0 808.0 150.0
face 0.49 332.0 498.0 355.0 525.0
face 0.49 55.0 109.0 70.0 125.0
face 0.49 716.0 176.0 730.0 192.0
face 0.49 467.0 369.0 487.0 396.0
face 0.49 453.0 173.0 470.0 193.0
face 0.49 215.0 223.0 227.0 236.0
face 0.49 911.0 219.0 923.0 235.0
face 0.48 439.0 234.0 452.0 250.0
face 0.48 381.0 345.0 405.0 372.0
face 0.48 511.0 65.0 526.0 84.0
face 0.48 136.0 465.0 162.0 493.0
face 0.47 498.0 352.0 516.0 374.0
face 0.47 536.0 182.0 550.0 199.0
face 0.47 188.0 233.0 206.0 253.0
face 0.47 972.0 227.0 987.0 245.0
face 0.47 210.0 141.0 222.0 156.0
face 0.46 661.0 202.0 679.0 223.0
face 0.46 674.0 277.0 687.0 293.0
face 0.46 395.0 430.0 417.0 455.0
face 0.46 131.0 183.0 147.0 203.0
face 0.46 196.0 261.0 211.0 278.0
face 0.45 170.0 120.0 184.0 136.0
face 0.45 206.0 77.0 218.0 92.0
face 0.45 571.0 505.0 596.0 533.0
face 0.45 249.0 108.0 261.0 124.0
face 0.45 295.0 56.0 309.0 73.0
face 0.44 835.0 42.0 851.0 63.0
face 0.44 239.0 13.0 254.0 30.0
face 0.44 179.0 161.0 194.0 178.0
face 0.44 640.0 200.0 652.0 214.0
face 0.44 563.0 75.0 577.0 93.0
face 0.43 338.0 270.0 356.0 294.0
face 0.43 555.0 226.0 573.0 247.0
face 0.43 74.0 132.0 87.0 147.0
face 0.43 602.0 83.0 617.0 101.0
face 0.43 236.0 165.0 251.0 183.0
face 0.43 9.0 180.0 22.0 198.0
face 0.43 734.0 206.0 751.0 226.0
face 0.43 374.0 560.0 391.0 580.0
face 0.43 364.0 205.0 377.0 220.0
face 0.43 584.0 101.0 605.0 127.0
face 0.43 28.0 226.0 42.0 243.0
face 0.43 179.0 222.0 196.0 241.0
face 0.43 326.0 157.0 338.0 171.0
face 0.42 438.0 100.0 452.0 116.0
face 0.42 12.0 221.0 25.0 236.0
face 0.42 646.0 137.0 662.0 155.0
face 0.42 813.0 173.0 828.0 190.0
face 0.42 421.0 344.0 436.0 362.0
face 0.42 206.0 103.0 219.0 119.0
face 0.42 441.0 53.0 451.0 66.0
face 0.42 7.0 285.0 23.0 307.0
face 0.41 671.0 113.0 685.0 130.0
face 0.41 522.0 285.0 537.0 302.0
face 0.41 243.0 236.0 257.0 253.0
face 0.41 940.0 146.0 958.0 167.0
face 0.41 757.0 150.0 772.0 167.0
face 0.41 293.0 34.0 307.0 52.0
face 0.41 772.0 154.0 785.0 170.0
face 0.41 426.0 128.0 441.0 146.0
face 0.40 722.0 146.0 739.0 165.0
face 0.40 155.0 23.0 177.0 51.0
face 0.40 844.0 132.0 860.0 151.0
face 0.40 431.0 72.0 443.0 87.0
face 0.40 644.0 73.0 658.0 90.0
face 0.40 224.0 67.0 239.0 85.0
face 0.40 141.0 210.0 157.0 228.0
face 0.40 326.0 62.0 348.0 87.0
face 0.40 113.0 154.0 127.0 171.0
face 0.40 533.0 60.0 547.0 78.0
face 0.40 522.0 46.0 535.0 60.0
face 0.40 318.0 129.0 334.0 148.0
face 0.40 171.0 182.0 186.0 200.0
face 0.39 277.0 45.0 289.0 61.0
face 0.39 295.0 189.0 311.0 206.0
face 0.39 673.0 462.0 700.0 495.0
face 0.39 659.0 361.0 685.0 390.0
face 0.39 691.0 212.0 707.0 231.0
face 0.39 767.0 115.0 783.0 134.0
face 0.39 581.0 146.0 596.0 165.0
face 0.39 872.0 144.0 895.0 171.0
face 0.39 622.0 305.0 639.0 325.0
face 0.39 89.0 68.0 104.0 85.0
face 0.39 482.0 101.0 496.0 119.0
face 0.39 209.0 307.0 225.0 325.0
face 0.39 316.0 67.0 333.0 85.0
face 0.39 311.0 368.0 334.0 395.0
face 0.39 860.0 229.0 891.0 268.0
face 0.39 717.0 128.0 733.0 147.0
face 0.39 682.0 158.0 696.0 175.0
face 0.38 267.0 229.0 281.0 246.0
face 0.38 397.0 258.0 411.0 275.0
face 0.38 283.0 75.0 298.0 93.0
face 0.38 833.0 236.0 849.0 253.0
face 0.38 653.0 499.0 669.0 518.0
face 0.38 151.0 186.0 168.0 206.0
face 0.38 950.0 495.0 981.0 530.0
face 0.38 423.0 53.0 437.0 70.0
face 0.38 158.0 110.0 169.0 123.0
face 0.38 141.0 108.0 154.0 125.0
face 0.38 605.0 205.0 621.0 224.0
face 0.38 392.0 115.0 407.0 132.0
face 0.38 681.0 94.0 691.0 106.0
face 0.38 558.0 149.0 574.0 169.0
face 0.38 61.0 89.0 74.0 104.0
face 0.38 636.0 96.0 652.0 115.0
face 0.37 189.0 649.0 206.0 668.0
face 0.37 70.0 86.0 81.0 100.0
face 0.37 341.0 397.0 358.0 417.0
face 0.37 43.0 61.0 56.0 77.0
face 0.37 365.0 372.0 378.0 388.0
face 0.37 803.0 220.0 822.0 241.0
face 0.37 252.0 189.0 267.0 207.0
face 0.37 414.0 180.0 428.0 195.0
face 0.37 446.0 86.0 456.0 99.0
face 0.37 663.0 95.0 673.0 107.0
face 0.37 580.0 126.0 592.0 139.0
face 0.37 143.0 102.0 154.0 116.0
face 0.37 524.0 235.0 538.0 252.0
face 0.37 150.0 100.0 161.0 113.0
face 0.37 606.0 67.0 621.0 84.0
face 0.37 406.0 293.0 417.0 307.0
face 0.37 347.0 44.0 361.0 61.0
face 0.37 794.0 66.0 815.0 89.0
face 0.37 528.0 183.0 537.0 195.0
face 0.37 876.0 56.0 891.0 76.0
face 0.37 436.0 212.0 451.0 229.0
face 0.37 699.0 114.0 713.0 132.0
face 0.37 650.0 270.0 665.0 286.0
face 0.37 253.0 245.0 266.0 260.0
face 0.37 221.0 28.0 237.0 48.0
face 0.37 502.0 237.0 520.0 257.0
face 0.37 693.0 121.0 708.0 139.0
face 0.37 503.0 174.0 515.0 188.0
face 0.37 968.0 211.0 979.0 224.0
face 0.37 460.0 245.0 474.0 260.0
face 0.37 477.0 182.0 489.0 197.0
face 0.37 270.0 102.0 280.0 114.0
face 0.37 77.0 393.0 91.0 411.0
face 0.36 776.0 182.0 787.0 195.0
face 0.36 527.0 117.0 538.0 130.0
face 0.36 93.0 97.0 109.0 116.0
face 0.36 413.0 166.0 426.0 180.0
face 0.36 949.0 103.0 965.0 121.0
face 0.36 479.0 83.0 490.0 95.0
face 0.36 213.0 282.0 227.0 298.0
face 0.36 647.0 277.0 658.0 290.0
face 0.36 555.0 107.0 570.0 123.0
face 0.36 816.0 142.0 826.0 154.0
face 0.36 766.0 157.0 778.0 171.0
face 0.36 557.0 190.0 570.0 205.0
face 0.36 306.0 673.0 324.0 688.0
face 0.36 972.0 244.0 986.0 259.0
face 0.36 901.0 323.0 914.0 341.0
face 0.36 211.0 243.0 225.0 259.0
face 0.36 96.0 170.0 109.0 186.0
face 0.36 503.0 166.0 514.0 179.0
face 0.36 518.0 182.0 529.0 194.0
face 0.36 583.0 102.0 595.0 115.0
face 0.36 260.0 94.0 271.0 107.0
face 0.36 680.0 102.0 690.0 113.0
face 0.36 420.0 243.0 433.0 258.0
face 0.36 139.0 235.0 155.0 253.0
face 0.36 415.0 77.0 426.0 90.0
face 0.36 447.0 143.0 459.0 157.0
face 0.36 470.0 132.0 484.0 149.0
face 0.36 519.0 93.0 530.0 107.0
face 0.36 710.0 237.0 722.0 250.0
face 0.36 423.0 167.0 433.0 179.0
face 0.36 262.0 98.0 275.0 115.0
face 0.36 503.0 229.0 515.0 242.0
face 0.36 693.0 103.0 704.0 115.0
face 0.36 910.0 593.0 926.0 612.0
face 0.36 519.0 151.0 529.0 162.0
face 0.36 129.0 333.0 140.0 347.0
face 0.36 343.0 174.0 353.0 186.0
face 0.36 277.0 85.0 289.0 98.0
face 0.36 590.0 294.0 601.0 308.0
face 0.36 663.0 190.0 673.0 202.0
face 0.36 60.0 213.0 72.0 227.0
face 0.36 368.0 31.0 378.0 43.0
face 0.36 187.0 76.0 202.0 95.0
face 0.36 368.0 70.0 378.0 82.0
face 0.36 486.0 164.0 497.0 177.0
face 0.36 890.0 108.0 905.0 125.0
face 0.36 702.0 47.0 713.0 60.0
face 0.36 332.0 110.0 346.0 127.0
face 0.36 445.0 62.0 456.0 75.0
face 0.36 246.0 340.0 272.0 369.0
face 0.36 589.0 141.0 600.0 155.0
face 0.36 71.0 118.0 81.0 131.0
face 0.36 343.0 166.0 355.0 180.0
face 0.36 898.0 75.0 913.0 93.0
face 0.36 415.0 174.0 426.0 187.0
face 0.36 502.0 67.0 517.0 85.0
face 0.36 864.0 223.0 879.0 239.0
face 0.36 464.0 128.0 473.0 140.0
face 0.36 828.0 78.0 840.0 92.0
face 0.36 168.0 100.0 179.0 115.0
face 0.36 352.0 159.0 361.0 170.0
face 0.36 657.0 165.0 667.0 178.0
face 0.36 685.0 84.0 698.0 98.0
face 0.36 375.0 222.0 386.0 236.0
face 0.36 144.0 94.0 155.0 108.0
face 0.36 432.0 220.0 442.0 232.0
face 0.36 118.0 100.0 130.0 114.0
face 0.36 543.0 197.0 555.0 211.0
face 0.36 455.0 302.0 468.0 319.0
face 0.36 670.0 150.0 681.0 162.0
face 0.36 647.0 102.0 658.0 116.0
face 0.36 158.0 103.0 168.0 116.0
face 0.36 882.0 211.0 896.0 226.0
face 0.36 72.0 127.0 83.0 140.0
face 0.36 246.0 70.0 255.0 82.0
face 0.36 815.0 167.0 827.0 181.0
face 0.36 18.0 163.0 34.0 181.0
face 0.36 952.0 171.0 966.0 188.0
face 0.36 76.0 83.0 87.0 98.0
face 0.36 519.0 165.0 530.0 178.0
face 0.36 124.0 84.0 138.0 99.0
face 0.36 21.0 324.0 35.0 342.0
face 0.35 471.0 127.0 482.0 139.0
face 0.35 309.0 260.0 323.0 277.0
face 0.35 401.0 86.0 411.0 99.0
face 0.35 552.0 183.0 562.0 194.0
face 0.35 668.0 143.0 680.0 156.0
face 0.35 958.0 238.0 969.0 251.0
face 0.35 444.0 197.0 460.0 215.0
face 0.35 552.0 174.0 562.0 186.0
face 0.35 572.0 84.0 585.0 98.0
face 0.35 481.0 76.0 495.0 92.0
face 0.35 960.0 189.0 971.0 203.0
face 0.35 46.0 102.0 59.0 118.0
face 0.35 452.0 132.0 466.0 147.0
face 0.35 628.0 122.0 643.0 143.0
face 0.35 823.0 158.0 834.0 170.0
face 0.35 520.0 87.0 531.0 99.0
face 0.35 415.0 93.0 427.0 108.0
face 0.35 294.0 405.0 306.0 419.0
face 0.35 581.0 60.0 595.0 76.0
face 0.35 79.0 116.0 90.0 129.0
face 0.35 445.0 232.0 454.0 243.0
face 0.35 166.0 128.0 181.0 146.0
face 0.35 55.0 86.0 66.0 99.0
face 0.35 631.0 174.0 641.0 188.0
face 0.35 456.0 78.0 468.0 92.0
face 0.35 383.0 88.0 393.0 99.0
face 0.35 894.0 164.0 905.0 177.0
face 0.35 550.0 12.0 561.0 25.0
face 0.35 551.0 118.0 561.0 131.0
face 0.35 660.0 278.0 673.0 292.0
face 0.35 590.0 78.0 600.0 90.0
face 0.35 960.0 229.0 972.0 243.0
face 0.35 397.0 120.0 413.0 142.0
face 0.35 601.0 70.0 611.0 83.0
face 0.35 381.0 31.0 393.0 44.0
face 0.35 326.0 77.0 338.0 91.0
face 0.35 703.0 174.0 714.0 186.0
face 0.35 621.0 167.0 633.0 180.0
face 0.35 246.0 37.0 260.0 53.0
face 0.35 271.0 115.0 283.0 130.0
face 0.35 348.0 244.0 363.0 262.0
face 0.35 272.0 173.0 285.0 188.0
face 0.35 665.0 182.0 674.0 194.0
face 0.35 616.0 270.0 627.0 284.0
face 0.35 534.0 95.0 545.0 107.0
face 0.35 964.0 245.0 978.0 262.0
face 0.35 350.0 164.0 361.0 178.0
face 0.35 390.0 174.0 401.0 187.0
face 0.35 552.0 156.0 563.0 169.0
face 0.35 975.0 188.0 986.0 202.0
face 0.35 584.0 78.0 595.0 91.0
face 0.35 239.0 39.0 251.0 54.0
face 0.35 351.0 127.0 361.0 140.0
face 0.35 318.0 96.0 328.0 108.0
face 0.35 605.0 175.0 616.0 188.0
face 0.35 317.0 54.0 329.0 67.0
face 0.35 334.0 175.0 346.0 189.0
face 0.35 765.0 175.0 776.0 188.0
face 0.35 237.0 111.0 248.0 124.0
face 0.35 823.0 151.0 834.0 163.0
face 0.35 367.0 119.0 379.0 133.0
face 0.35 559.0 172.0 572.0 186.0
face 0.35 474.0 113.0 489.0 130.0
face 0.35 332.0 91.0 345.0 107.0
face 0.35 815.0 149.0 826.0 161.0
face 0.35 359.0 213.0 370.0 226.0
face 0.35 438.0 37.0 452.0 54.0
face 0.35 795.0 316.0 821.0 345.0
face 0.35 890.0 228.0 906.0 246.0
face 0.35 656.0 173.0 665.0 185.0
face 0.35 656.0 30.0 667.0 43.0
face 0.35 141.0 77.0 152.0 89.0
face 0.35 312.0 69.0 323.0 83.0
face 0.35 566.0 165.0 576.0 179.0
face 0.35 167.0 110.0 178.0 122.0
face 0.35 364.0 130.0 379.0 148.0
face 0.35 528.0 63.0 539.0 75.0
face 0.35 677.0 111.0 688.0 123.0
face 0.35 679.0 56.0 690.0 70.0
face 0.35 230.0 62.0 242.0 75.0
face 0.35 837.0 146.0 853.0 164.0
face 0.35 471.0 71.0 481.0 82.0
face 0.35 519.0 141.0 530.0 155.0
face 0.35 646.0 213.0 657.0 226.0
face 0.35 653.0 327.0 665.0 342.0
