face 1.00 246.0 469.0 305.0 546.0
face 1.00 670.0 394.0 727.0 465.0
face 1.00 483.0 439.0 532.0 503.0
face 0.73 51.0 252.0 249.0 386.0
face 0.54 478.0 339.0 490.0 353.0
face 0.53 -2.0 577.0 19.0 609.0
face 0.49 200.0 738.0 214.0 757.0
face 0.48 196.0 598.0 220.0 629.0
face 0.48 849.0 558.0 862.0 574.0
face 0.45 791.0 44.0 864.0 135.0
face 0.43 450.0 388.0 476.0 419.0
face 0.42 398.0 186.0 427.0 220.0
face 0.41 849.0 598.0 872.0 625.0
face 0.37 739.0 326.0 757.0 347.0
face 0.37 450.0 730.0 464.0 748.0
face 0.37 724.0 454.0 738.0 471.0
face 0.37 867.0 504.0 894.0 538.0
face 0.37 476.0 252.0 503.0 281.0
face 0.37 21.0 748.0 35.0 764.0
face 0.36 473.0 545.0 488.0 563.0
face 0.35 846.0 350.0 857.0 363.0
face 0.35 422.0 133.0 434.0 147.0
face 0.35 844.0 355.0 859.0 372.0
