face 1.00 482.0 292.0 506.0 321.0
face 1.00 900.0 507.0 942.0 557.0
face 1.00 820.0 511.0 852.0 552.0
face 1.00 4.0 488.0 81.0 571.0
face 1.00 889.0 393.0 912.0 419.0
face 1.00 837.0 386.0 851.0 403.0
face 1.00 660.0 442.0 689.0 476.0
face 1.00 716.0 426.0 741.0 457.0
face 1.00 817.0 393.0 834.0 413.0
face 1.00 469.0 254.0 490.0 278.0
face 1.00 747.0 378.0 763.0 396.0
face 1.00 503.0 265.0 527.0 293.0
face 1.00 798.0 380.0 813.0 398.0
face 1.00 881.0 356.0 895.0 373.0
face 1.00 961.0 346.0 978.0 366.0
face 1.00 360.0 282.0 376.0 302.0
face 1.00 979.0 367.0 998.0 389.0
face 0.99 774.0 364.0 787.0 378.0
face 0.99 722.0 395.0 740.0 415.0
face 0.99 120.0 293.0 134.0 311.0
face 0.99 756.0 324.0 770.0 340.0
face 0.99 916.0 393.0 934.0 412.0
face 0.99 934.0 425.0 961.0 453.0
face 0.99 855.0 348.0 869.0 365.0
face 0.97 987.0 339.0 1002.0 358.0
face 0.96 856.0 416.0 882.0 443.0
face 0.95 965.0 576.0 1017.0 632.0
face 0.95 807.0 323.0 818.0 336.0
face 0.95 978.0 415.0 1009.0 448.0
face 0.95 838.0 471.0 858.0 494.0
face 0.94 932.0 475.0 964.0 511.0
face 0.92 956.0 396.0 975.0 416.0
face 0.92 1002.0 371.0 1015.0 387.0
face 0.92 291.0 301.0 303.0 315.0
face 0.91 275.0 288.0 288.0 303.0
face 0.91 27.0 285.0 44.0 303.0
face 0.90 726.0 556.0 759.0 594.0
face 0.86 0.0 299.0 14.0 318.0
face 0.86 996.0 477.0 1024.0 516.0
face 0.82 559.0 326.0 572.0 342.0
face 0.81 927.0 325.0 941.0 342.0
face 0.78 837.0 302.0 847.0 314.0
face 0.77 722.0 340.0 733.0 353.0
face 0.77 582.0 352.0 609.0 387.0
face 0.75 396.0 260.0 409.0 278.0
face 0.72 203.0 421.0 226.0 448.0
face 0.71 916.0 341.0 931.0 357.0
face 0.70 737.0 327.0 747.0 339.0
face 0.70 239.0 404.0 282.0 449.0
face 0.70 294.0 275.0 305.0 288.0
face 0.69 710.0 323.0 720.0 335.0
face 0.59 809.0 594.0 835.0 625.0
face 0.59 336.0 308.0 347.0 322.0
face 0.58 118.0 322.0 131.0 338.0
face 0.58 686.0 543.0 709.0 573.0
face 0.58 776.0 310.0 790.0 325.0
face 0.57 224.0 269.0 238.0 286.0
face 0.56 774.0 337.0 790.0 354.0
face 0.54 341.0 516.0 356.0 535.0
face 0.54 758.0 357.0 772.0 373.0
face 0.53 854.0 304.0 863.0 316.0
face 0.53 747.0 360.0 763.0 380.0
face 0.53 324.0 286.0 335.0 298.0
face 0.52 942.0 277.0 954.0 290.0
face 0.52 559.0 309.0 570.0 321.0
face 0.51 332.0 363.0 354.0 387.0
face 0.50 814.0 365.0 824.0 378.0
face 0.50 714.0 354.0 729.0 371.0
face 0.50 691.0 362.0 704.0 379.0
face 0.48 897.0 341.0 908.0 355.0
face 0.48 33.0 187.0 46.0 204.0
face 0.47 867.0 387.0 884.0 407.0
face 0.47 133.0 266.0 146.0 281.0
face 0.46 174.0 303.0 186.0 316.0
face 0.46 527.0 286.0 538.0 298.0
face 0.45 829.0 318.0 840.0 331.0
face 0.44 743.0 655.0 759.0 679.0
face 0.43 635.0 509.0 662.0 539.0
face 0.43 790.0 300.0 802.0 314.0
face 0.43 910.0 373.0 927.0 392.0
face 0.43 8.0 279.0 18.0 291.0
face 0.42 198.0 278.0 208.0 291.0
face 0.42 841.0 321.0 851.0 332.0
face 0.42 141.0 340.0 153.0 356.0
face 0.41 870.0 350.0 881.0 363.0
face 0.41 815.0 310.0 825.0 322.0
face 0.41 895.0 328.0 905.0 340.0
face 0.41 205.0 281.0 221.0 299.0
face 0.41 895.0 333.0 907.0 348.0
face 0.41 821.0 378.0 835.0 395.0
face 0.40 813.0 380.0 828.0 396.0
face 0.40 888.0 470.0 911.0 497.0
face 0.40 942.0 341.0 953.0 354.0
face 0.40 112.0 323.0 123.0 336.0
face 0.40 900.0 346.0 913.0 363.0
face 0.40 848.0 335.0 859.0 347.0
face 0.39 210.0 274.0 226.0 294.0
face 0.39 13.0 292.0 25.0 306.0
face 0.39 974.0 641.0 1000.0 675.0
face 0.39 815.0 370.0 828.0 386.0
face 0.39 347.0 331.0 364.0 350.0
face 0.39 743.0 311.0 753.0 322.0
face 0.39 846.0 319.0 855.0 329.0
face 0.39 266.0 420.0 282.0 439.0
face 0.38 822.0 310.0 832.0 322.0
face 0.38 572.0 325.0 583.0 338.0
face 0.38 115.0 550.0 162.0 612.0
face 0.38 789.0 308.0 802.0 323.0
face 0.38 135.0 293.0 146.0 307.0
face 0.38 846.0 341.0 856.0 353.0
face 0.38 140.0 300.0 154.0 317.0
face 0.38 814.0 358.0 825.0 371.0
face 0.38 774.0 303.0 785.0 316.0
face 0.38 751.0 311.0 761.0 322.0
face 0.38 759.0 301.0 769.0 314.0
face 0.38 236.0 270.0 249.0 285.0
face 0.38 792.0 318.0 803.0 330.0
face 0.38 735.0 303.0 744.0 314.0
face 0.38 743.0 318.0 753.0 331.0
face 0.38 566.0 318.0 577.0 330.0
face 0.38 713.0 310.0 722.0 321.0
face 0.38 713.0 302.0 722.0 314.0
face 0.38 870.0 310.0 879.0 321.0
face 0.38 149.0 278.0 159.0 290.0
face 0.37 799.0 319.0 810.0 333.0
face 0.37 815.0 317.0 824.0 330.0
face 0.37 727.0 321.0 736.0 331.0
face 0.37 246.0 278.0 255.0 289.0
face 0.37 911.0 334.0 922.0 347.0
face 0.37 583.0 309.0 593.0 321.0
face 0.37 847.0 327.0 857.0 338.0
face 0.37 751.0 319.0 764.0 333.0
face 0.37 565.0 311.0 575.0 323.0
face 0.37 143.0 326.0 154.0 339.0
face 0.37 524.0 270.0 536.0 285.0
face 0.37 822.0 357.0 833.0 369.0
face 0.37 736.0 308.0 745.0 319.0
face 0.37 140.0 268.0 152.0 282.0
face 0.37 788.0 339.0 800.0 353.0
face 0.37 814.0 351.0 824.0 362.0
face 0.37 552.0 350.0 563.0 364.0
face 0.37 836.0 364.0 849.0 379.0
face 0.37 535.0 293.0 544.0 304.0
face 0.37 766.0 301.0 777.0 315.0
face 0.36 125.0 324.0 135.0 337.0
face 0.36 238.0 349.0 263.0 376.0
face 0.36 903.0 355.0 916.0 372.0
face 0.36 832.0 351.0 841.0 362.0
face 0.36 102.0 332.0 113.0 347.0
face 0.36 663.0 405.0 672.0 417.0
face 0.36 886.0 339.0 899.0 355.0
face 0.36 693.0 308.0 703.0 320.0
face 0.36 808.0 311.0 817.0 322.0
face 0.36 759.0 352.0 770.0 364.0
face 0.36 27.0 125.0 44.0 145.0
face 0.36 224.0 263.0 235.0 275.0
face 0.36 841.0 342.0 851.0 355.0
face 0.36 690.0 301.0 701.0 316.0
face 0.36 729.0 302.0 739.0 313.0
face 0.36 294.0 283.0 305.0 296.0
face 0.36 573.0 318.0 584.0 332.0
face 0.36 742.0 342.0 754.0 356.0
face 0.36 583.0 335.0 595.0 348.0
face 0.36 582.0 303.0 592.0 314.0
face 0.36 755.0 444.0 771.0 462.0
face 0.36 879.0 341.0 892.0 355.0
face 0.36 45.0 284.0 57.0 299.0
face 0.36 775.0 254.0 786.0 265.0
face 0.36 808.0 357.0 818.0 369.0
face 0.36 622.0 532.0 635.0 550.0
face 0.36 854.0 330.0 864.0 340.0
face 0.36 618.0 194.0 632.0 213.0
face 0.36 719.0 293.0 728.0 305.0
face 0.36 240.0 278.0 250.0 290.0
face 0.36 518.0 270.0 530.0 285.0
face 0.36 796.0 338.0 808.0 352.0
face 0.36 752.0 304.0 765.0 318.0
face 0.36 20.0 268.0 34.0 283.0
face 0.36 566.0 294.0 575.0 305.0
face 0.36 832.0 334.0 842.0 346.0
face 0.36 103.0 339.0 115.0 355.0
face 0.36 714.0 297.0 722.0 307.0
face 0.36 315.0 347.0 329.0 365.0
face 0.36 850.0 312.0 859.0 322.0
face 0.36 831.0 358.0 841.0 369.0
face 0.36 951.0 295.0 961.0 306.0
face 0.36 149.0 294.0 159.0 306.0
face 0.36 823.0 323.0 834.0 337.0
face 0.36 895.0 312.0 905.0 323.0
face 0.36 837.0 243.0 850.0 259.0
face 0.36 740.0 269.0 752.0 284.0
face 0.36 813.0 344.0 823.0 354.0
face 0.36 320.0 291.0 330.0 304.0
face 0.36 554.0 311.0 563.0 322.0
face 0.36 583.0 317.0 593.0 329.0
face 0.36 703.0 311.0 713.0 322.0
face 0.36 783.0 255.0 794.0 266.0
face 0.36 600.0 317.0 610.0 329.0
face 0.36 889.0 335.0 898.0 346.0
face 0.36 640.0 351.0 650.0 363.0
face 0.36 254.0 222.0 264.0 234.0
face 0.36 72.0 269.0 82.0 280.0
face 0.36 705.0 320.0 714.0 331.0
face 0.36 697.0 287.0 706.0 298.0
face 0.36 255.0 278.0 265.0 289.0
face 0.36 148.0 283.0 160.0 299.0
face 0.35 821.0 304.0 831.0 315.0
face 0.35 552.0 303.0 562.0 315.0
face 0.35 148.0 333.0 160.0 348.0
face 0.35 790.0 254.0 801.0 266.0
face 0.35 262.0 278.0 272.0 291.0
face 0.35 584.0 296.0 593.0 306.0
face 0.35 751.0 351.0 761.0 363.0
face 0.35 925.0 342.0 935.0 355.0
face 0.35 936.0 341.0 947.0 354.0
face 0.35 596.0 308.0 609.0 324.0
face 0.35 728.0 310.0 737.0 321.0
face 0.35 1009.0 293.0 1019.0 305.0
face 0.35 727.0 326.0 737.0 338.0
face 0.35 104.0 271.0 113.0 281.0
face 0.35 159.0 310.0 169.0 321.0
face 0.35 109.0 307.0 122.0 324.0
face 0.35 102.0 327.0 112.0 339.0
face 0.35 321.0 279.0 330.0 290.0
face 0.35 320.0 301.0 329.0 314.0
face 0.35 326.0 270.0 334.0 280.0
face 0.35 1012.0 346.0 1024.0 364.0
face 0.35 254.0 263.0 263.0 273.0
face 0.35 9.0 284.0 19.0 297.0
face 0.35 930.0 573.0 945.0 591.0
face 0.35 254.0 269.0 265.0 282.0
face 0.35 735.0 321.0 746.0 334.0
face 0.35 759.0 628.0 774.0 648.0
face 0.35 769.0 317.0 778.0 330.0
face 0.35 950.0 332.0 964.0 348.0
face 0.35 264.0 295.0 274.0 307.0
face 0.35 831.0 312.0 841.0 324.0
face 0.35 551.0 287.0 560.0 298.0
face 0.35 695.0 278.0 704.0 289.0
face 0.35 271.0 278.0 282.0 291.0
face 0.35 238.0 261.0 250.0 276.0
face 0.35 709.0 271.0 720.0 283.0
face 0.35 743.0 305.0 752.0 316.0
face 0.35 136.0 334.0 147.0 347.0
face 0.35 134.0 306.0 149.0 323.0
face 0.35 695.0 328.0 705.0 339.0
face 0.35 247.0 270.0 258.0 284.0
face 0.35 582.0 327.0 595.0 341.0
face 0.35 934.0 358.0 944.0 371.0
face 0.35 543.0 303.0 553.0 315.0
face 0.35 729.0 263.0 741.0 277.0
face 0.35 599.0 303.0 608.0 315.0
face 0.35 768.0 340.0 779.0 354.0
face 0.35 806.0 251.0 819.0 266.0
face 0.35 743.0 285.0 753.0 296.0
face 0.35 742.0 333.0 753.0 345.0
face 0.35 13.0 280.0 24.0 292.0
face 0.35 96.0 271.0 105.0 281.0
face 0.35 822.0 333.0 832.0 346.0
face 0.35 575.0 334.0 585.0 346.0
face 0.35 695.0 319.0 704.0 329.0
face 0.35 768.0 310.0 779.0 323.0
face 0.35 591.0 316.0 601.0 328.0
face 0.35 720.0 319.0 729.0 330.0
face 0.35 839.0 349.0 849.0 361.0
face 0.35 263.0 301.0 275.0 316.0
face 0.35 287.0 286.0 297.0 299.0
face 0.35 230.0 254.0 240.0 267.0
