face 0.92 449.0 433.0 594.0 585.0
face 0.80 619.0 144.0 633.0 161.0
face 0.74 405.0 145.0 421.0 166.0
face 0.67 749.0 142.0 765.0 161.0
face 0.59 462.0 131.0 476.0 148.0
face 0.49 675.0 148.0 690.0 165.0
face 0.48 639.0 74.0 654.0 94.0
face 0.41 60.0 176.0 77.0 196.0
face 0.41 2.0 47.0 17.0 66.0
face 0.40 443.0 142.0 463.0 166.0
face 0.40 346.0 0.0 370.0 24.0
face 0.39 581.0 75.0 597.0 94.0
face 0.39 478.0 140.0 494.0 159.0
face 0.37 691.0 141.0 707.0 160.0
face 0.37 820.0 24.0 831.0 36.0
face 0.37 258.0 135.0 273.0 154.0
face 0.36 999.0 67.0 1013.0 84.0
face 0.36 383.0 147.0 399.0 165.0
face 0.36 70.0 142.0 80.0 154.0
face 0.35 235.0 142.0 249.0 158.0
face 0.35 573.0 141.0 584.0 153.0
face 0.35 608.0 134.0 617.0 146.0
face 0.35 607.0 139.0 620.0 155.0
face 0.35 765.0 145.0 778.0 163.0
face 0.35 906.0 90.0 923.0 111.0
face 0.35 527.0 142.0 538.0 155.0
face 0.35 638.0 124.0 649.0 137.0
