face 1.00 481.0 451.0 690.0 731.0
face 1.00 795.0 572.0 856.0 667.0
face 0.97 162.0 385.0 198.0 448.0
face 0.95 327.0 577.0 365.0 623.0
face 0.92 835.0 606.0 881.0 663.0
face 0.87 546.0 1129.0 563.0 1149.0
face 0.86 838.0 499.0 903.0 599.0
face 0.85 769.0 469.0 787.0 492.0
face 0.77 563.0 1120.0 581.0 1141.0
face 0.72 896.0 807.0 1028.0 1053.0
face 0.71 170.0 466.0 201.0 510.0
face 0.71 705.0 1085.0 722.0 1106.0
face 0.69 304.0 629.0 323.0 656.0
face 0.68 782.0 497.0 817.0 544.0
face 0.67 369.0 566.0 473.0 717.0
face 0.66 27.0 1005.0 208.0 1208.0
face 0.61 722.0 728.0 744.0 756.0
face 0.53 685.0 1076.0 701.0 1094.0
face 0.50 526.0 1141.0 543.0 1162.0
face 0.50 715.0 605.0 753.0 655.0
face 0.47 154.0 40.0 292.0 176.0
face 0.47 631.0 1187.0 672.0 1238.0
face 0.47 608.0 1227.0 622.0 1243.0
face 0.46 14.0 889.0 176.0 1083.0
face 0.45 652.0 1194.0 669.0 1216.0
face 0.45 711.0 715.0 787.0 825.0
face 0.44 903.0 1105.0 918.0 1125.0
face 0.43 714.0 1229.0 727.0 1246.0
face 0.43 152.0 517.0 177.0 554.0
face 0.42 233.0 397.0 254.0 425.0
face 0.41 513.0 1272.0 536.0 1298.0
face 0.40 501.0 998.0 516.0 1016.0
face 0.39 667.0 1072.0 684.0 1093.0
face 0.39 716.0 1210.0 729.0 1226.0
face 0.38 803.0 538.0 819.0 558.0
face 0.38 296.0 546.0 311.0 563.0
face 0.36 653.0 1208.0 667.0 1227.0
face 0.36 682.0 459.0 706.0 490.0
face 0.36 567.0 1085.0 582.0 1106.0
face 0.36 587.0 1107.0 603.0 1127.0
face 0.36 799.0 523.0 811.0 538.0
face 0.36 708.0 1243.0 720.0 1258.0
face 0.35 675.0 1103.0 688.0 1118.0
face 0.35 525.0 1283.0 538.0 1296.0
face 0.35 789.0 549.0 804.0 566.0
face 0.35 504.0 1173.0 518.0 1191.0
face 0.35 671.0 1211.0 685.0 1231.0
