face 1.00 6.0 400.0 47.0 447.0
face 1.00 727.0 71.0 805.0 162.0
face 0.99 587.0 486.0 651.0 560.0
face 0.98 156.0 390.0 208.0 461.0
face 0.96 55.0 415.0 110.0 482.0
face 0.94 416.0 456.0 442.0 485.0
face 0.94 542.0 441.0 582.0 487.0
face 0.90 314.0 442.0 355.0 496.0
face 0.89 646.0 459.0 691.0 511.0
face 0.69 157.0 419.0 181.0 450.0
face 0.66 817.0 448.0 941.0 586.0
face 0.63 266.0 457.0 318.0 531.0
face 0.42 181.0 179.0 215.0 221.0
face 0.42 663.0 470.0 688.0 496.0
face 0.41 998.0 128.0 1010.0 143.0
face 0.39 1.0 315.0 35.0 369.0
face 0.39 370.0 437.0 392.0 465.0
face 0.36 315.0 441.0 333.0 462.0
face 0.36 359.0 332.0 383.0 361.0
face 0.36 205.0 337.0 220.0 355.0
