face 1.00 146.0 285.0 196.0 344.0
face 0.98 232.0 293.0 259.0 329.0
face 0.90 404.0 238.0 430.0 272.0
face 0.77 947.0 312.0 990.0 357.0
face 0.72 715.0 219.0 728.0 235.0
face 0.72 677.0 442.0 755.0 547.0
face 0.70 964.0 376.0 1018.0 456.0
face 0.66 677.0 188.0 696.0 212.0
face 0.61 596.0 287.0 626.0 318.0
face 0.60 462.0 192.0 477.0 210.0
face 0.56 470.0 231.0 482.0 245.0
face 0.54 95.0 293.0 121.0 323.0
face 0.53 517.0 184.0 553.0 221.0
face 0.53 18.0 185.0 41.0 212.0
face 0.51 439.0 220.0 463.0 253.0
face 0.50 155.0 191.0 174.0 215.0
face 0.49 836.0 202.0 853.0 222.0
face 0.48 989.0 274.0 1004.0 293.0
face 0.48 420.0 379.0 454.0 415.0
face 0.48 638.0 246.0 649.0 259.0
face 0.47 1.0 207.0 23.0 233.0
face 0.47 143.0 248.0 169.0 282.0
face 0.45 236.0 207.0 262.0 235.0
face 0.45 967.0 248.0 977.0 261.0
face 0.45 735.0 230.0 749.0 247.0
face 0.44 631.0 258.0 661.0 291.0
face 0.44 920.0 259.0 940.0 282.0
face 0.43 793.0 196.0 823.0 230.0
face 0.43 845.0 320.0 856.0 333.0
face 0.43 933.0 279.0 959.0 312.0
face 0.43 911.0 400.0 962.0 469.0
face 0.42 992.0 206.0 1007.0 224.0
face 0.41 202.0 198.0 219.0 219.0
face 0.40 510.0 426.0 523.0 441.0
face 0.40 1013.0 188.0 1024.0 203.0
face 0.39 526.0 415.0 538.0 430.0
face 0.39 914.0 196.0 929.0 214.0
face 0.39 172.0 219.0 190.0 240.0
face 0.39 837.0 322.0 851.0 338.0
face 0.38 557.0 315.0 582.0 347.0
face 0.38 787.0 258.0 804.0 281.0
face 0.38 804.0 286.0 815.0 299.0
face 0.38 367.0 199.0 379.0 212.0
face 0.38 665.0 302.0 720.0 358.0
face 0.38 963.0 269.0 979.0 287.0
face 0.38 614.0 205.0 626.0 218.0
face 0.38 446.0 194.0 460.0 211.0
face 0.38 582.0 350.0 595.0 366.0
face 0.37 829.0 247.0 845.0 268.0
face 0.37 735.0 204.0 746.0 217.0
face 0.37 718.0 197.0 731.0 212.0
face 0.37 946.0 212.0 960.0 230.0
face 0.37 702.0 205.0 714.0 220.0
face 0.37 47.0 124.0 95.0 179.0
face 0.37 621.0 237.0 637.0 256.0
face 0.37 35.0 185.0 50.0 206.0
face 0.37 827.0 239.0 841.0 255.0
face 0.37 47.0 122.0 59.0 139.0
face 0.37 446.0 213.0 459.0 229.0
face 0.37 471.0 224.0 481.0 236.0
face 0.37 742.0 186.0 754.0 202.0
face 0.37 270.0 242.0 286.0 263.0
face 0.36 648.0 214.0 658.0 225.0
face 0.36 109.0 156.0 124.0 176.0
face 0.36 630.0 238.0 640.0 250.0
face 0.36 719.0 240.0 729.0 252.0
face 0.36 181.0 206.0 192.0 219.0
face 0.36 645.0 229.0 657.0 243.0
face 0.36 615.0 213.0 626.0 227.0
face 0.36 6.0 206.0 19.0 220.0
face 0.36 710.0 205.0 721.0 218.0
face 0.36 726.0 198.0 736.0 210.0
face 0.36 717.0 245.0 731.0 261.0
face 0.36 479.0 215.0 490.0 226.0
face 0.36 735.0 224.0 745.0 236.0
face 0.36 211.0 236.0 226.0 254.0
face 0.36 751.0 206.0 763.0 220.0
face 0.36 182.0 198.0 193.0 210.0
face 0.36 712.0 199.0 722.0 211.0
face 0.36 693.0 188.0 705.0 204.0
face 0.36 152.0 201.0 166.0 218.0
face 0.36 215.0 228.0 226.0 240.0
face 0.36 607.0 206.0 618.0 218.0
face 0.36 638.0 214.0 648.0 226.0
face 0.36 454.0 213.0 466.0 226.0
face 0.36 728.0 230.0 738.0 243.0
face 0.36 620.0 247.0 635.0 267.0
face 0.36 479.0 221.0 489.0 233.0
face 0.36 324.0 292.0 367.0 343.0
face 0.36 623.0 183.0 633.0 195.0
face 0.36 307.0 299.0 324.0 319.0
face 0.36 597.0 239.0 609.0 252.0
face 0.36 971.0 222.0 985.0 238.0
face 0.36 222.0 188.0 233.0 201.0
face 0.36 682.0 173.0 692.0 187.0
face 0.36 357.0 244.0 370.0 260.0
face 0.36 222.0 203.0 234.0 218.0
face 0.36 621.0 206.0 633.0 221.0
face 0.36 488.0 222.0 498.0 233.0
face 0.36 711.0 238.0 722.0 251.0
face 0.36 726.0 222.0 738.0 235.0
face 0.36 595.0 211.0 613.0 235.0
face 0.36 972.0 276.0 984.0 289.0
face 0.36 741.0 206.0 752.0 218.0
face 0.36 751.0 229.0 762.0 242.0
face 0.36 428.0 210.0 441.0 227.0
face 0.36 582.0 370.0 594.0 384.0
face 0.36 726.0 191.0 736.0 203.0
face 0.36 975.0 207.0 986.0 219.0
face 0.36 647.0 222.0 659.0 237.0
face 0.36 758.0 206.0 769.0 218.0
face 0.36 812.0 213.0 825.0 227.0
face 0.35 654.0 245.0 669.0 262.0
face 0.35 606.0 188.0 617.0 201.0
face 0.35 740.0 197.0 753.0 213.0
face 0.35 623.0 230.0 634.0 243.0
face 0.35 959.0 268.0 970.0 282.0
face 0.35 383.0 206.0 393.0 218.0
face 0.35 576.0 200.0 586.0 211.0
face 0.35 132.0 305.0 149.0 327.0
face 0.35 727.0 205.0 738.0 218.0
face 0.35 184.0 189.0 197.0 205.0
face 0.35 741.0 163.0 758.0 184.0
face 0.35 992.0 263.0 1002.0 274.0
face 0.35 398.0 204.0 412.0 221.0
face 0.35 843.0 211.0 857.0 227.0
face 0.35 454.0 206.0 464.0 218.0
face 0.35 485.0 411.0 500.0 430.0
face 0.35 350.0 236.0 364.0 251.0
face 0.35 605.0 194.0 622.0 214.0
face 0.35 359.0 213.0 371.0 227.0
face 0.35 495.0 199.0 506.0 212.0
face 0.35 751.0 245.0 764.0 259.0
face 0.35 268.0 116.0 281.0 132.0
face 0.35 972.0 174.0 996.0 202.0
face 0.35 949.0 268.0 962.0 285.0
face 0.35 653.0 213.0 665.0 228.0
face 0.35 197.0 191.0 209.0 205.0
face 0.35 735.0 213.0 746.0 226.0
face 0.35 184.0 183.0 194.0 195.0
face 0.35 566.0 190.0 576.0 201.0
face 0.35 623.0 215.0 633.0 227.0
face 0.35 735.0 255.0 747.0 269.0
face 0.35 631.0 214.0 641.0 226.0
face 0.35 616.0 230.0 627.0 242.0
face 0.35 696.0 172.0 706.0 185.0
face 0.35 767.0 205.0 777.0 216.0
face 0.35 282.0 130.0 298.0 150.0
face 0.35 737.0 180.0 750.0 196.0
face 0.35 347.0 194.0 363.0 213.0
face 0.35 396.0 186.0 408.0 202.0
face 0.35 400.0 376.0 410.0 387.0
face 0.35 410.0 172.0 424.0 187.0
face 0.35 478.0 207.0 489.0 218.0
face 0.35 727.0 214.0 738.0 227.0
face 0.35 692.0 233.0 708.0 253.0
face 0.35 1007.0 208.0 1017.0 221.0
face 0.35 623.0 222.0 634.0 234.0
face 0.35 164.0 181.0 177.0 196.0
face 0.35 447.0 207.0 458.0 219.0
face 0.35 556.0 197.0 569.0 214.0
face 0.35 293.0 198.0 305.0 211.0
face 0.35 701.0 182.0 712.0 196.0
face 0.35 519.0 501.0 529.0 512.0
