face 1.00 822.0 380.0 970.0 570.0
face 1.00 401.0 135.0 464.0 212.0
face 1.00 660.0 124.0 717.0 237.0
face 1.00 93.0 162.0 143.0 228.0
face 1.00 275.0 18.0 373.0 166.0
face 0.87 246.0 285.0 309.0 359.0
face 0.77 8.0 178.0 37.0 214.0
face 0.62 76.0 181.0 93.0 204.0
face 0.60 434.0 322.0 520.0 426.0
face 0.59 101.0 129.0 117.0 151.0
face 0.58 85.0 120.0 98.0 135.0
face 0.57 157.0 159.0 199.0 203.0
face 0.55 12.0 133.0 26.0 149.0
face 0.53 109.0 89.0 127.0 110.0
face 0.52 537.0 138.0 561.0 163.0
face 0.50 137.0 471.0 257.0 597.0
face 0.48 692.0 509.0 744.0 570.0
face 0.46 516.0 97.0 533.0 114.0
face 0.43 493.0 10.0 507.0 26.0
face 0.42 77.0 663.0 92.0 680.0
face 0.41 36.0 212.0 51.0 231.0
face 0.40 71.0 136.0 86.0 156.0
face 0.39 137.0 666.0 150.0 679.0
face 0.39 91.0 665.0 107.0 679.0
face 0.39 518.0 149.0 532.0 163.0
face 0.37 41.0 129.0 59.0 150.0
face 0.37 1.0 217.0 31.0 280.0
face 0.36 775.0 111.0 792.0 131.0
face 0.36 742.0 601.0 757.0 623.0
face 0.36 475.0 190.0 491.0 209.0
face 0.35 502.0 176.0 546.0 228.0
