face 1.00 854.0 418.0 895.0 470.0
face 1.00 631.0 444.0 731.0 563.0
face 1.00 351.0 427.0 396.0 480.0
face 1.00 466.0 457.0 504.0 499.0
face 1.00 728.0 465.0 777.0 535.0
face 1.00 3.0 524.0 70.0 603.0
face 1.00 503.0 487.0 544.0 545.0
face 1.00 178.0 485.0 232.0 555.0
face 1.00 556.0 514.0 602.0 584.0
face 0.95 115.0 423.0 135.0 448.0
face 0.95 253.0 502.0 322.0 585.0
face 0.94 508.0 427.0 526.0 449.0
face 0.93 807.0 448.0 828.0 473.0
face 0.92 218.0 410.0 232.0 428.0
face 0.87 833.0 430.0 846.0 448.0
face 0.79 4.0 393.0 49.0 449.0
face 0.77 932.0 447.0 965.0 486.0
face 0.73 327.0 420.0 338.0 433.0
face 0.64 406.0 421.0 417.0 436.0
face 0.64 287.0 415.0 297.0 428.0
face 0.61 149.0 412.0 166.0 432.0
face 0.59 207.0 416.0 222.0 434.0
face 0.53 216.0 76.0 228.0 93.0
face 0.51 302.0 388.0 322.0 413.0
face 0.50 952.0 431.0 978.0 462.0
face 0.50 237.0 53.0 248.0 68.0
face 0.50 848.0 558.0 861.0 573.0
face 0.50 563.0 426.0 580.0 448.0
face 0.49 351.0 389.0 361.0 401.0
face 0.48 100.0 400.0 111.0 412.0
face 0.48 574.0 414.0 588.0 430.0
face 0.47 178.0 421.0 192.0 439.0
face 0.47 71.0 2.0 94.0 28.0
face 0.46 968.0 289.0 978.0 302.0
face 0.46 742.0 297.0 757.0 315.0
face 0.46 1008.0 415.0 1018.0 426.0
face 0.45 607.0 438.0 622.0 459.0
face 0.44 934.0 587.0 959.0 616.0
face 0.44 67.0 410.0 83.0 432.0
face 0.43 434.0 401.0 448.0 420.0
face 0.42 762.0 293.0 777.0 313.0
face 0.41 1006.0 632.0 1023.0 654.0
face 0.41 568.0 132.0 583.0 151.0
face 0.41 501.0 340.0 517.0 360.0
face 0.40 858.0 378.0 882.0 409.0
face 0.39 739.0 411.0 763.0 440.0
face 0.39 800.0 646.0 810.0 657.0
face 0.39 117.0 450.0 142.0 480.0
face 0.38 807.0 621.0 818.0 636.0
face 0.38 388.0 411.0 402.0 427.0
face 0.38 176.0 413.0 186.0 426.0
face 0.38 243.0 2.0 259.0 19.0
face 0.38 772.0 412.0 788.0 432.0
face 0.38 148.0 395.0 161.0 410.0
face 0.37 1005.0 426.0 1018.0 444.0
face 0.37 543.0 420.0 554.0 432.0
face 0.37 998.0 427.0 1010.0 443.0
face 0.37 125.0 398.0 136.0 410.0
face 0.37 551.0 405.0 562.0 418.0
face 0.37 318.0 444.0 332.0 462.0
face 0.37 6.0 378.0 42.0 417.0
face 0.37 262.0 431.0 274.0 444.0
face 0.37 167.0 419.0 182.0 438.0
face 0.37 268.0 411.0 282.0 427.0
face 0.37 44.0 407.0 69.0 441.0
face 0.37 237.0 396.0 251.0 412.0
face 0.36 326.0 21.0 338.0 37.0
face 0.36 550.0 414.0 560.0 426.0
face 0.36 69.0 398.0 79.0 410.0
face 0.36 319.0 430.0 328.0 441.0
face 0.36 412.0 423.0 423.0 435.0
face 0.36 399.0 428.0 410.0 441.0
face 0.36 975.0 215.0 1014.0 271.0
face 0.36 48.0 383.0 60.0 397.0
face 0.36 575.0 399.0 584.0 409.0
face 0.36 62.0 405.0 75.0 424.0
face 0.36 5.0 628.0 20.0 646.0
face 0.36 158.0 5.0 172.0 22.0
face 0.36 263.0 406.0 274.0 418.0
face 0.36 180.0 407.0 193.0 421.0
face 0.36 997.0 611.0 1011.0 628.0
face 0.36 254.0 422.0 265.0 435.0
face 0.36 710.0 646.0 719.0 657.0
face 0.36 0.0 658.0 13.0 678.0
face 0.36 318.0 438.0 329.0 451.0
face 0.36 262.0 400.0 272.0 411.0
face 0.36 535.0 421.0 544.0 433.0
face 0.36 559.0 387.0 572.0 405.0
face 0.36 240.0 69.0 250.0 82.0
face 0.36 992.0 436.0 1002.0 449.0
face 0.35 119.0 404.0 132.0 418.0
face 0.35 713.0 105.0 730.0 125.0
face 0.35 558.0 397.0 568.0 410.0
face 0.35 432.0 429.0 441.0 441.0
face 0.35 55.0 406.0 66.0 420.0
face 0.35 63.0 399.0 74.0 412.0
face 0.35 381.0 395.0 394.0 412.0
face 0.35 230.0 70.0 243.0 85.0
face 0.35 461.0 421.0 471.0 433.0
face 0.35 460.0 340.0 475.0 359.0
face 0.35 965.0 429.0 977.0 444.0
face 0.35 230.0 78.0 240.0 89.0
face 0.35 951.0 430.0 963.0 444.0
face 0.35 771.0 648.0 781.0 659.0
face 0.35 118.0 454.0 130.0 467.0
face 0.35 95.0 390.0 105.0 401.0
face 0.35 158.0 406.0 170.0 419.0
face 0.35 279.0 399.0 289.0 410.0
face 0.35 86.0 397.0 95.0 409.0
face 0.35 87.0 405.0 97.0 418.0
face 0.35 566.0 383.0 576.0 395.0
face 0.35 861.0 564.0 874.0 580.0
face 0.35 983.0 415.0 994.0 427.0
face 0.35 192.0 406.0 205.0 421.0
face 0.35 575.0 407.0 586.0 420.0
face 0.35 579.0 418.0 594.0 437.0
face 0.35 140.0 345.0 157.0 366.0
face 0.35 86.0 414.0 96.0 427.0
face 0.35 415.0 437.0 429.0 452.0
face 0.35 254.0 61.0 265.0 74.0
