face 1.00 642.0 230.0 661.0 255.0
face 1.00 376.0 225.0 394.0 247.0
face 0.99 609.0 238.0 632.0 265.0
face 0.92 5.0 217.0 22.0 238.0
face 0.92 35.0 249.0 52.0 270.0
face 0.88 519.0 221.0 536.0 240.0
face 0.86 870.0 241.0 897.0 278.0
face 0.86 736.0 220.0 765.0 258.0
face 0.82 299.0 234.0 316.0 256.0
face 0.79 972.0 250.0 1001.0 284.0
face 0.69 866.0 251.0 883.0 274.0
face 0.67 723.0 239.0 738.0 259.0
face 0.67 774.0 245.0 788.0 261.0
face 0.60 561.0 241.0 580.0 263.0
face 0.50 115.0 12.0 131.0 32.0
face 0.48 1008.0 260.0 1021.0 277.0
face 0.47 87.0 215.0 97.0 227.0
face 0.46 872.0 181.0 883.0 194.0
face 0.43 567.0 221.0 593.0 251.0
face 0.42 174.0 242.0 188.0 259.0
face 0.42 149.0 219.0 163.0 235.0
face 0.42 830.0 244.0 840.0 256.0
face 0.41 954.0 278.0 970.0 296.0
face 0.41 429.0 229.0 440.0 243.0
face 0.41 462.0 240.0 476.0 258.0
face 0.38 767.0 405.0 780.0 419.0
face 0.37 1010.0 233.0 1024.0 254.0
face 0.37 968.0 258.0 981.0 276.0
face 0.36 853.0 94.0 898.0 145.0
face 0.36 71.0 232.0 81.0 244.0
face 0.36 420.0 292.0 436.0 311.0
face 0.36 650.0 153.0 675.0 185.0
face 0.35 456.0 230.0 466.0 243.0
face 0.35 93.0 226.0 109.0 245.0
face 0.35 837.0 259.0 851.0 277.0
face 0.35 888.0 205.0 899.0 220.0
face 0.35 1001.0 236.0 1012.0 250.0
face 0.35 878.0 51.0 891.0 67.0
