face 1.00 107.0 235.0 163.0 311.0
face 1.00 350.0 180.0 394.0 241.0
face 1.00 608.0 125.0 653.0 189.0
face 1.00 489.0 129.0 548.0 222.0
face 1.00 286.0 208.0 337.0 276.0
face 0.97 766.0 140.0 809.0 201.0
face 0.93 859.0 168.0 912.0 228.0
face 0.85 679.0 124.0 735.0 207.0
face 0.77 142.0 386.0 182.0 431.0
face 0.70 728.0 44.0 740.0 61.0
face 0.66 62.0 218.0 77.0 236.0
face 0.65 858.0 216.0 911.0 281.0
face 0.53 23.0 362.0 77.0 436.0
face 0.50 236.0 218.0 272.0 260.0
face 0.47 661.0 102.0 691.0 140.0
face 0.46 991.0 346.0 1013.0 376.0
face 0.42 554.0 267.0 570.0 286.0
face 0.42 441.0 240.0 473.0 285.0
face 0.42 88.0 379.0 102.0 395.0
face 0.40 543.0 162.0 567.0 194.0
face 0.39 173.0 189.0 198.0 220.0
face 0.39 472.0 388.0 486.0 403.0
face 0.38 -1.0 147.0 11.0 164.0
face 0.37 916.0 385.0 946.0 417.0
face 0.37 7.0 280.0 17.0 292.0
face 0.37 951.0 564.0 964.0 576.0
face 0.36 880.0 190.0 906.0 221.0
face 0.36 807.0 149.0 819.0 164.0
face 0.36 790.0 513.0 802.0 531.0
face 0.36 503.0 294.0 517.0 312.0
face 0.36 799.0 509.0 809.0 523.0
face 0.36 398.0 302.0 416.0 327.0
face 0.36 485.0 74.0 498.0 89.0
face 0.36 344.0 390.0 355.0 402.0
face 0.36 87.0 397.0 99.0 414.0
face 0.36 38.0 283.0 51.0 301.0
face 0.36 590.0 491.0 602.0 505.0
face 0.36 63.0 309.0 74.0 323.0
face 0.35 317.0 381.0 330.0 396.0
face 0.35 84.0 233.0 99.0 251.0
face 0.35 227.0 507.0 244.0 527.0
face 0.35 495.0 436.0 507.0 451.0
face 0.35 471.0 438.0 480.0 450.0
face 0.35 21.0 275.0 36.0 292.0
face 0.35 60.0 401.0 90.0 438.0
face 0.35 249.0 412.0 271.0 440.0
face 0.35 319.0 438.0 329.0 450.0
face 0.35 212.0 533.0 227.0 550.0
face 0.35 574.0 468.0 584.0 481.0
face 0.35 62.0 13.0 74.0 26.0
face 0.35 23.0 303.0 33.0 314.0
face 0.35 316.0 404.0 329.0 420.0
face 0.35 797.0 516.0 808.0 529.0
