face 1.00 606.0 329.0 622.0 350.0
face 1.00 162.0 644.0 183.0 673.0
face 1.00 515.0 462.0 536.0 485.0
face 1.00 467.0 482.0 483.0 503.0
face 1.00 493.0 447.0 511.0 469.0
face 1.00 115.0 510.0 136.0 536.0
face 1.00 840.0 264.0 857.0 286.0
face 1.00 979.0 436.0 997.0 460.0
face 1.00 767.0 539.0 788.0 565.0
face 1.00 614.0 303.0 630.0 322.0
face 1.00 124.0 540.0 141.0 564.0
face 1.00 12.0 568.0 34.0 595.0
face 1.00 617.0 435.0 637.0 459.0
face 1.00 958.0 313.0 974.0 334.0
face 1.00 666.0 233.0 682.0 253.0
face 1.00 644.0 481.0 661.0 502.0
face 1.00 739.0 332.0 755.0 353.0
face 1.00 751.0 362.0 767.0 382.0
face 1.00 455.0 512.0 474.0 538.0
face 1.00 989.0 390.0 1006.0 413.0
face 1.00 1002.0 579.0 1021.0 607.0
face 1.00 894.0 407.0 911.0 430.0
face 1.00 453.0 321.0 469.0 340.0
face 1.00 694.0 322.0 711.0 342.0
face 1.00 106.0 584.0 127.0 610.0
face 1.00 80.0 461.0 100.0 484.0
face 1.00 498.0 315.0 516.0 337.0
face 1.00 170.0 512.0 188.0 535.0
face 1.00 845.0 413.0 861.0 435.0
face 1.00 925.0 541.0 951.0 570.0
face 1.00 244.0 473.0 263.0 497.0
face 1.00 959.0 239.0 972.0 256.0
face 1.00 904.0 366.0 918.0 385.0
face 1.00 364.0 584.0 387.0 611.0
face 1.00 565.0 281.0 578.0 298.0
face 1.00 399.0 251.0 413.0 269.0
face 1.00 794.0 393.0 809.0 412.0
face 1.00 346.0 414.0 363.0 435.0
face 1.00 971.0 220.0 986.0 239.0
face 1.00 571.0 308.0 584.0 324.0
face 1.00 932.0 262.0 947.0 280.0
face 1.00 879.0 541.0 900.0 564.0
face 1.00 654.0 316.0 669.0 336.0
face 1.00 278.0 329.0 295.0 349.0
face 1.00 22.0 363.0 38.0 384.0
face 1.00 479.0 427.0 498.0 448.0
face 1.00 60.0 493.0 79.0 515.0
face 1.00 281.0 501.0 300.0 524.0
face 1.00 474.0 314.0 491.0 335.0
face 1.00 133.0 251.0 148.0 269.0
face 1.00 498.0 286.0 511.0 303.0
face 1.00 356.0 303.0 370.0 320.0
face 1.00 777.0 287.0 789.0 304.0
face 1.00 586.0 495.0 604.0 518.0
face 1.00 747.0 488.0 765.0 510.0
face 1.00 866.0 251.0 880.0 267.0
face 1.00 120.0 475.0 139.0 498.0
face 1.00 312.0 491.0 331.0 515.0
face 1.00 90.0 281.0 105.0 298.0
face 1.00 409.0 520.0 432.0 548.0
face 1.00 155.0 474.0 173.0 497.0
face 1.00 570.0 550.0 589.0 574.0
face 1.00 9.0 415.0 28.0 438.0
face 1.00 601.0 456.0 620.0 479.0
face 1.00 961.0 423.0 977.0 444.0
face 1.00 861.0 181.0 874.0 198.0
face 1.00 899.0 266.0 914.0 283.0
face 0.99 52.0 319.0 66.0 335.0
face 0.99 501.0 229.0 514.0 244.0
face 0.99 470.0 282.0 485.0 300.0
face 0.99 988.0 266.0 1004.0 284.0
face 0.99 398.0 508.0 416.0 530.0
face 0.99 973.0 299.0 990.0 319.0
face 0.99 425.0 211.0 438.0 226.0
face 0.99 39.0 286.0 53.0 305.0
face 0.99 69.0 314.0 85.0 334.0
face 0.99 19.0 437.0 39.0 460.0
face 0.99 847.0 199.0 859.0 215.0
face 0.99 134.0 303.0 150.0 322.0
face 0.99 274.0 467.0 290.0 487.0
face 0.99 93.0 242.0 106.0 258.0
face 0.99 834.0 314.0 849.0 332.0
face 0.99 654.0 265.0 670.0 285.0
face 0.99 996.0 318.0 1011.0 336.0
face 0.99 918.0 483.0 937.0 508.0
face 0.99 844.0 331.0 857.0 348.0
face 0.99 581.0 290.0 594.0 306.0
face 0.99 665.0 544.0 683.0 566.0
face 0.99 227.0 655.0 245.0 675.0
face 0.99 347.0 450.0 365.0 471.0
face 0.99 24.0 476.0 38.0 495.0
face 0.99 246.0 374.0 261.0 393.0
face 0.99 991.0 166.0 1004.0 182.0
face 0.99 191.0 433.0 207.0 454.0
face 0.99 686.0 450.0 701.0 469.0
face 0.99 699.0 414.0 717.0 435.0
face 0.99 420.0 340.0 433.0 357.0
face 0.99 757.0 154.0 773.0 173.0
face 0.99 370.0 380.0 388.0 402.0
face 0.98 605.0 246.0 618.0 262.0
face 0.98 421.0 132.0 433.0 145.0
face 0.98 795.0 269.0 807.0 284.0
face 0.98 321.0 228.0 334.0 243.0
face 0.98 47.0 373.0 63.0 393.0
face 0.98 775.0 262.0 786.0 277.0
face 0.98 452.0 206.0 467.0 225.0
face 0.98 749.0 422.0 765.0 442.0
face 0.98 456.0 138.0 471.0 155.0
face 0.98 141.0 407.0 160.0 430.0
face 0.97 538.0 215.0 556.0 238.0
face 0.97 632.0 408.0 648.0 429.0
face 0.97 814.0 108.0 826.0 121.0
face 0.97 584.0 328.0 598.0 346.0
face 0.97 680.0 390.0 695.0 408.0
face 0.97 431.0 417.0 446.0 435.0
face 0.97 199.0 298.0 215.0 316.0
face 0.97 340.0 216.0 352.0 230.0
face 0.97 367.0 244.0 380.0 261.0
face 0.97 828.0 189.0 841.0 204.0
face 0.97 407.0 478.0 425.0 499.0
face 0.97 264.0 278.0 280.0 296.0
face 0.96 411.0 231.0 425.0 247.0
face 0.96 678.0 143.0 689.0 157.0
face 0.96 237.0 289.0 251.0 305.0
face 0.96 233.0 493.0 250.0 513.0
face 0.96 633.0 300.0 644.0 316.0
face 0.96 295.0 387.0 311.0 406.0
face 0.96 590.0 263.0 605.0 280.0
face 0.96 878.0 232.0 895.0 252.0
face 0.96 731.0 235.0 743.0 250.0
face 0.96 354.0 225.0 368.0 241.0
face 0.96 95.0 424.0 114.0 447.0
face 0.96 829.0 404.0 844.0 422.0
face 0.96 784.0 488.0 801.0 510.0
face 0.96 319.0 174.0 332.0 190.0
face 0.95 127.0 219.0 140.0 234.0
face 0.95 800.0 291.0 814.0 308.0
face 0.95 786.0 324.0 802.0 342.0
face 0.95 268.0 155.0 281.0 170.0
face 0.95 763.0 223.0 780.0 245.0
face 0.95 265.0 577.0 282.0 597.0
face 0.95 140.0 623.0 160.0 647.0
face 0.95 116.0 323.0 128.0 338.0
face 0.95 353.0 158.0 365.0 172.0
face 0.95 772.0 124.0 784.0 139.0
face 0.94 847.0 364.0 862.0 384.0
face 0.94 1007.0 228.0 1020.0 245.0
face 0.94 496.0 196.0 509.0 212.0
face 0.94 523.0 305.0 537.0 322.0
face 0.94 333.0 510.0 354.0 534.0
face 0.94 812.0 83.0 827.0 102.0
face 0.94 453.0 237.0 465.0 254.0
face 0.94 748.0 175.0 760.0 190.0
face 0.94 410.0 159.0 423.0 174.0
face 0.93 274.0 187.0 287.0 202.0
face 0.93 492.0 371.0 509.0 389.0
face 0.93 890.0 385.0 906.0 403.0
face 0.93 866.0 464.0 887.0 487.0
face 0.93 70.0 206.0 83.0 222.0
face 0.93 378.0 260.0 395.0 281.0
face 0.93 889.0 193.0 902.0 209.0
face 0.93 810.0 258.0 822.0 273.0
face 0.93 343.0 397.0 357.0 413.0
face 0.93 205.0 190.0 217.0 206.0
face 0.92 39.0 356.0 52.0 371.0
face 0.92 198.0 255.0 211.0 271.0
face 0.92 240.0 229.0 255.0 246.0
face 0.92 684.0 174.0 696.0 189.0
face 0.91 56.0 298.0 69.0 315.0
face 0.91 758.0 93.0 770.0 106.0
face 0.90 755.0 406.0 772.0 427.0
face 0.90 151.0 326.0 164.0 343.0
face 0.90 32.0 165.0 44.0 179.0
face 0.89 661.0 355.0 677.0 374.0
face 0.89 387.0 117.0 399.0 131.0
face 0.89 732.0 199.0 743.0 215.0
face 0.88 684.0 474.0 702.0 495.0
face 0.87 645.0 9.0 659.0 27.0
face 0.87 871.0 226.0 886.0 244.0
face 0.87 725.0 252.0 736.0 266.0
face 0.87 785.0 440.0 802.0 463.0
face 0.87 516.0 20.0 528.0 35.0
face 0.87 186.0 212.0 197.0 226.0
face 0.86 293.0 656.0 311.0 676.0
face 0.86 23.0 244.0 36.0 260.0
face 0.86 175.0 241.0 186.0 256.0
face 0.85 745.0 250.0 757.0 264.0
face 0.85 519.0 324.0 532.0 340.0
face 0.84 301.0 168.0 311.0 181.0
face 0.84 153.0 284.0 170.0 305.0
face 0.84 343.0 341.0 358.0 360.0
face 0.84 535.0 324.0 546.0 337.0
face 0.84 581.0 245.0 595.0 262.0
face 0.84 940.0 227.0 954.0 244.0
face 0.84 -1.0 324.0 11.0 341.0
face 0.84 20.0 518.0 43.0 542.0
face 0.83 628.0 390.0 643.0 409.0
face 0.83 873.0 444.0 891.0 463.0
face 0.83 0.0 500.0 14.0 519.0
face 0.83 103.0 267.0 115.0 281.0
face 0.83 224.0 254.0 243.0 276.0
face 0.83 210.0 272.0 224.0 287.0
face 0.83 307.0 214.0 320.0 230.0
face 0.83 582.0 94.0 592.0 106.0
face 0.82 743.0 74.0 754.0 87.0
face 0.82 821.0 229.0 836.0 249.0
face 0.82 515.0 569.0 531.0 588.0
face 0.82 417.0 445.0 433.0 465.0
face 0.81 899.0 79.0 913.0 94.0
face 0.81 709.0 169.0 721.0 183.0
face 0.81 246.0 120.0 256.0 131.0
face 0.80 35.0 317.0 50.0 335.0
face 0.80 789.0 114.0 805.0 134.0
face 0.80 895.0 171.0 908.0 187.0
face 0.80 543.0 119.0 556.0 135.0
face 0.80 392.0 135.0 404.0 150.0
face 0.80 473.0 409.0 489.0 427.0
face 0.80 281.0 436.0 297.0 456.0
face 0.80 430.0 117.0 442.0 131.0
face 0.79 551.0 91.0 561.0 103.0
face 0.79 455.0 355.0 467.0 371.0
face 0.79 617.0 363.0 631.0 379.0
face 0.78 636.0 238.0 650.0 254.0
face 0.78 994.0 645.0 1014.0 671.0
face 0.78 516.0 504.0 532.0 522.0
face 0.76 466.0 370.0 483.0 387.0
face 0.76 1005.0 105.0 1017.0 120.0
face 0.76 932.0 153.0 954.0 182.0
face 0.76 508.0 39.0 521.0 55.0
face 0.75 735.0 27.0 745.0 39.0
face 0.75 279.0 107.0 293.0 125.0
face 0.75 678.0 121.0 691.0 135.0
face 0.74 681.0 246.0 696.0 264.0
face 0.74 744.0 110.0 756.0 124.0
face 0.74 777.0 19.0 791.0 37.0
face 0.73 159.0 140.0 173.0 159.0
face 0.73 126.0 382.0 140.0 401.0
face 0.73 677.0 198.0 694.0 218.0
face 0.73 295.0 188.0 306.0 201.0
face 0.73 644.0 182.0 657.0 199.0
face 0.73 423.0 301.0 438.0 320.0
face 0.73 329.0 30.0 339.0 43.0
face 0.72 286.0 165.0 297.0 179.0
face 0.72 667.0 21.0 681.0 35.0
face 0.72 987.0 341.0 1001.0 357.0
face 0.72 278.0 141.0 289.0 155.0
face 0.72 957.0 181.0 971.0 198.0
face 0.72 471.0 99.0 481.0 112.0
face 0.71 907.0 187.0 921.0 203.0
face 0.70 940.0 94.0 955.0 111.0
face 0.70 375.0 126.0 386.0 140.0
face 0.70 229.0 220.0 239.0 233.0
face 0.69 346.0 286.0 358.0 300.0
face 0.69 897.0 312.0 911.0 329.0
face 0.69 261.0 118.0 275.0 135.0
face 0.68 87.0 62.0 98.0 76.0
face 0.68 909.0 105.0 921.0 119.0
face 0.68 656.0 49.0 676.0 72.0
face 0.67 822.0 133.0 833.0 146.0
face 0.67 817.0 13.0 826.0 24.0
face 0.67 227.0 128.0 238.0 142.0
face 0.67 247.0 308.0 260.0 323.0
face 0.66 513.0 4.0 522.0 15.0
face 0.66 976.0 88.0 987.0 101.0
face 0.66 923.0 336.0 941.0 356.0
face 0.66 351.0 480.0 370.0 503.0
face 0.66 600.0 94.0 611.0 107.0
face 0.66 456.0 221.0 467.0 235.0
face 0.66 591.0 108.0 605.0 126.0
face 0.66 319.0 256.0 330.0 270.0
face 0.66 535.0 526.0 550.0 546.0
face 0.65 519.0 94.0 529.0 106.0
face 0.65 711.0 119.0 722.0 132.0
face 0.65 717.0 271.0 729.0 286.0
face 0.65 592.0 35.0 614.0 59.0
face 0.64 319.0 76.0 330.0 90.0
face 0.64 174.0 6.0 186.0 19.0
face 0.64 391.0 196.0 402.0 210.0
face 0.64 209.0 93.0 220.0 106.0
face 0.63 203.0 314.0 216.0 331.0
face 0.63 715.0 91.0 727.0 105.0
face 0.63 377.0 429.0 392.0 444.0
face 0.63 872.0 142.0 885.0 159.0
face 0.63 779.0 460.0 793.0 475.0
face 0.63 -1.0 287.0 9.0 301.0
face 0.62 436.0 31.0 446.0 43.0
face 0.62 1011.0 422.0 1024.0 440.0
face 0.62 998.0 59.0 1014.0 80.0
face 0.62 456.0 86.0 466.0 98.0
face 0.61 552.0 180.0 562.0 192.0
face 0.61 895.0 111.0 905.0 123.0
face 0.61 47.0 230.0 58.0 244.0
face 0.61 480.0 148.0 493.0 162.0
face 0.60 98.0 218.0 110.0 233.0
face 0.59 182.0 167.0 195.0 182.0
face 0.59 39.0 396.0 55.0 414.0
face 0.59 791.0 151.0 804.0 168.0
face 0.59 798.0 574.0 810.0 589.0
face 0.58 934.0 597.0 958.0 627.0
face 0.58 811.0 360.0 825.0 378.0
face 0.58 7.0 61.0 17.0 73.0
face 0.58 319.0 56.0 329.0 69.0
face 0.58 657.0 114.0 669.0 129.0
face 0.58 632.0 342.0 645.0 358.0
face 0.57 464.0 41.0 474.0 53.0
face 0.57 583.0 211.0 594.0 224.0
face 0.57 845.0 108.0 858.0 125.0
face 0.57 336.0 85.0 348.0 100.0
face 0.57 746.0 189.0 757.0 204.0
face 0.57 481.0 111.0 491.0 123.0
face 0.57 343.0 371.0 357.0 387.0
face 0.56 964.0 283.0 979.0 299.0
face 0.56 361.0 92.0 372.0 106.0
face 0.56 848.0 243.0 861.0 257.0
face 0.56 632.0 94.0 645.0 108.0
face 0.56 62.0 184.0 73.0 197.0
face 0.55 390.0 103.0 400.0 115.0
face 0.55 905.0 460.0 919.0 477.0
face 0.55 788.0 574.0 803.0 593.0
face 0.55 678.0 15.0 692.0 31.0
face 0.55 180.0 307.0 192.0 322.0
face 0.54 639.0 35.0 651.0 49.0
face 0.54 634.0 215.0 650.0 234.0
face 0.54 538.0 102.0 548.0 114.0
face 0.54 208.0 120.0 218.0 132.0
face 0.54 47.0 193.0 61.0 211.0
face 0.53 572.0 109.0 584.0 124.0
face 0.53 417.0 280.0 433.0 298.0
face 0.52 416.0 577.0 434.0 600.0
face 0.52 756.0 329.0 771.0 349.0
face 0.52 687.0 32.0 698.0 44.0
face 0.52 309.0 94.0 320.0 108.0
face 0.51 0.0 186.0 13.0 205.0
face 0.51 43.0 52.0 55.0 67.0
face 0.51 56.0 576.0 67.0 588.0
face 0.51 344.0 70.0 356.0 85.0
face 0.51 772.0 451.0 789.0 470.0
face 0.51 326.0 245.0 339.0 259.0
face 0.50 408.0 201.0 420.0 216.0
face 0.50 153.0 515.0 170.0 533.0
face 0.50 296.0 100.0 308.0 115.0
face 0.50 783.0 205.0 796.0 220.0
face 0.50 820.0 136.0 837.0 157.0
face 0.50 375.0 57.0 384.0 68.0
face 0.50 445.0 99.0 455.0 112.0
face 0.49 13.0 405.0 29.0 425.0
face 0.49 695.0 100.0 706.0 114.0
face 0.49 822.0 357.0 836.0 373.0
face 0.49 126.0 196.0 139.0 211.0
face 0.49 550.0 566.0 576.0 600.0
face 0.49 502.0 172.0 516.0 188.0
face 0.49 368.0 293.0 381.0 307.0
face 0.49 544.0 6.0 558.0 23.0
face 0.49 648.0 80.0 657.0 92.0
face 0.49 319.0 112.0 331.0 127.0
face 0.48 885.0 102.0 895.0 114.0
face 0.48 295.0 144.0 305.0 157.0
face 0.48 781.0 164.0 793.0 177.0
face 0.48 608.0 54.0 618.0 66.0
face 0.48 630.0 20.0 641.0 34.0
face 0.48 -1.0 608.0 13.0 631.0
face 0.47 361.0 174.0 372.0 187.0
face 0.47 137.0 148.0 149.0 164.0
face 0.47 461.0 362.0 478.0 382.0
face 0.47 585.0 204.0 606.0 227.0
face 0.47 742.0 20.0 752.0 32.0
face 0.47 159.0 6.0 169.0 19.0
face 0.47 231.0 141.0 241.0 154.0
face 0.47 359.0 54.0 369.0 67.0
face 0.47 254.0 327.0 265.0 340.0
face 0.47 780.0 79.0 791.0 90.0
face 0.47 406.0 126.0 416.0 137.0
face 0.47 421.0 17.0 433.0 31.0
face 0.47 472.0 230.0 482.0 242.0
face 0.47 710.0 302.0 725.0 319.0
face 0.46 591.0 78.0 600.0 89.0
face 0.46 237.0 183.0 248.0 197.0
face 0.46 294.0 119.0 305.0 131.0
face 0.46 242.0 157.0 253.0 171.0
face 0.46 232.0 319.0 242.0 331.0
face 0.46 288.0 388.0 302.0 404.0
face 0.46 717.0 16.0 730.0 33.0
face 0.46 598.0 230.0 610.0 245.0
face 0.46 352.0 348.0 372.0 368.0
face 0.46 331.0 412.0 343.0 427.0
face 0.45 528.0 7.0 539.0 20.0
face 0.45 376.0 204.0 387.0 220.0
face 0.45 624.0 287.0 634.0 299.0
face 0.45 358.0 141.0 367.0 152.0
face 0.45 487.0 82.0 498.0 96.0
face 0.45 358.0 261.0 370.0 276.0
face 0.45 564.0 8.0 574.0 20.0
face 0.45 6.0 318.0 17.0 331.0
face 0.45 337.0 80.0 347.0 92.0
face 0.45 505.0 29.0 516.0 44.0
face 0.44 251.0 9.0 266.0 29.0
face 0.44 285.0 206.0 296.0 219.0
face 0.44 428.0 359.0 441.0 373.0
face 0.44 497.0 354.0 513.0 372.0
face 0.44 269.0 62.0 281.0 75.0
face 0.44 329.0 407.0 339.0 420.0
face 0.44 705.0 14.0 715.0 28.0
face 0.44 813.0 72.0 824.0 85.0
face 0.44 228.0 246.0 242.0 262.0
face 0.44 864.0 117.0 877.0 133.0
face 0.44 666.0 376.0 681.0 395.0
face 0.44 267.0 82.0 282.0 100.0
face 0.44 15.0 155.0 29.0 172.0
face 0.44 333.0 418.0 346.0 433.0
face 0.44 759.0 14.0 768.0 24.0
face 0.44 475.0 466.0 493.0 486.0
face 0.44 528.0 213.0 541.0 230.0
face 0.43 728.0 5.0 739.0 17.0
face 0.43 687.0 124.0 698.0 136.0
face 0.43 570.0 490.0 585.0 507.0
face 0.43 509.0 139.0 525.0 158.0
face 0.43 965.0 102.0 975.0 113.0
face 0.43 636.0 55.0 646.0 69.0
face 0.43 895.0 299.0 912.0 320.0
face 0.43 161.0 192.0 175.0 212.0
face 0.43 910.0 21.0 925.0 40.0
face 0.43 75.0 244.0 86.0 259.0
face 0.43 499.0 103.0 511.0 117.0
face 0.43 668.0 307.0 684.0 326.0
face 0.43 804.0 26.0 817.0 41.0
face 0.43 366.0 29.0 381.0 45.0
face 0.43 703.0 28.0 713.0 40.0
face 0.43 358.0 198.0 369.0 210.0
face 0.42 910.0 85.0 922.0 99.0
face 0.42 423.0 183.0 432.0 194.0
face 0.42 483.0 475.0 498.0 493.0
face 0.42 138.0 457.0 154.0 474.0
face 0.42 592.0 181.0 605.0 197.0
face 0.42 759.0 247.0 771.0 261.0
face 0.42 1006.0 348.0 1019.0 365.0
face 0.42 717.0 441.0 733.0 459.0
face 0.42 327.0 143.0 337.0 156.0
face 0.42 797.0 34.0 811.0 51.0
face 0.42 163.0 181.0 177.0 199.0
face 0.42 263.0 78.0 274.0 92.0
face 0.42 77.0 157.0 89.0 172.0
face 0.42 74.0 226.0 84.0 240.0
face 0.42 950.0 461.0 975.0 497.0
face 0.41 993.0 12.0 1005.0 26.0
face 0.41 960.0 24.0 970.0 36.0
face 0.41 148.0 85.0 161.0 103.0
face 0.41 351.0 111.0 362.0 124.0
face 0.41 392.0 88.0 402.0 100.0
face 0.41 511.0 110.0 523.0 124.0
face 0.41 663.0 26.0 677.0 42.0
face 0.41 567.0 95.0 576.0 105.0
face 0.41 766.0 252.0 776.0 264.0
face 0.41 867.0 103.0 881.0 119.0
face 0.41 703.0 287.0 713.0 299.0
face 0.41 489.0 126.0 498.0 138.0
face 0.41 422.0 399.0 432.0 411.0
face 0.41 950.0 304.0 963.0 320.0
face 0.41 992.0 103.0 1003.0 115.0
face 0.41 545.0 32.0 554.0 43.0
face 0.40 613.0 117.0 624.0 130.0
face 0.40 181.0 131.0 191.0 143.0
face 0.40 261.0 261.0 272.0 275.0
face 0.40 108.0 234.0 122.0 252.0
face 0.40 275.0 226.0 290.0 243.0
face 0.40 632.0 27.0 645.0 42.0
face 0.40 390.0 109.0 401.0 124.0
face 0.40 686.0 100.0 698.0 115.0
face 0.40 516.0 521.0 529.0 540.0
face 0.40 722.0 302.0 736.0 319.0
face 0.40 331.0 141.0 344.0 158.0
face 0.40 48.0 82.0 60.0 97.0
face 0.40 423.0 69.0 433.0 80.0
face 0.40 757.0 124.0 768.0 137.0
face 0.40 989.0 217.0 1003.0 234.0
face 0.40 222.0 328.0 232.0 340.0
face 0.40 904.0 109.0 914.0 120.0
face 0.40 368.0 219.0 379.0 234.0
face 0.40 67.0 267.0 80.0 282.0
face 0.40 700.0 146.0 712.0 161.0
face 0.40 173.0 70.0 187.0 87.0
face 0.40 13.0 207.0 24.0 221.0
face 0.40 535.0 96.0 545.0 108.0
face 0.40 358.0 388.0 369.0 403.0
face 0.40 503.0 88.0 512.0 98.0
face 0.40 965.0 349.0 982.0 369.0
face 0.40 356.0 162.0 370.0 178.0
face 0.40 493.0 85.0 505.0 97.0
face 0.40 504.0 23.0 515.0 36.0
face 0.40 903.0 193.0 917.0 210.0
face 0.39 212.0 261.0 226.0 278.0
face 0.39 989.0 181.0 1002.0 197.0
face 0.39 535.0 87.0 545.0 99.0
face 0.39 325.0 111.0 335.0 123.0
face 0.39 750.0 118.0 761.0 130.0
face 0.39 424.0 84.0 434.0 96.0
face 0.39 743.0 104.0 754.0 116.0
face 0.39 936.0 0.0 949.0 13.0
face 0.39 246.0 46.0 259.0 62.0
face 0.39 725.0 285.0 739.0 301.0
face 0.39 381.0 123.0 394.0 139.0
face 0.39 710.0 16.0 721.0 28.0
face 0.39 542.0 320.0 552.0 332.0
face 0.39 463.0 110.0 472.0 121.0
face 0.39 548.0 29.0 560.0 41.0
face 0.39 750.0 102.0 761.0 114.0
face 0.39 976.0 12.0 986.0 23.0
face 0.39 597.0 204.0 609.0 219.0
face 0.39 896.0 294.0 908.0 308.0
face 0.39 590.0 104.0 601.0 116.0
face 0.39 333.0 238.0 344.0 250.0
face 0.39 718.0 189.0 729.0 202.0
face 0.39 701.0 102.0 711.0 113.0
face 0.39 787.0 430.0 802.0 448.0
face 0.39 750.0 296.0 760.0 308.0
face 0.39 557.0 111.0 567.0 122.0
face 0.39 168.0 28.0 180.0 42.0
face 0.39 423.0 103.0 433.0 114.0
face 0.39 511.0 127.0 520.0 138.0
face 0.39 709.0 284.0 723.0 299.0
face 0.39 772.0 475.0 784.0 490.0
face 0.39 422.0 110.0 433.0 122.0
face 0.39 983.0 119.0 992.0 130.0
face 0.39 484.0 71.0 498.0 87.0
face 0.39 164.0 354.0 179.0 373.0
face 0.39 397.0 14.0 407.0 27.0
face 0.39 999.0 109.0 1010.0 122.0
face 0.39 526.0 111.0 536.0 123.0
face 0.39 854.0 109.0 863.0 120.0
face 0.39 774.0 84.0 788.0 100.0
face 0.39 671.0 429.0 685.0 446.0
face 0.39 480.0 47.0 489.0 58.0
face 0.39 989.0 570.0 1005.0 587.0
face 0.38 711.0 190.0 722.0 203.0
face 0.38 624.0 20.0 634.0 32.0
face 0.38 736.0 95.0 746.0 106.0
face 0.38 662.0 135.0 673.0 148.0
face 0.38 623.0 111.0 636.0 128.0
face 0.38 965.0 11.0 977.0 25.0
face 0.38 652.0 388.0 667.0 406.0
face 0.38 518.0 110.0 529.0 123.0
face 0.38 965.0 107.0 976.0 121.0
face 0.38 632.0 47.0 641.0 58.0
face 0.38 514.0 118.0 523.0 129.0
face 0.38 496.0 69.0 505.0 80.0
face 0.38 661.0 475.0 674.0 491.0
face 0.38 542.0 78.0 553.0 91.0
face 0.38 877.0 270.0 892.0 287.0
face 0.38 73.0 78.0 84.0 90.0
face 0.38 694.0 119.0 704.0 131.0
face 0.38 694.0 31.0 706.0 44.0
face 0.38 567.0 39.0 579.0 54.0
face 0.38 773.0 169.0 788.0 189.0
face 0.38 622.0 86.0 632.0 98.0
face 0.38 85.0 179.0 100.0 197.0
face 0.38 615.0 69.0 624.0 80.0
face 0.38 644.0 125.0 655.0 139.0
face 0.38 664.0 100.0 675.0 113.0
face 0.38 471.0 351.0 482.0 364.0
face 0.38 373.0 150.0 384.0 163.0
face 0.38 824.0 372.0 836.0 387.0
face 0.38 732.0 179.0 743.0 193.0
face 0.38 149.0 25.0 160.0 37.0
face 0.38 526.0 87.0 537.0 101.0
face 0.38 832.0 117.0 843.0 129.0
face 0.38 295.0 173.0 305.0 185.0
face 0.38 400.0 78.0 409.0 89.0
face 0.38 570.0 116.0 582.0 129.0
face 0.38 853.0 166.0 867.0 183.0
face 0.38 367.0 71.0 377.0 83.0
face 0.38 79.0 52.0 91.0 66.0
face 0.38 77.0 305.0 91.0 325.0
face 0.38 463.0 93.0 472.0 104.0
face 0.38 504.0 128.0 514.0 140.0
face 0.38 2.0 531.0 11.0 544.0
face 0.38 541.0 309.0 552.0 323.0
face 0.38 933.0 213.0 943.0 226.0
face 0.38 720.0 246.0 733.0 261.0
face 0.38 521.0 77.0 531.0 88.0
face 0.38 575.0 269.0 586.0 283.0
face 0.38 725.0 47.0 738.0 64.0
face 0.38 334.0 125.0 345.0 139.0
face 0.38 799.0 83.0 811.0 97.0
face 0.38 326.0 71.0 335.0 83.0
face 0.38 342.0 237.0 355.0 252.0
face 0.38 895.0 104.0 905.0 116.0
face 0.38 693.0 134.0 704.0 148.0
face 0.38 391.0 53.0 400.0 64.0
face 0.38 671.0 445.0 682.0 457.0
face 0.38 725.0 293.0 740.0 309.0
face 0.38 800.0 190.0 813.0 206.0
face 0.38 550.0 119.0 561.0 131.0
face 0.38 78.0 123.0 92.0 141.0
face 0.38 736.0 102.0 745.0 113.0
face 0.38 245.0 100.0 256.0 113.0
face 0.38 798.0 109.0 809.0 123.0
face 0.38 229.0 102.0 239.0 114.0
face 0.38 440.0 111.0 449.0 124.0
face 0.38 758.0 318.0 771.0 334.0
face 0.38 414.0 327.0 426.0 340.0
face 0.38 632.0 39.0 642.0 49.0
face 0.38 559.0 117.0 569.0 129.0
face 0.38 864.0 110.0 875.0 123.0
face 0.38 718.0 264.0 729.0 277.0
face 0.38 962.0 7.0 972.0 18.0
face 0.38 478.0 94.0 487.0 105.0
face 0.38 935.0 229.0 946.0 243.0
face 0.38 64.0 46.0 73.0 57.0
face 0.38 342.0 176.0 355.0 193.0
face 0.38 838.0 116.0 849.0 129.0
face 0.38 222.0 173.0 232.0 185.0
face 0.38 569.0 101.0 579.0 113.0
face 0.38 686.0 21.0 697.0 34.0
face 0.38 440.0 86.0 450.0 96.0
face 0.38 470.0 76.0 480.0 87.0
face 0.38 711.0 113.0 721.0 125.0
face 0.38 584.0 109.0 595.0 122.0
face 0.38 342.0 228.0 353.0 241.0
face 0.38 326.0 347.0 340.0 364.0
face 0.38 424.0 116.0 435.0 128.0
face 0.38 247.0 135.0 258.0 149.0
face 0.38 159.0 390.0 171.0 405.0
face 0.38 444.0 380.0 458.0 397.0
face 0.38 733.0 285.0 745.0 299.0
face 0.38 502.0 94.0 511.0 105.0
face 0.38 17.0 615.0 42.0 645.0
face 0.38 758.0 258.0 770.0 272.0
face 0.38 830.0 102.0 841.0 115.0
face 0.38 821.0 544.0 836.0 563.0
face 0.38 639.0 45.0 649.0 58.0
face 0.37 639.0 197.0 650.0 211.0
face 0.37 766.0 95.0 777.0 107.0
face 0.37 437.0 117.0 448.0 130.0
face 0.37 336.0 52.0 346.0 65.0
face 0.37 71.0 252.0 81.0 264.0
face 0.37 717.0 282.0 731.0 298.0
face 0.37 646.0 251.0 659.0 266.0
face 0.37 995.0 245.0 1010.0 261.0
face 0.37 768.0 101.0 778.0 113.0
face 0.37 166.0 318.0 177.0 333.0
face 0.37 829.0 254.0 843.0 269.0
face 0.37 309.0 196.0 319.0 208.0
face 0.37 442.0 95.0 452.0 107.0
face 0.37 405.0 92.0 416.0 105.0
face 0.37 472.0 148.0 485.0 163.0
face 0.37 374.0 299.0 385.0 313.0
face 0.37 254.0 266.0 268.0 284.0
face 0.37 894.0 92.0 906.0 107.0
face 0.37 718.0 135.0 729.0 147.0
face 0.37 455.0 110.0 466.0 122.0
face 0.37 494.0 132.0 505.0 144.0
face 0.37 630.0 78.0 641.0 91.0
face 0.37 622.0 47.0 631.0 57.0
face 0.37 766.0 3.0 781.0 17.0
face 0.37 701.0 461.0 713.0 477.0
face 0.37 734.0 87.0 745.0 99.0
face 0.37 656.0 58.0 666.0 71.0
face 0.37 807.0 77.0 818.0 90.0
face 0.37 206.0 261.0 218.0 273.0
face 0.37 486.0 322.0 497.0 338.0
face 0.37 653.0 419.0 664.0 433.0
face 0.37 334.0 179.0 348.0 195.0
face 0.37 758.0 111.0 770.0 124.0
face 0.37 404.0 139.0 417.0 154.0
face 0.37 430.0 103.0 439.0 112.0
face 0.37 694.0 189.0 706.0 203.0
face 0.37 345.0 37.0 355.0 50.0
face 0.37 569.0 70.0 580.0 83.0
face 0.37 783.0 253.0 794.0 265.0
face 0.37 374.0 30.0 385.0 43.0
face 0.37 56.0 258.0 68.0 273.0
face 0.37 608.0 69.0 619.0 83.0
face 0.37 821.0 302.0 836.0 318.0
face 0.37 72.0 54.0 81.0 65.0
face 0.37 535.0 79.0 547.0 92.0
face 0.37 148.0 459.0 162.0 475.0
