face 1.00 669.0 382.0 702.0 424.0
face 1.00 427.0 181.0 472.0 238.0
face 1.00 266.0 368.0 325.0 441.0
face 1.00 826.0 340.0 925.0 456.0
face 1.00 565.0 393.0 590.0 423.0
face 1.00 176.0 158.0 224.0 217.0
face 0.99 526.0 420.0 554.0 454.0
face 0.92 210.0 418.0 231.0 441.0
face 0.88 585.0 346.0 638.0 420.0
face 0.67 463.0 382.0 484.0 408.0
face 0.64 290.0 203.0 307.0 224.0
face 0.62 330.0 407.0 352.0 437.0
face 0.55 743.0 72.0 785.0 119.0
face 0.50 710.0 106.0 741.0 142.0
face 0.50 509.0 72.0 531.0 99.0
face 0.48 509.0 615.0 529.0 642.0
face 0.46 627.0 368.0 645.0 391.0
face 0.43 241.0 406.0 262.0 432.0
face 0.41 204.0 411.0 219.0 430.0
face 0.40 526.0 379.0 537.0 394.0
face 0.39 828.0 154.0 843.0 172.0
face 0.39 944.0 355.0 973.0 390.0
face 0.38 677.0 341.0 688.0 355.0
face 0.37 941.0 125.0 952.0 138.0
face 0.37 759.0 152.0 770.0 165.0
face 0.36 536.0 398.0 547.0 410.0
face 0.35 511.0 388.0 525.0 407.0
face 0.35 703.0 358.0 714.0 371.0
face 0.35 222.0 397.0 233.0 410.0
face 0.35 663.0 529.0 699.0 567.0
face 0.35 687.0 359.0 696.0 371.0
face 0.35 687.0 352.0 696.0 362.0
face 0.35 198.0 387.0 213.0 405.0
