face 1.00 623.0 268.0 666.0 323.0
face 1.00 120.0 309.0 168.0 375.0
face 1.00 414.0 357.0 461.0 413.0
face 1.00 931.0 236.0 973.0 288.0
face 1.00 605.0 428.0 646.0 483.0
face 1.00 504.0 275.0 542.0 329.0
face 1.00 182.0 231.0 222.0 289.0
face 1.00 269.0 325.0 316.0 385.0
face 1.00 128.0 239.0 178.0 303.0
face 1.00 728.0 354.0 771.0 408.0
face 1.00 432.0 252.0 476.0 317.0
face 1.00 672.0 253.0 710.0 304.0
face 1.00 743.0 232.0 784.0 285.0
face 1.00 356.0 260.0 401.0 313.0
face 1.00 778.0 266.0 811.0 307.0
face 1.00 696.0 492.0 742.0 546.0
face 1.00 207.0 489.0 253.0 544.0
face 0.98 239.0 296.0 276.0 340.0
face 0.85 246.0 560.0 295.0 608.0
face 0.81 352.0 318.0 384.0 354.0
face 0.68 1002.0 656.0 1024.0 683.0
face 0.58 318.0 545.0 332.0 561.0
face 0.56 945.0 658.0 977.0 693.0
face 0.41 334.0 527.0 350.0 545.0
face 0.40 681.0 405.0 695.0 423.0
face 0.38 331.0 467.0 346.0 487.0
face 0.36 227.0 387.0 244.0 409.0
face 0.36 158.0 758.0 169.0 769.0
face 0.35 335.0 445.0 346.0 459.0
