face 1.00 277.0 28.0 318.0 80.0
face 1.00 465.0 320.0 525.0 408.0
face 1.00 616.0 395.0 686.0 488.0
face 1.00 609.0 321.0 658.0 377.0
face 1.00 170.0 303.0 226.0 372.0
face 1.00 759.0 486.0 831.0 578.0
face 1.00 653.0 119.0 706.0 188.0
face 1.00 755.0 282.0 805.0 341.0
face 1.00 488.0 166.0 541.0 235.0
face 1.00 49.0 137.0 102.0 202.0
face 1.00 316.0 161.0 365.0 219.0
face 1.00 887.0 310.0 938.0 373.0
face 1.00 307.0 324.0 372.0 407.0
face 1.00 798.0 54.0 842.0 109.0
face 1.00 717.0 330.0 778.0 406.0
face 1.00 176.0 430.0 232.0 502.0
face 1.00 151.0 232.0 197.0 283.0
face 1.00 6.0 370.0 70.0 444.0
face 1.00 344.0 282.0 393.0 337.0
face 1.00 250.0 184.0 289.0 228.0
face 0.98 541.0 169.0 584.0 224.0
face 0.93 974.0 206.0 1006.0 252.0
face 0.88 850.0 473.0 903.0 541.0
face 0.70 218.0 562.0 240.0 591.0
face 0.66 143.0 566.0 169.0 593.0
face 0.63 35.0 479.0 71.0 517.0
face 0.61 662.0 256.0 685.0 286.0
face 0.42 844.0 500.0 862.0 522.0
face 0.41 406.0 269.0 417.0 281.0
face 0.39 655.0 336.0 669.0 356.0
face 0.37 632.0 197.0 643.0 210.0
face 0.37 557.0 335.0 603.0 394.0
face 0.37 7.0 441.0 17.0 452.0
face 0.37 726.0 412.0 737.0 427.0
face 0.37 958.0 619.0 972.0 635.0
face 0.37 951.0 621.0 963.0 637.0
face 0.37 951.0 603.0 963.0 619.0
face 0.37 701.0 246.0 711.0 258.0
face 0.36 885.0 582.0 896.0 595.0
face 0.36 966.0 616.0 977.0 631.0
face 0.35 891.0 621.0 902.0 635.0
