face 1.00 591.0 229.0 617.0 262.0
face 1.00 600.0 370.0 628.0 402.0
face 1.00 144.0 168.0 171.0 202.0
face 1.00 262.0 257.0 285.0 288.0
face 1.00 459.0 204.0 489.0 241.0
face 1.00 818.0 164.0 843.0 197.0
face 1.00 159.0 120.0 185.0 150.0
face 1.00 229.0 191.0 258.0 228.0
face 1.00 860.0 173.0 889.0 207.0
face 1.00 628.0 228.0 654.0 259.0
face 0.99 524.0 285.0 557.0 327.0
face 0.89 387.0 312.0 413.0 349.0
face 0.67 386.0 465.0 401.0 484.0
face 0.59 590.0 212.0 601.0 224.0
face 0.55 373.0 488.0 398.0 517.0
face 0.54 295.0 301.0 311.0 323.0
face 0.53 88.0 170.0 102.0 188.0
face 0.48 899.0 196.0 917.0 218.0
face 0.46 803.0 374.0 820.0 396.0
face 0.45 371.0 454.0 393.0 480.0
face 0.42 180.0 237.0 194.0 255.0
face 0.42 698.0 33.0 713.0 50.0
face 0.41 578.0 385.0 595.0 405.0
face 0.38 958.0 332.0 968.0 346.0
face 0.38 191.0 196.0 206.0 217.0
face 0.37 520.0 282.0 534.0 302.0
face 0.37 904.0 276.0 919.0 295.0
face 0.37 500.0 404.0 514.0 421.0
face 0.36 626.0 291.0 644.0 312.0
face 0.36 622.0 219.0 638.0 238.0
face 0.36 728.0 302.0 738.0 314.0
face 0.36 527.0 263.0 541.0 278.0
face 0.36 106.0 348.0 119.0 364.0
face 0.36 922.0 202.0 937.0 222.0
face 0.35 910.0 222.0 923.0 238.0
face 0.35 909.0 253.0 920.0 267.0
face 0.35 718.0 303.0 728.0 314.0
face 0.35 415.0 309.0 427.0 323.0
face 0.35 606.0 103.0 617.0 115.0
face 0.35 189.0 23.0 200.0 36.0
