face 1.00 325.0 198.0 371.0 258.0
face 1.00 582.0 268.0 630.0 333.0
face 1.00 477.0 160.0 530.0 232.0
face 1.00 209.0 228.0 252.0 290.0
face 1.00 423.0 257.0 473.0 319.0
face 0.96 280.0 201.0 310.0 246.0
face 0.95 707.0 212.0 751.0 271.0
face 0.92 731.0 145.0 780.0 200.0
face 0.86 519.0 219.0 576.0 280.0
face 0.66 -3.0 111.0 17.0 141.0
face 0.59 157.0 350.0 194.0 398.0
face 0.59 333.0 213.0 344.0 227.0
face 0.58 296.0 62.0 309.0 79.0
face 0.58 387.0 314.0 434.0 379.0
face 0.56 959.0 106.0 972.0 122.0
face 0.46 797.0 52.0 809.0 67.0
face 0.44 540.0 236.0 558.0 256.0
face 0.44 562.0 605.0 575.0 619.0
face 0.43 531.0 668.0 562.0 698.0
face 0.43 326.0 296.0 350.0 330.0
face 0.42 595.0 395.0 607.0 411.0
face 0.41 914.0 104.0 929.0 125.0
face 0.38 567.0 699.0 578.0 712.0
face 0.38 884.0 0.0 896.0 11.0
face 0.38 324.0 622.0 335.0 635.0
face 0.38 551.0 702.0 561.0 714.0
face 0.38 252.0 407.0 267.0 425.0
face 0.37 87.0 245.0 98.0 258.0
face 0.37 783.0 148.0 794.0 162.0
face 0.37 588.0 288.0 600.0 302.0
face 0.36 702.0 644.0 716.0 662.0
face 0.36 267.0 422.0 285.0 444.0
face 0.36 669.0 128.0 679.0 140.0
face 0.36 22.0 186.0 38.0 206.0
face 0.36 695.0 654.0 706.0 667.0
face 0.35 676.0 693.0 690.0 710.0
face 0.35 292.0 74.0 305.0 91.0
face 0.35 381.0 174.0 391.0 185.0
face 0.35 500.0 718.0 517.0 735.0
face 0.35 85.0 414.0 99.0 431.0
face 0.35 605.0 228.0 616.0 241.0
face 0.35 1008.0 251.0 1021.0 267.0
