face 1.00 214.0 304.0 254.0 356.0
face 1.00 560.0 268.0 602.0 324.0
face 1.00 274.0 292.0 313.0 339.0
face 1.00 679.0 186.0 707.0 219.0
face 1.00 689.0 273.0 732.0 325.0
face 1.00 866.0 310.0 912.0 367.0
face 1.00 747.0 229.0 785.0 276.0
face 1.00 106.0 488.0 147.0 541.0
face 1.00 190.0 222.0 230.0 273.0
face 1.00 362.0 226.0 393.0 264.0
face 1.00 359.0 276.0 397.0 322.0
face 1.00 663.0 147.0 695.0 184.0
face 1.00 801.0 284.0 840.0 338.0
face 1.00 754.0 345.0 797.0 402.0
face 1.00 310.0 255.0 346.0 296.0
face 1.00 607.0 215.0 640.0 256.0
face 1.00 304.0 141.0 341.0 190.0
face 1.00 436.0 153.0 472.0 201.0
face 1.00 641.0 241.0 675.0 284.0
face 1.00 140.0 272.0 177.0 320.0
face 1.00 678.0 868.0 704.0 901.0
face 1.00 807.0 901.0 836.0 937.0
face 1.00 476.0 266.0 515.0 316.0
face 1.00 309.0 868.0 339.0 906.0
face 1.00 572.0 486.0 615.0 542.0
face 1.00 87.0 864.0 116.0 900.0
face 1.00 203.0 863.0 231.0 900.0
face 1.00 567.0 877.0 598.0 915.0
face 1.00 712.0 185.0 745.0 229.0
face 1.00 106.0 948.0 134.0 985.0
face 1.00 167.0 492.0 207.0 539.0
face 1.00 539.0 212.0 570.0 252.0
face 1.00 448.0 1025.0 481.0 1069.0
face 1.00 261.0 874.0 290.0 912.0
face 1.00 424.0 271.0 462.0 316.0
face 1.00 429.0 840.0 454.0 871.0
face 1.00 99.0 264.0 145.0 326.0
face 1.00 826.0 846.0 852.0 878.0
face 1.00 457.0 832.0 482.0 864.0
face 0.99 236.0 492.0 276.0 540.0
face 0.99 279.0 216.0 315.0 257.0
face 0.99 775.0 874.0 808.0 914.0
face 0.99 821.0 1052.0 846.0 1081.0
face 0.99 253.0 1022.0 281.0 1062.0
face 0.98 372.0 350.0 407.0 395.0
face 0.98 509.0 206.0 542.0 249.0
face 0.98 393.0 880.0 419.0 910.0
face 0.98 852.0 846.0 880.0 883.0
face 0.97 399.0 235.0 429.0 273.0
face 0.97 739.0 888.0 768.0 927.0
face 0.97 647.0 1037.0 674.0 1070.0
face 0.96 306.0 824.0 330.0 855.0
face 0.96 132.0 872.0 157.0 906.0
face 0.96 740.0 1046.0 765.0 1078.0
face 0.95 348.0 1027.0 378.0 1063.0
face 0.93 608.0 846.0 632.0 877.0
face 0.92 595.0 374.0 615.0 399.0
face 0.91 495.0 841.0 521.0 874.0
face 0.83 354.0 849.0 382.0 885.0
face 0.81 403.0 290.0 424.0 318.0
face 0.81 233.0 869.0 255.0 896.0
face 0.77 819.0 1027.0 849.0 1068.0
face 0.76 652.0 855.0 676.0 887.0
face 0.73 652.0 473.0 673.0 495.0
face 0.66 675.0 1129.0 698.0 1154.0
face 0.64 862.0 430.0 878.0 450.0
face 0.62 477.0 394.0 501.0 421.0
face 0.57 709.0 1149.0 724.0 1166.0
face 0.57 735.0 847.0 758.0 876.0
face 0.55 693.0 397.0 717.0 424.0
face 0.55 400.0 955.0 412.0 968.0
face 0.55 579.0 602.0 595.0 622.0
face 0.51 757.0 294.0 792.0 332.0
face 0.50 264.0 1108.0 279.0 1124.0
face 0.50 678.0 1261.0 702.0 1287.0
face 0.50 165.0 1032.0 195.0 1069.0
face 0.50 619.0 486.0 633.0 504.0
face 0.46 310.0 939.0 323.0 954.0
face 0.46 613.0 845.0 627.0 860.0
face 0.46 150.0 1103.0 188.0 1148.0
face 0.45 592.0 341.0 626.0 388.0
face 0.45 315.0 1133.0 331.0 1151.0
face 0.44 516.0 231.0 536.0 254.0
face 0.43 846.0 1109.0 856.0 1121.0
face 0.43 566.0 361.0 580.0 378.0
face 0.43 716.0 1155.0 731.0 1172.0
face 0.42 253.0 598.0 268.0 616.0
face 0.42 504.0 928.0 518.0 944.0
face 0.42 258.0 1045.0 280.0 1073.0
face 0.41 460.0 366.0 473.0 381.0
face 0.41 453.0 1115.0 468.0 1131.0
face 0.41 806.0 631.0 835.0 668.0
face 0.41 262.0 933.0 276.0 951.0
face 0.41 819.0 1128.0 835.0 1145.0
face 0.41 557.0 1077.0 567.0 1090.0
face 0.40 286.0 567.0 297.0 581.0
face 0.40 498.0 277.0 515.0 298.0
face 0.40 95.0 956.0 106.0 970.0
face 0.40 509.0 952.0 526.0 973.0
face 0.39 241.0 1173.0 257.0 1193.0
face 0.39 124.0 1131.0 141.0 1151.0
face 0.39 628.0 471.0 640.0 485.0
face 0.39 213.0 938.0 226.0 953.0
face 0.38 192.0 1039.0 215.0 1067.0
face 0.38 580.0 516.0 606.0 547.0
face 0.38 411.0 137.0 424.0 154.0
face 0.38 382.0 460.0 397.0 479.0
face 0.38 461.0 1115.0 472.0 1128.0
face 0.37 461.0 814.0 472.0 826.0
face 0.37 690.0 252.0 708.0 273.0
face 0.37 394.0 361.0 411.0 381.0
face 0.37 242.0 216.0 259.0 237.0
face 0.37 616.0 1121.0 638.0 1146.0
face 0.37 619.0 238.0 637.0 259.0
face 0.37 359.0 425.0 371.0 441.0
face 0.37 553.0 828.0 579.0 859.0
face 0.37 341.0 1088.0 356.0 1105.0
face 0.37 303.0 590.0 314.0 605.0
face 0.36 803.0 987.0 815.0 1003.0
face 0.36 164.0 1124.0 176.0 1138.0
face 0.36 195.0 947.0 211.0 965.0
face 0.36 573.0 949.0 588.0 965.0
face 0.36 547.0 114.0 562.0 134.0
face 0.36 606.0 435.0 616.0 446.0
face 0.36 275.0 1088.0 292.0 1107.0
face 0.36 541.0 1117.0 553.0 1131.0
face 0.36 684.0 367.0 698.0 382.0
face 0.36 335.0 925.0 345.0 937.0
face 0.36 829.0 1110.0 840.0 1122.0
face 0.36 453.0 811.0 467.0 828.0
face 0.36 776.0 1156.0 787.0 1171.0
face 0.36 318.0 940.0 328.0 952.0
face 0.36 736.0 1133.0 747.0 1146.0
face 0.36 718.0 1065.0 732.0 1081.0
face 0.36 187.0 573.0 199.0 587.0
face 0.35 820.0 1164.0 836.0 1183.0
face 0.35 133.0 394.0 148.0 412.0
face 0.35 549.0 909.0 561.0 922.0
face 0.35 155.0 1138.0 173.0 1157.0
face 0.35 209.0 941.0 219.0 954.0
face 0.35 428.0 489.0 441.0 508.0
face 0.35 222.0 951.0 233.0 962.0
face 0.35 519.0 366.0 528.0 378.0
face 0.35 355.0 1108.0 372.0 1128.0
face 0.35 502.0 981.0 513.0 995.0
face 0.35 614.0 463.0 625.0 475.0
face 0.35 173.0 1062.0 185.0 1076.0
face 0.35 516.0 1187.0 539.0 1217.0
face 0.35 797.0 1053.0 808.0 1066.0
face 0.35 33.0 422.0 73.0 492.0
face 0.35 525.0 822.0 536.0 834.0
face 0.35 543.0 1083.0 554.0 1096.0
