face 1.00 135.0 385.0 176.0 435.0
face 1.00 550.0 360.0 579.0 398.0
face 1.00 743.0 246.0 776.0 291.0
face 1.00 843.0 255.0 875.0 295.0
face 1.00 583.0 228.0 612.0 263.0
face 1.00 484.0 205.0 519.0 251.0
face 1.00 700.0 196.0 731.0 234.0
face 1.00 387.0 313.0 416.0 350.0
face 1.00 651.0 362.0 684.0 401.0
face 1.00 654.0 216.0 684.0 255.0
face 1.00 238.0 334.0 268.0 375.0
face 1.00 213.0 232.0 255.0 282.0
face 1.00 679.0 259.0 710.0 298.0
face 1.00 174.0 182.0 207.0 223.0
face 1.00 776.0 272.0 810.0 313.0
face 1.00 394.0 184.0 428.0 223.0
face 1.00 277.0 212.0 316.0 267.0
face 1.00 562.0 274.0 593.0 314.0
face 1.00 791.0 184.0 826.0 234.0
face 0.98 381.0 228.0 414.0 270.0
face 0.93 466.0 303.0 498.0 343.0
face 0.92 533.0 177.0 565.0 216.0
face 0.91 354.0 232.0 388.0 277.0
face 0.89 114.0 267.0 148.0 303.0
face 0.55 135.0 203.0 148.0 220.0
face 0.44 201.0 371.0 219.0 393.0
face 0.37 1013.0 123.0 1024.0 139.0
face 0.36 974.0 245.0 983.0 257.0
face 0.36 519.0 235.0 530.0 250.0
face 0.35 611.0 227.0 625.0 246.0
