face 1.00 567.0 224.0 734.0 449.0
face 1.00 342.0 76.0 519.0 333.0
face 0.43 1.0 812.0 14.0 832.0
face 0.39 135.0 1096.0 215.0 1205.0
face 0.38 917.0 536.0 928.0 549.0
face 0.37 36.0 1038.0 53.0 1059.0
face 0.36 942.0 701.0 952.0 715.0
face 0.36 973.0 515.0 986.0 530.0
face 0.36 925.0 558.0 937.0 574.0
face 0.36 968.0 517.0 979.0 530.0
face 0.36 965.0 526.0 975.0 538.0
face 0.36 1.0 969.0 14.0 991.0
face 0.36 943.0 518.0 955.0 533.0
face 0.35 977.0 524.0 989.0 539.0
face 0.35 944.0 695.0 953.0 708.0
face 0.35 925.0 551.0 935.0 563.0
face 0.35 957.0 565.0 971.0 582.0
face 0.35 991.0 621.0 1003.0 636.0
face 0.35 903.0 543.0 913.0 555.0
