face 1.00 532.0 261.0 601.0 341.0
face 1.00 732.0 271.0 801.0 364.0
face 1.00 484.0 309.0 540.0 375.0
face 0.99 391.0 223.0 449.0 293.0
face 0.80 149.0 162.0 176.0 194.0
face 0.63 117.0 512.0 174.0 586.0
face 0.61 598.0 282.0 612.0 304.0
face 0.44 93.0 122.0 120.0 156.0
face 0.43 246.0 269.0 257.0 282.0
face 0.43 142.0 381.0 154.0 396.0
face 0.41 716.0 538.0 731.0 558.0
face 0.37 213.0 404.0 228.0 423.0
face 0.37 180.0 379.0 193.0 394.0
face 0.36 600.0 474.0 626.0 501.0
face 0.36 254.0 152.0 269.0 170.0
face 0.36 181.0 123.0 192.0 137.0
face 0.35 274.0 163.0 287.0 180.0
face 0.35 174.0 186.0 189.0 204.0
face 0.35 128.0 84.0 142.0 101.0
