face 1.00 382.0 443.0 432.0 507.0
face 1.00 665.0 210.0 713.0 272.0
face 1.00 749.0 283.0 796.0 346.0
face 1.00 624.0 468.0 678.0 531.0
face 1.00 846.0 307.0 895.0 369.0
face 0.88 90.0 32.0 312.0 270.0
face 0.81 485.0 193.0 594.0 298.0
face 0.70 740.0 515.0 790.0 567.0
face 0.57 569.0 558.0 586.0 582.0
face 0.42 961.0 234.0 974.0 252.0
face 0.39 827.0 756.0 841.0 769.0
face 0.38 926.0 270.0 936.0 282.0
face 0.38 429.0 427.0 445.0 445.0
face 0.37 451.0 413.0 466.0 430.0
face 0.36 245.0 664.0 261.0 684.0
face 0.36 824.0 277.0 835.0 290.0
face 0.35 1013.0 244.0 1024.0 261.0
face 0.35 772.0 164.0 788.0 184.0
face 0.35 345.0 471.0 358.0 486.0
