face 1.00 263.0 608.0 306.0 664.0
face 1.00 507.0 577.0 545.0 631.0
face 1.00 137.0 602.0 183.0 656.0
face 1.00 235.0 29.0 278.0 96.0
face 0.62 510.0 991.0 521.0 1004.0
face 0.56 654.0 736.0 678.0 765.0
face 0.56 366.0 91.0 455.0 188.0
face 0.50 605.0 757.0 620.0 775.0
face 0.47 693.0 65.0 844.0 254.0
face 0.44 901.0 805.0 912.0 818.0
face 0.42 411.0 639.0 447.0 681.0
face 0.40 343.0 340.0 354.0 354.0
face 0.38 659.0 847.0 681.0 880.0
face 0.37 620.0 774.0 645.0 811.0
face 0.37 573.0 710.0 585.0 723.0
face 0.37 3.0 401.0 20.0 420.0
face 0.37 421.0 284.0 438.0 304.0
face 0.36 574.0 723.0 586.0 740.0
face 0.36 301.0 831.0 315.0 850.0
face 0.36 613.0 713.0 626.0 732.0
face 0.35 125.0 439.0 137.0 453.0
face 0.35 620.0 763.0 636.0 785.0
face 0.35 632.0 750.0 642.0 762.0
face 0.35 277.0 830.0 294.0 850.0
face 0.35 847.0 544.0 886.0 597.0
face 0.35 940.0 244.0 956.0 265.0
