face 0.98 121.0 333.0 145.0 363.0
face 0.93 209.0 459.0 225.0 479.0
face 0.92 56.0 351.0 77.0 377.0
face 0.84 231.0 499.0 245.0 517.0
face 0.70 269.0 523.0 286.0 546.0
face 0.61 181.0 335.0 202.0 364.0
face 0.60 198.0 245.0 212.0 262.0
face 0.57 220.0 431.0 231.0 444.0
face 0.56 21.0 237.0 34.0 252.0
face 0.53 18.0 356.0 36.0 377.0
face 0.52 347.0 495.0 362.0 513.0
face 0.51 309.0 325.0 324.0 343.0
face 0.50 254.0 336.0 273.0 362.0
face 0.45 343.0 107.0 404.0 191.0
face 0.44 353.0 449.0 398.0 502.0
face 0.43 506.0 494.0 518.0 508.0
face 0.42 19.0 328.0 37.0 349.0
face 0.42 202.0 319.0 217.0 338.0
face 0.41 112.0 282.0 133.0 306.0
face 0.40 79.0 286.0 90.0 301.0
face 0.39 362.0 520.0 380.0 540.0
face 0.39 415.0 395.0 425.0 407.0
face 0.39 434.0 527.0 460.0 558.0
face 0.38 323.0 527.0 336.0 544.0
face 0.38 61.0 279.0 74.0 295.0
face 0.38 174.0 229.0 186.0 244.0
face 0.37 151.0 598.0 166.0 617.0
face 0.37 819.0 341.0 838.0 362.0
face 0.37 650.0 548.0 668.0 570.0
face 0.37 148.0 566.0 167.0 590.0
face 0.37 249.0 416.0 267.0 436.0
face 0.37 15.0 303.0 31.0 320.0
face 0.37 93.0 256.0 110.0 278.0
face 0.37 247.0 510.0 261.0 527.0
face 0.37 3.0 205.0 18.0 224.0
face 0.37 172.0 593.0 190.0 614.0
face 0.37 132.0 280.0 146.0 299.0
face 0.37 25.0 258.0 41.0 277.0
face 0.37 571.0 53.0 601.0 82.0
face 0.37 64.0 230.0 77.0 245.0
face 0.37 515.0 459.0 529.0 479.0
face 0.36 563.0 539.0 576.0 555.0
face 0.36 286.0 527.0 309.0 554.0
face 0.36 52.0 235.0 65.0 251.0
face 0.36 547.0 580.0 560.0 596.0
face 0.36 474.0 534.0 484.0 546.0
face 0.36 173.0 189.0 185.0 203.0
face 0.36 561.0 548.0 573.0 564.0
face 0.36 561.0 557.0 571.0 569.0
face 0.36 213.0 291.0 230.0 312.0
face 0.36 397.0 399.0 407.0 411.0
face 0.36 567.0 564.0 579.0 580.0
face 0.35 574.0 566.0 584.0 578.0
face 0.35 341.0 518.0 353.0 532.0
face 0.35 460.0 508.0 477.0 527.0
face 0.35 446.0 575.0 456.0 587.0
face 0.35 519.0 455.0 529.0 468.0
face 0.35 149.0 473.0 166.0 493.0
face 0.35 559.0 564.0 572.0 580.0
face 0.35 253.0 515.0 265.0 529.0
face 0.35 430.0 534.0 441.0 547.0
face 0.35 479.0 483.0 492.0 499.0
face 0.35 264.0 260.0 279.0 279.0
face 0.35 499.0 443.0 516.0 463.0
face 0.35 437.0 509.0 448.0 523.0
face 0.35 566.0 519.0 577.0 531.0
face 0.35 567.0 526.0 577.0 537.0
face 0.35 453.0 420.0 466.0 434.0
