face 1.00 965.0 331.0 982.0 352.0
face 1.00 995.0 345.0 1015.0 371.0
face 0.99 686.0 232.0 697.0 245.0
face 0.90 918.0 349.0 930.0 363.0
face 0.90 752.0 229.0 762.0 242.0
face 0.82 882.0 343.0 892.0 355.0
face 0.78 137.0 214.0 156.0 241.0
face 0.73 12.0 205.0 67.0 270.0
face 0.72 250.0 270.0 286.0 321.0
face 0.62 900.0 346.0 913.0 362.0
face 0.60 739.0 332.0 757.0 354.0
face 0.57 240.0 285.0 263.0 313.0
face 0.54 687.0 107.0 700.0 123.0
face 0.54 823.0 88.0 833.0 100.0
face 0.53 397.0 364.0 444.0 416.0
face 0.52 914.0 405.0 926.0 419.0
face 0.51 703.0 238.0 714.0 252.0
face 0.50 941.0 346.0 957.0 363.0
face 0.49 566.0 342.0 592.0 370.0
face 0.49 706.0 197.0 721.0 216.0
face 0.46 870.0 424.0 880.0 436.0
face 0.45 822.0 404.0 836.0 420.0
face 0.45 728.0 309.0 740.0 323.0
face 0.44 807.0 93.0 817.0 105.0
face 0.44 147.0 277.0 161.0 296.0
face 0.43 656.0 132.0 666.0 145.0
face 0.43 623.0 507.0 636.0 524.0
face 0.43 703.0 457.0 718.0 476.0
face 0.42 894.0 335.0 904.0 347.0
face 0.41 532.0 332.0 547.0 348.0
face 0.40 708.0 54.0 722.0 71.0
face 0.40 678.0 215.0 688.0 228.0
face 0.40 97.0 598.0 108.0 611.0
face 0.39 831.0 348.0 842.0 363.0
face 0.39 229.0 227.0 246.0 250.0
face 0.39 783.0 238.0 798.0 256.0
face 0.39 735.0 94.0 746.0 108.0
face 0.39 142.0 271.0 200.0 327.0
face 0.39 690.0 59.0 706.0 81.0
face 0.39 646.0 110.0 656.0 122.0
face 0.39 382.0 134.0 393.0 146.0
face 0.38 211.0 466.0 226.0 484.0
face 0.38 895.0 340.0 909.0 357.0
face 0.38 666.0 46.0 708.0 99.0
face 0.38 806.0 99.0 818.0 116.0
face 0.37 766.0 237.0 777.0 250.0
face 0.37 191.0 279.0 202.0 293.0
face 0.37 823.0 133.0 833.0 146.0
face 0.37 719.0 302.0 727.0 313.0
face 0.37 744.0 125.0 756.0 140.0
face 0.37 662.0 117.0 672.0 130.0
face 0.37 830.0 398.0 841.0 412.0
face 0.37 805.0 194.0 820.0 212.0
face 0.37 315.0 177.0 330.0 197.0
face 0.37 863.0 341.0 875.0 357.0
face 0.36 636.0 340.0 649.0 357.0
face 0.36 911.0 340.0 922.0 354.0
face 0.36 801.0 107.0 811.0 121.0
face 0.36 829.0 111.0 839.0 122.0
face 0.36 926.0 343.0 936.0 355.0
face 0.36 791.0 100.0 801.0 113.0
face 0.36 675.0 459.0 688.0 476.0
face 0.36 656.0 203.0 666.0 215.0
face 0.36 670.0 180.0 681.0 193.0
face 0.36 855.0 341.0 867.0 356.0
face 0.36 757.0 214.0 767.0 226.0
face 0.36 869.0 349.0 880.0 362.0
face 0.36 656.0 119.0 666.0 131.0
face 0.36 641.0 115.0 653.0 133.0
face 0.36 664.0 101.0 674.0 112.0
face 0.36 801.0 198.0 810.0 210.0
face 0.36 198.0 468.0 210.0 483.0
face 0.36 460.0 267.0 475.0 289.0
face 0.36 815.0 109.0 825.0 122.0
face 0.35 814.0 172.0 828.0 189.0
face 0.35 645.0 125.0 655.0 137.0
face 0.35 814.0 94.0 823.0 105.0
face 0.35 662.0 222.0 672.0 233.0
face 0.35 164.0 610.0 178.0 626.0
face 0.35 977.0 428.0 988.0 442.0
face 0.35 663.0 149.0 672.0 160.0
face 0.35 95.0 604.0 106.0 617.0
face 0.35 936.0 399.0 946.0 412.0
face 0.35 871.0 327.0 881.0 339.0
face 0.35 750.0 334.0 762.0 346.0
face 0.35 25.0 615.0 35.0 627.0
face 0.35 934.0 341.0 945.0 354.0
face 0.35 830.0 390.0 840.0 403.0
face 0.35 799.0 205.0 808.0 217.0
face 0.35 656.0 140.0 665.0 152.0
face 0.35 663.0 254.0 672.0 266.0
face 0.35 713.0 335.0 723.0 347.0
face 0.35 657.0 123.0 671.0 139.0
face 0.35 821.0 213.0 832.0 227.0
face 0.35 687.0 54.0 697.0 66.0
face 0.35 761.0 404.0 770.0 416.0
face 0.35 678.0 319.0 687.0 329.0
face 0.35 814.0 101.0 824.0 115.0
face 0.35 702.0 223.0 712.0 234.0
face 0.35 849.0 206.0 864.0 225.0
face 0.35 750.0 108.0 760.0 121.0
face 0.35 12.0 603.0 24.0 617.0
face 0.35 522.0 476.0 536.0 492.0
face 0.35 928.0 406.0 937.0 417.0
face 0.35 880.0 336.0 890.0 349.0
face 0.35 725.0 434.0 737.0 450.0
face 0.35 670.0 317.0 682.0 331.0
