face 1.00 699.0 277.0 724.0 311.0
face 1.00 156.0 302.0 188.0 343.0
face 1.00 300.0 308.0 328.0 345.0
face 0.99 512.0 240.0 529.0 262.0
face 0.98 621.0 191.0 645.0 224.0
face 0.95 78.0 209.0 91.0 226.0
face 0.64 221.0 299.0 244.0 330.0
face 0.55 566.0 456.0 594.0 486.0
face 0.52 649.0 342.0 670.0 370.0
face 0.52 391.0 623.0 413.0 648.0
face 0.51 194.0 291.0 214.0 316.0
face 0.50 332.0 628.0 348.0 646.0
face 0.46 241.0 599.0 252.0 613.0
face 0.46 800.0 149.0 812.0 162.0
face 0.43 840.0 606.0 850.0 619.0
face 0.42 707.0 551.0 723.0 572.0
face 0.41 468.0 635.0 489.0 660.0
face 0.41 110.0 278.0 121.0 292.0
face 0.39 389.0 556.0 401.0 571.0
face 0.38 826.0 274.0 842.0 292.0
face 0.37 324.0 640.0 338.0 656.0
face 0.37 871.0 176.0 882.0 188.0
face 0.37 446.0 268.0 460.0 285.0
face 0.37 786.0 379.0 804.0 402.0
face 0.37 244.0 555.0 261.0 574.0
face 0.36 230.0 296.0 240.0 308.0
face 0.36 798.0 394.0 813.0 413.0
face 0.36 398.0 558.0 409.0 570.0
face 0.36 831.0 148.0 843.0 163.0
face 0.36 561.0 254.0 570.0 265.0
face 0.36 98.0 211.0 113.0 229.0
face 0.35 205.0 292.0 216.0 307.0
face 0.35 656.0 180.0 671.0 198.0
face 0.35 95.0 196.0 108.0 211.0
face 0.35 749.0 270.0 760.0 283.0
face 0.35 545.0 214.0 555.0 225.0
face 0.35 59.0 194.0 72.0 210.0
face 0.35 574.0 245.0 584.0 257.0
