face 0.78 295.0 397.0 306.0 410.0
face 0.77 374.0 418.0 387.0 433.0
face 0.60 137.0 346.0 148.0 361.0
face 0.59 206.0 406.0 221.0 424.0
face 0.58 502.0 384.0 517.0 403.0
face 0.54 620.0 428.0 634.0 445.0
face 0.51 400.0 352.0 410.0 363.0
face 0.50 504.0 340.0 516.0 355.0
face 0.47 649.0 685.0 661.0 701.0
face 0.42 209.0 341.0 222.0 357.0
face 0.40 622.0 328.0 631.0 340.0
face 0.40 168.0 346.0 182.0 364.0
face 0.39 809.0 351.0 819.0 363.0
face 0.39 426.0 374.0 435.0 385.0
face 0.38 571.0 478.0 602.0 513.0
face 0.37 727.0 79.0 737.0 91.0
face 0.37 441.0 452.0 455.0 468.0
face 0.36 822.0 350.0 833.0 362.0
face 0.36 469.0 69.0 479.0 81.0
face 0.36 935.0 149.0 946.0 162.0
face 0.36 1006.0 213.0 1017.0 226.0
face 0.35 766.0 340.0 778.0 354.0
face 0.35 798.0 337.0 808.0 348.0
face 0.35 799.0 79.0 809.0 92.0
face 0.35 847.0 694.0 857.0 705.0
face 0.35 815.0 38.0 826.0 51.0
face 0.35 711.0 62.0 721.0 74.0
face 0.35 839.0 117.0 849.0 130.0
face 0.35 510.0 402.0 524.0 419.0
face 0.35 567.0 438.0 580.0 453.0
face 0.35 887.0 694.0 898.0 705.0
face 0.35 878.0 127.0 888.0 138.0
face 0.35 223.0 419.0 235.0 436.0
face 0.35 1015.0 197.0 1024.0 211.0
