face 1.00 532.0 408.0 592.0 491.0
face 0.65 463.0 973.0 475.0 989.0
face 0.46 451.0 554.0 463.0 569.0
face 0.46 375.0 950.0 386.0 963.0
face 0.45 659.0 963.0 672.0 980.0
face 0.43 845.0 966.0 856.0 979.0
face 0.41 587.0 963.0 602.0 981.0
face 0.40 492.0 754.0 506.0 770.0
face 0.40 852.0 594.0 867.0 613.0
face 0.40 402.0 971.0 418.0 988.0
face 0.38 240.0 719.0 251.0 732.0
face 0.37 727.0 166.0 741.0 185.0
face 0.37 416.0 965.0 426.0 980.0
face 0.37 511.0 718.0 522.0 732.0
face 0.37 624.0 672.0 635.0 685.0
face 0.36 701.0 432.0 716.0 451.0
face 0.36 415.0 805.0 425.0 818.0
face 0.36 407.0 803.0 420.0 818.0
face 0.36 111.0 749.0 124.0 767.0
face 0.36 843.0 878.0 857.0 895.0
face 0.36 473.0 717.0 488.0 734.0
face 0.35 643.0 675.0 657.0 691.0
face 0.35 390.0 782.0 401.0 795.0
face 0.35 718.0 447.0 729.0 460.0
face 0.35 712.0 789.0 723.0 802.0
face 0.35 368.0 782.0 378.0 794.0
face 0.35 416.0 958.0 426.0 971.0
face 0.35 756.0 811.0 769.0 827.0
face 0.35 766.0 858.0 778.0 872.0
face 0.35 236.0 748.0 249.0 764.0
face 0.35 399.0 806.0 410.0 818.0
face 0.35 214.0 722.0 229.0 740.0
face 0.35 979.0 451.0 996.0 471.0
face 0.35 597.0 966.0 609.0 981.0
