face 1.00 359.0 100.0 434.0 178.0
face 0.88 217.0 250.0 288.0 339.0
face 0.53 417.0 271.0 437.0 296.0
face 0.51 998.0 587.0 1024.0 626.0
face 0.50 623.0 609.0 645.0 637.0
face 0.47 426.0 65.0 457.0 101.0
face 0.40 787.0 313.0 804.0 333.0
face 0.39 48.0 543.0 72.0 573.0
face 0.39 895.0 401.0 910.0 419.0
face 0.36 175.0 360.0 218.0 429.0
face 0.36 966.0 518.0 982.0 535.0
face 0.36 459.0 626.0 474.0 645.0
face 0.35 102.0 486.0 116.0 503.0
face 0.35 544.0 254.0 554.0 266.0
face 0.35 405.0 608.0 420.0 627.0
