face 1.00 349.0 195.0 604.0 495.0
face 1.00 583.0 337.0 799.0 573.0
face 0.93 781.0 953.0 859.0 1024.0
face 0.50 715.0 930.0 789.0 1008.0
face 0.47 847.0 953.0 914.0 1017.0
face 0.42 246.0 831.0 329.0 923.0
face 0.41 404.0 911.0 419.0 929.0
face 0.40 14.0 -1.0 29.0 13.0
face 0.39 664.0 675.0 725.0 742.0
face 0.38 92.0 731.0 122.0 763.0
face 0.38 460.0 101.0 572.0 204.0
face 0.38 286.0 996.0 301.0 1018.0
face 0.37 648.0 593.0 707.0 649.0
face 0.37 573.0 808.0 628.0 887.0
face 0.36 104.0 464.0 131.0 494.0
face 0.36 430.0 765.0 441.0 779.0
face 0.35 219.0 858.0 233.0 874.0
face 0.35 37.0 874.0 50.0 892.0
