face 0.61 370.0 733.0 386.0 753.0
face 0.60 379.0 605.0 396.0 627.0
face 0.56 552.0 14.0 780.0 301.0
face 0.49 357.0 611.0 370.0 627.0
face 0.46 588.0 627.0 604.0 647.0
face 0.45 459.0 669.0 474.0 688.0
face 0.44 556.0 498.0 571.0 518.0
face 0.43 382.0 361.0 399.0 382.0
face 0.42 352.0 539.0 366.0 558.0
face 0.42 350.0 820.0 363.0 836.0
face 0.40 331.0 581.0 347.0 601.0
face 0.39 339.0 410.0 355.0 429.0
face 0.38 736.0 625.0 751.0 645.0
face 0.38 616.0 510.0 640.0 538.0
face 0.37 579.0 451.0 594.0 471.0
face 0.36 763.0 554.0 779.0 575.0
face 0.36 380.0 705.0 394.0 724.0
face 0.36 418.0 656.0 431.0 673.0
face 0.36 564.0 619.0 580.0 640.0
face 0.35 402.0 675.0 418.0 695.0
face 0.35 400.0 657.0 413.0 674.0
face 0.35 439.0 677.0 450.0 691.0
face 0.35 765.0 1276.0 781.0 1295.0
