face 1.00 351.0 234.0 519.0 449.0
face 1.00 830.0 375.0 911.0 482.0
face 1.00 2.0 325.0 97.0 461.0
face 1.00 218.0 270.0 306.0 389.0
face 1.00 760.0 366.0 824.0 449.0
face 1.00 604.0 277.0 705.0 419.0
face 0.77 103.0 576.0 149.0 626.0
face 0.74 830.0 167.0 841.0 181.0
face 0.53 800.0 189.0 813.0 204.0
face 0.45 786.0 76.0 802.0 97.0
face 0.43 198.0 963.0 253.0 1025.0
face 0.42 427.0 901.0 501.0 979.0
face 0.41 851.0 186.0 865.0 203.0
face 0.40 775.0 835.0 799.0 864.0
face 0.40 962.0 978.0 978.0 998.0
face 0.39 869.0 165.0 881.0 180.0
face 0.39 781.0 188.0 796.0 203.0
face 0.39 877.0 187.0 888.0 201.0
face 0.38 562.0 1309.0 680.0 1455.0
face 0.38 831.0 148.0 843.0 163.0
face 0.37 846.0 167.0 857.0 179.0
face 0.37 870.0 182.0 885.0 199.0
face 0.37 814.0 164.0 825.0 178.0
face 0.37 489.0 692.0 503.0 712.0
face 0.36 697.0 187.0 714.0 207.0
face 0.36 863.0 183.0 873.0 196.0
face 0.35 883.0 163.0 896.0 179.0
face 0.35 879.0 174.0 890.0 186.0
face 0.35 702.0 642.0 734.0 680.0
face 0.35 771.0 187.0 786.0 205.0
face 0.35 728.0 171.0 737.0 183.0
