face 1.00 586.0 178.0 684.0 304.0
face 1.00 279.0 215.0 352.0 309.0
face 1.00 454.0 228.0 511.0 300.0
face 0.74 190.0 240.0 202.0 255.0
face 0.70 336.0 495.0 380.0 544.0
face 0.55 56.0 178.0 71.0 197.0
face 0.49 18.0 230.0 35.0 252.0
face 0.48 31.0 180.0 52.0 207.0
face 0.47 174.0 359.0 188.0 376.0
face 0.45 823.0 209.0 847.0 239.0
face 0.45 162.0 394.0 183.0 423.0
face 0.44 998.0 569.0 1013.0 588.0
face 0.44 60.0 357.0 89.0 388.0
face 0.44 148.0 357.0 160.0 371.0
face 0.42 138.0 437.0 163.0 467.0
face 0.41 958.0 597.0 971.0 612.0
face 0.41 96.0 213.0 110.0 229.0
face 0.41 756.0 115.0 770.0 135.0
face 0.41 64.0 293.0 77.0 307.0
face 0.39 796.0 536.0 814.0 558.0
face 0.39 370.0 291.0 384.0 310.0
face 0.39 36.0 317.0 50.0 333.0
face 0.38 114.0 396.0 130.0 415.0
face 0.37 67.0 322.0 83.0 342.0
face 0.37 872.0 532.0 882.0 544.0
face 0.37 79.0 299.0 92.0 315.0
face 0.36 158.0 364.0 170.0 378.0
face 0.36 862.0 544.0 874.0 559.0
face 0.36 191.0 219.0 206.0 237.0
face 0.36 54.0 236.0 66.0 250.0
face 0.36 966.0 599.0 977.0 611.0
face 0.36 791.0 248.0 802.0 260.0
face 0.36 115.0 208.0 132.0 229.0
face 0.36 38.0 227.0 51.0 245.0
face 0.36 989.0 599.0 1000.0 611.0
face 0.36 98.0 295.0 112.0 310.0
face 0.36 65.0 262.0 75.0 276.0
face 0.36 111.0 371.0 122.0 385.0
face 0.36 175.0 352.0 185.0 364.0
face 0.36 57.0 292.0 68.0 306.0
face 0.35 70.0 237.0 84.0 254.0
face 0.35 855.0 544.0 866.0 556.0
face 0.35 846.0 543.0 857.0 556.0
face 0.35 75.0 241.0 92.0 261.0
face 0.35 159.0 387.0 173.0 404.0
face 0.35 716.0 236.0 736.0 264.0
face 0.35 168.0 359.0 179.0 372.0
face 0.35 84.0 306.0 97.0 323.0
face 0.35 63.0 318.0 73.0 332.0
face 0.35 37.0 270.0 50.0 286.0
face 0.35 55.0 529.0 117.0 598.0
face 0.35 46.0 234.0 60.0 251.0
face 0.35 56.0 286.0 66.0 299.0
face 0.35 102.0 405.0 113.0 418.0
