face 0.72 781.0 126.0 791.0 139.0
face 0.62 107.0 112.0 123.0 131.0
face 0.61 134.0 124.0 147.0 139.0
face 0.60 253.0 488.0 263.0 501.0
face 0.57 462.0 318.0 474.0 335.0
face 0.56 1004.0 525.0 1025.0 555.0
face 0.49 667.0 507.0 681.0 525.0
face 0.49 651.0 524.0 665.0 542.0
face 0.47 228.0 45.0 272.0 116.0
face 0.46 795.0 121.0 809.0 137.0
face 0.46 447.0 541.0 458.0 554.0
face 0.45 262.0 161.0 278.0 179.0
face 0.45 306.0 136.0 323.0 156.0
face 0.45 50.0 125.0 62.0 142.0
face 0.43 4.0 750.0 21.0 769.0
face 0.41 497.0 542.0 508.0 554.0
face 0.41 510.0 539.0 521.0 553.0
face 0.40 164.0 118.0 178.0 135.0
face 0.40 814.0 133.0 825.0 147.0
face 0.39 374.0 127.0 385.0 140.0
face 0.39 383.0 308.0 397.0 325.0
face 0.39 494.0 311.0 505.0 323.0
face 0.39 694.0 280.0 704.0 292.0
face 0.38 655.0 491.0 670.0 512.0
face 0.38 391.0 303.0 400.0 316.0
face 0.37 221.0 408.0 236.0 427.0
face 0.37 266.0 378.0 360.0 487.0
face 0.37 399.0 303.0 411.0 318.0
face 0.37 447.0 301.0 457.0 314.0
face 0.37 751.0 128.0 765.0 148.0
face 0.37 485.0 532.0 500.0 550.0
face 0.37 447.0 528.0 457.0 539.0
face 0.36 775.0 109.0 785.0 121.0
face 0.36 319.0 415.0 332.0 429.0
face 0.36 440.0 318.0 451.0 333.0
face 0.36 654.0 509.0 665.0 521.0
face 0.36 682.0 599.0 703.0 629.0
face 0.36 405.0 308.0 415.0 321.0
face 0.36 504.0 526.0 513.0 537.0
face 0.36 384.0 141.0 394.0 154.0
face 0.36 462.0 312.0 472.0 324.0
face 0.36 447.0 534.0 458.0 547.0
face 0.36 518.0 510.0 531.0 524.0
face 0.36 471.0 550.0 482.0 563.0
face 0.36 274.0 434.0 286.0 451.0
face 0.35 835.0 394.0 850.0 411.0
face 0.35 308.0 414.0 321.0 429.0
face 0.35 303.0 134.0 314.0 148.0
face 0.35 511.0 527.0 521.0 539.0
face 0.35 524.0 454.0 536.0 468.0
face 0.35 180.0 148.0 213.0 186.0
face 0.35 376.0 120.0 385.0 131.0
face 0.35 390.0 119.0 400.0 130.0
face 0.35 302.0 127.0 313.0 139.0
face 0.35 431.0 312.0 440.0 324.0
face 0.35 766.0 126.0 776.0 139.0
face 0.35 428.0 528.0 438.0 540.0
face 0.35 279.0 148.0 290.0 161.0
face 0.35 48.0 118.0 58.0 131.0
face 0.35 182.0 413.0 196.0 429.0
face 0.35 318.0 135.0 329.0 148.0
face 0.35 448.0 287.0 456.0 298.0
face 0.35 470.0 318.0 480.0 331.0
face 0.35 389.0 136.0 400.0 148.0
face 0.35 690.0 676.0 705.0 694.0
face 0.35 480.0 311.0 489.0 322.0
face 0.35 462.0 302.0 472.0 313.0
face 0.35 384.0 119.0 393.0 130.0
face 0.35 406.0 295.0 415.0 306.0
face 0.35 479.0 317.0 489.0 330.0
