face 1.00 246.0 434.0 265.0 459.0
face 0.98 660.0 354.0 681.0 381.0
face 0.96 386.0 770.0 401.0 788.0
face 0.87 456.0 682.0 478.0 709.0
face 0.78 853.0 630.0 874.0 660.0
face 0.71 750.0 247.0 761.0 260.0
face 0.70 311.0 1014.0 326.0 1035.0
face 0.67 568.0 624.0 601.0 665.0
face 0.67 493.0 686.0 509.0 705.0
face 0.64 604.0 772.0 629.0 803.0
face 0.58 727.0 266.0 739.0 281.0
face 0.57 783.0 586.0 799.0 606.0
face 0.52 456.0 1140.0 470.0 1158.0
face 0.52 449.0 636.0 475.0 666.0
face 0.49 445.0 758.0 458.0 774.0
face 0.49 783.0 586.0 820.0 631.0
face 0.49 426.0 685.0 449.0 712.0
face 0.48 649.0 1072.0 674.0 1099.0
face 0.48 542.0 689.0 558.0 709.0
face 0.47 473.0 466.0 487.0 482.0
face 0.47 838.0 294.0 848.0 307.0
face 0.46 422.0 214.0 432.0 225.0
face 0.46 629.0 286.0 641.0 299.0
face 0.45 711.0 183.0 722.0 195.0
face 0.44 569.0 267.0 581.0 284.0
face 0.43 377.0 794.0 390.0 811.0
face 0.43 23.0 456.0 37.0 476.0
face 0.42 390.0 925.0 402.0 941.0
face 0.42 578.0 781.0 594.0 799.0
face 0.42 493.0 1016.0 507.0 1033.0
face 0.41 349.0 1018.0 365.0 1036.0
face 0.41 420.0 619.0 435.0 637.0
face 0.40 6.0 600.0 20.0 620.0
face 0.40 680.0 582.0 707.0 617.0
face 0.39 667.0 166.0 681.0 182.0
face 0.39 765.0 765.0 777.0 779.0
face 0.38 421.0 579.0 435.0 595.0
face 0.38 597.0 609.0 638.0 663.0
face 0.38 262.0 108.0 272.0 120.0
face 0.38 741.0 1041.0 962.0 1301.0
face 0.38 427.0 643.0 443.0 662.0
face 0.38 314.0 768.0 344.0 807.0
face 0.38 796.0 224.0 811.0 244.0
face 0.38 832.0 325.0 845.0 342.0
face 0.38 317.0 410.0 331.0 430.0
face 0.37 407.0 200.0 418.0 213.0
face 0.37 590.0 788.0 601.0 802.0
face 0.37 283.0 323.0 295.0 336.0
face 0.37 414.0 643.0 429.0 662.0
face 0.37 883.0 445.0 898.0 463.0
face 0.37 610.0 613.0 633.0 642.0
face 0.37 682.0 300.0 694.0 316.0
face 0.37 514.0 581.0 537.0 608.0
face 0.37 909.0 364.0 921.0 379.0
face 0.37 31.0 553.0 45.0 571.0
face 0.37 423.0 1149.0 434.0 1163.0
face 0.37 355.0 109.0 372.0 128.0
face 0.36 427.0 628.0 441.0 643.0
face 0.36 537.0 621.0 559.0 650.0
face 0.36 533.0 589.0 544.0 603.0
face 0.36 344.0 260.0 355.0 274.0
face 0.36 890.0 359.0 903.0 373.0
face 0.36 375.0 293.0 386.0 306.0
face 0.36 512.0 248.0 523.0 261.0
face 0.36 862.0 389.0 877.0 409.0
face 0.36 363.0 308.0 376.0 325.0
face 0.36 414.0 1146.0 428.0 1162.0
face 0.36 526.0 249.0 538.0 261.0
face 0.36 703.0 211.0 714.0 224.0
face 0.36 727.0 186.0 738.0 197.0
face 0.36 733.0 238.0 743.0 251.0
face 0.36 246.0 105.0 256.0 116.0
face 0.36 902.0 341.0 913.0 354.0
face 0.36 829.0 231.0 840.0 244.0
face 0.36 760.0 259.0 772.0 274.0
face 0.36 566.0 788.0 577.0 801.0
face 0.36 591.0 214.0 601.0 225.0
face 0.36 598.0 190.0 608.0 202.0
face 0.36 360.0 317.0 371.0 331.0
face 0.36 905.0 431.0 915.0 443.0
face 0.36 30.0 331.0 41.0 346.0
face 0.36 480.0 1022.0 490.0 1035.0
face 0.36 564.0 807.0 580.0 824.0
face 0.36 429.0 777.0 444.0 795.0
face 0.36 404.0 1081.0 418.0 1101.0
face 0.36 887.0 426.0 901.0 443.0
face 0.36 23.0 598.0 33.0 611.0
face 0.36 892.0 382.0 904.0 395.0
face 0.35 751.0 240.0 762.0 253.0
face 0.35 235.0 117.0 249.0 134.0
face 0.35 400.0 807.0 423.0 836.0
face 0.35 374.0 286.0 385.0 298.0
face 0.35 959.0 214.0 969.0 226.0
face 0.35 125.0 445.0 136.0 459.0
face 0.35 295.0 351.0 305.0 362.0
face 0.35 639.0 974.0 650.0 987.0
face 0.35 560.0 575.0 571.0 588.0
face 0.35 597.0 788.0 610.0 804.0
face 0.35 238.0 102.0 249.0 114.0
face 0.35 730.0 245.0 739.0 257.0
face 0.35 512.0 792.0 523.0 806.0
face 0.35 398.0 1021.0 410.0 1036.0
face 0.35 117.0 293.0 130.0 308.0
face 0.35 439.0 189.0 448.0 201.0
face 0.35 560.0 564.0 572.0 578.0
face 0.35 750.0 279.0 760.0 290.0
face 0.35 719.0 188.0 730.0 200.0
face 0.35 373.0 279.0 384.0 292.0
face 0.35 325.0 931.0 337.0 945.0
face 0.35 430.0 767.0 442.0 781.0
face 0.35 455.0 580.0 466.0 593.0
face 0.35 599.0 207.0 609.0 218.0
face 0.35 782.0 263.0 793.0 275.0
face 0.35 119.0 405.0 129.0 418.0
face 0.35 575.0 576.0 586.0 589.0
face 0.35 500.0 308.0 515.0 323.0
face 0.35 256.0 108.0 266.0 120.0
face 0.35 679.0 200.0 688.0 211.0
face 0.35 486.0 466.0 500.0 483.0
