face 1.00 316.0 216.0 350.0 256.0
face 1.00 476.0 208.0 506.0 247.0
face 0.99 576.0 184.0 591.0 203.0
face 0.99 328.0 170.0 354.0 201.0
face 0.90 621.0 185.0 635.0 202.0
face 0.80 804.0 152.0 827.0 179.0
face 0.80 119.0 325.0 218.0 442.0
face 0.79 918.0 300.0 934.0 319.0
face 0.71 1002.0 472.0 1023.0 499.0
face 0.65 651.0 86.0 668.0 107.0
face 0.60 439.0 234.0 466.0 265.0
face 0.59 545.0 194.0 559.0 211.0
face 0.58 60.0 226.0 73.0 242.0
face 0.57 989.0 180.0 1007.0 201.0
face 0.52 699.0 341.0 716.0 360.0
face 0.50 602.0 197.0 619.0 213.0
face 0.49 917.0 234.0 933.0 255.0
face 0.48 925.0 94.0 941.0 114.0
face 0.45 44.0 247.0 59.0 265.0
face 0.42 814.0 165.0 826.0 179.0
face 0.40 997.0 324.0 1018.0 349.0
face 0.40 973.0 327.0 991.0 348.0
face 0.39 43.0 203.0 57.0 221.0
face 0.38 971.0 471.0 995.0 499.0
face 0.38 646.0 450.0 733.0 587.0
face 0.38 831.0 307.0 844.0 324.0
face 0.38 968.0 255.0 985.0 276.0
face 0.38 13.0 210.0 24.0 225.0
face 0.38 0.0 454.0 14.0 477.0
face 0.37 998.0 550.0 1015.0 571.0
face 0.37 614.0 198.0 623.0 211.0
face 0.37 553.0 331.0 566.0 347.0
face 0.37 647.0 294.0 658.0 307.0
face 0.37 66.0 559.0 174.0 661.0
face 0.37 965.0 178.0 983.0 198.0
face 0.37 681.0 139.0 700.0 159.0
face 0.37 648.0 190.0 658.0 203.0
face 0.37 314.0 178.0 330.0 198.0
face 0.36 653.0 295.0 664.0 307.0
face 0.36 436.0 187.0 467.0 223.0
face 0.36 646.0 215.0 655.0 225.0
face 0.36 557.0 188.0 571.0 203.0
face 0.36 566.0 183.0 577.0 196.0
face 0.36 541.0 325.0 552.0 340.0
face 0.36 518.0 223.0 531.0 237.0
face 0.36 533.0 345.0 548.0 365.0
face 0.35 286.0 222.0 296.0 235.0
face 0.35 541.0 222.0 552.0 235.0
face 0.35 79.0 230.0 91.0 243.0
face 0.35 993.0 256.0 1010.0 276.0
face 0.35 981.0 166.0 993.0 179.0
face 0.35 565.0 196.0 577.0 210.0
face 0.35 680.0 318.0 690.0 331.0
face 0.35 615.0 333.0 628.0 349.0
face 0.35 397.0 245.0 410.0 262.0
face 0.35 27.0 203.0 42.0 224.0
face 0.35 648.0 183.0 657.0 194.0
face 0.35 557.0 204.0 571.0 221.0
face 0.35 647.0 319.0 657.0 331.0
face 0.35 730.0 338.0 744.0 354.0
face 0.35 415.0 264.0 425.0 275.0
