face 0.82 56.0 301.0 66.0 314.0
face 0.67 344.0 224.0 393.0 296.0
face 0.65 325.0 212.0 337.0 226.0
face 0.65 244.0 161.0 258.0 179.0
face 0.63 129.0 355.0 143.0 374.0
face 0.60 446.0 302.0 458.0 315.0
face 0.59 646.0 305.0 658.0 319.0
face 0.59 529.0 14.0 539.0 26.0
face 0.58 75.0 317.0 89.0 335.0
face 0.55 342.0 212.0 354.0 227.0
face 0.53 219.0 583.0 237.0 604.0
face 0.52 500.0 316.0 514.0 333.0
face 0.52 915.0 329.0 929.0 348.0
face 0.51 198.0 118.0 210.0 132.0
face 0.50 98.0 60.0 115.0 80.0
face 0.50 586.0 330.0 607.0 355.0
face 0.50 746.0 274.0 760.0 292.0
face 0.48 736.0 324.0 749.0 340.0
face 0.47 125.0 91.0 141.0 113.0
face 0.45 243.0 118.0 257.0 137.0
face 0.44 710.0 600.0 720.0 611.0
face 0.41 697.0 332.0 711.0 354.0
face 0.41 821.0 255.0 837.0 275.0
face 0.41 764.0 185.0 783.0 210.0
face 0.41 83.0 90.0 96.0 106.0
face 0.41 43.0 49.0 70.0 81.0
face 0.40 145.0 347.0 161.0 366.0
face 0.40 731.0 30.0 741.0 43.0
face 0.40 717.0 333.0 730.0 349.0
face 0.40 382.0 252.0 395.0 268.0
face 0.40 270.0 403.0 285.0 421.0
face 0.39 47.0 591.0 59.0 605.0
face 0.39 353.0 519.0 363.0 532.0
face 0.39 851.0 620.0 866.0 638.0
face 0.39 833.0 252.0 850.0 270.0
face 0.39 179.0 380.0 195.0 401.0
face 0.38 700.0 396.0 713.0 414.0
face 0.38 815.0 247.0 825.0 258.0
face 0.38 55.0 324.0 67.0 339.0
face 0.38 790.0 340.0 805.0 357.0
face 0.37 559.0 36.0 569.0 49.0
face 0.37 408.0 472.0 423.0 491.0
face 0.37 604.0 339.0 617.0 355.0
face 0.37 284.0 190.0 302.0 212.0
face 0.37 746.0 573.0 761.0 590.0
face 0.37 750.0 362.0 762.0 378.0
face 0.37 191.0 116.0 205.0 131.0
face 0.37 94.0 66.0 107.0 82.0
face 0.37 829.0 350.0 843.0 366.0
face 0.37 480.0 324.0 491.0 337.0
face 0.36 12.0 221.0 26.0 239.0
face 0.36 902.0 324.0 913.0 340.0
face 0.36 243.0 502.0 333.0 606.0
face 0.36 141.0 533.0 156.0 551.0
face 0.36 747.0 308.0 764.0 326.0
face 0.36 86.0 46.0 98.0 59.0
face 0.36 892.0 341.0 904.0 356.0
face 0.36 625.0 335.0 635.0 346.0
face 0.36 766.0 277.0 776.0 289.0
face 0.36 251.0 38.0 264.0 53.0
face 0.36 477.0 52.0 492.0 70.0
face 0.36 34.0 50.0 54.0 73.0
face 0.36 375.0 509.0 386.0 522.0
face 0.36 132.0 525.0 144.0 540.0
face 0.36 843.0 323.0 859.0 343.0
face 0.36 798.0 262.0 810.0 276.0
face 0.36 62.0 318.0 75.0 334.0
face 0.36 66.0 65.0 80.0 84.0
face 0.36 806.0 262.0 816.0 273.0
face 0.36 71.0 301.0 82.0 314.0
face 0.35 37.0 607.0 48.0 619.0
face 0.35 377.0 497.0 392.0 514.0
face 0.35 282.0 489.0 312.0 524.0
face 0.35 38.0 614.0 48.0 626.0
face 0.35 815.0 254.0 826.0 266.0
face 0.35 63.0 285.0 74.0 298.0
face 0.35 31.0 605.0 42.0 618.0
face 0.35 781.0 272.0 791.0 284.0
face 0.35 774.0 256.0 784.0 267.0
face 0.35 957.0 14.0 971.0 31.0
face 0.35 775.0 287.0 787.0 300.0
face 0.35 357.0 523.0 368.0 537.0
face 0.35 759.0 286.0 769.0 298.0
face 0.35 840.0 325.0 850.0 338.0
face 0.35 160.0 92.0 171.0 106.0
face 0.35 809.0 256.0 818.0 267.0
face 0.35 741.0 219.0 752.0 233.0
face 0.35 845.0 318.0 857.0 332.0
