face 1.00 497.0 224.0 618.0 366.0
face 0.79 607.0 1227.0 635.0 1259.0
face 0.78 603.0 337.0 805.0 576.0
face 0.77 473.0 1123.0 590.0 1291.0
face 0.74 509.0 95.0 679.0 259.0
face 0.74 739.0 264.0 758.0 289.0
face 0.67 535.0 1310.0 556.0 1338.0
face 0.62 202.0 516.0 277.0 599.0
face 0.61 466.0 385.0 550.0 480.0
face 0.61 600.0 450.0 623.0 476.0
face 0.60 700.0 1131.0 794.0 1242.0
face 0.53 442.0 1099.0 477.0 1142.0
face 0.49 582.0 908.0 673.0 1016.0
face 0.47 630.0 281.0 646.0 302.0
face 0.47 706.0 600.0 739.0 638.0
face 0.43 923.0 627.0 937.0 648.0
face 0.41 16.0 1351.0 60.0 1406.0
face 0.39 779.0 1059.0 807.0 1091.0
face 0.38 625.0 1213.0 665.0 1259.0
face 0.38 947.0 1101.0 964.0 1121.0
face 0.38 668.0 1065.0 720.0 1120.0
face 0.38 72.0 1400.0 164.0 1499.0
face 0.38 731.0 256.0 749.0 280.0
face 0.37 566.0 278.0 591.0 310.0
face 0.37 807.0 966.0 847.0 1011.0
face 0.37 508.0 293.0 577.0 356.0
face 0.36 475.0 1405.0 487.0 1420.0
face 0.36 406.0 1277.0 416.0 1289.0
