face 1.00 238.0 218.0 262.0 248.0
face 1.00 548.0 272.0 570.0 300.0
face 1.00 296.0 280.0 320.0 308.0
face 1.00 270.0 307.0 301.0 343.0
face 1.00 579.0 269.0 600.0 294.0
face 1.00 777.0 323.0 805.0 360.0
face 1.00 417.0 338.0 443.0 371.0
face 1.00 266.0 270.0 289.0 299.0
face 1.00 560.0 327.0 585.0 358.0
face 1.00 363.0 305.0 388.0 334.0
face 1.00 666.0 314.0 694.0 347.0
face 1.00 410.0 249.0 434.0 276.0
face 0.99 442.0 312.0 464.0 337.0
face 0.99 819.0 385.0 852.0 426.0
face 0.99 958.0 306.0 977.0 328.0
face 0.98 505.0 312.0 530.0 345.0
face 0.97 880.0 459.0 911.0 497.0
face 0.97 825.0 303.0 849.0 330.0
face 0.94 620.0 303.0 648.0 337.0
face 0.85 97.0 117.0 129.0 166.0
face 0.85 735.0 299.0 763.0 329.0
face 0.74 727.0 314.0 742.0 331.0
face 0.70 229.0 91.0 258.0 127.0
face 0.65 251.0 92.0 277.0 124.0
face 0.51 800.0 377.0 823.0 409.0
face 0.51 462.0 342.0 475.0 358.0
face 0.42 742.0 343.0 766.0 378.0
face 0.39 1008.0 261.0 1021.0 277.0
face 0.36 944.0 354.0 959.0 374.0
face 0.36 478.0 349.0 492.0 366.0
face 0.35 585.0 428.0 597.0 446.0
