face 1.00 0.0 271.0 29.0 321.0
face 0.98 778.0 130.0 810.0 172.0
face 0.96 885.0 394.0 938.0 454.0
face 0.89 371.0 497.0 429.0 563.0
face 0.86 109.0 21.0 123.0 37.0
face 0.71 755.0 937.0 771.0 960.0
face 0.69 796.0 414.0 811.0 432.0
face 0.59 779.0 52.0 792.0 68.0
face 0.51 997.0 18.0 1026.0 65.0
face 0.49 805.0 790.0 819.0 809.0
face 0.45 812.0 439.0 826.0 456.0
face 0.45 492.0 44.0 507.0 61.0
face 0.45 988.0 372.0 1003.0 391.0
face 0.41 326.0 20.0 338.0 35.0
face 0.41 843.0 445.0 858.0 461.0
face 0.41 771.0 401.0 813.0 454.0
face 0.39 296.0 104.0 321.0 133.0
face 0.39 980.0 379.0 996.0 398.0
face 0.39 848.0 29.0 859.0 42.0
face 0.37 818.0 2.0 835.0 21.0
face 0.37 958.0 61.0 969.0 74.0
face 0.37 789.0 52.0 801.0 67.0
face 0.37 852.0 691.0 865.0 708.0
face 0.37 853.0 452.0 868.0 469.0
face 0.36 976.0 386.0 991.0 404.0
face 0.36 839.0 22.0 849.0 34.0
face 0.36 693.0 21.0 704.0 35.0
face 0.36 835.0 45.0 848.0 60.0
face 0.36 864.0 427.0 877.0 446.0
face 0.36 838.0 38.0 848.0 50.0
face 0.36 134.0 15.0 144.0 26.0
face 0.35 839.0 30.0 850.0 43.0
face 0.35 755.0 52.0 769.0 69.0
face 0.35 127.0 12.0 138.0 25.0
face 0.35 117.0 21.0 128.0 35.0
face 0.35 444.0 45.0 456.0 59.0
face 0.35 788.0 19.0 803.0 37.0
face 0.35 7.0 23.0 18.0 35.0
face 0.35 984.0 396.0 994.0 409.0
