face 1.00 231.0 42.0 279.0 100.0
face 0.98 830.0 411.0 844.0 428.0
face 0.81 905.0 441.0 922.0 462.0
face 0.81 752.0 395.0 770.0 417.0
face 0.80 587.0 438.0 598.0 450.0
face 0.68 158.0 318.0 169.0 332.0
face 0.54 506.0 378.0 522.0 396.0
face 0.54 857.0 446.0 875.0 471.0
face 0.54 494.0 630.0 504.0 642.0
face 0.50 1010.0 533.0 1023.0 550.0
face 0.43 150.0 637.0 160.0 650.0
face 0.42 293.0 470.0 313.0 496.0
face 0.41 872.0 568.0 895.0 594.0
face 0.39 1.0 474.0 13.0 493.0
face 0.38 117.0 469.0 131.0 486.0
face 0.37 544.0 551.0 555.0 563.0
face 0.36 479.0 500.0 493.0 516.0
face 0.36 651.0 511.0 666.0 530.0
face 0.36 803.0 501.0 818.0 517.0
face 0.36 680.0 423.0 691.0 436.0
face 0.36 511.0 476.0 522.0 489.0
face 0.35 641.0 435.0 657.0 453.0
face 0.35 175.0 298.0 189.0 315.0
face 0.35 639.0 474.0 652.0 492.0
face 0.35 816.0 632.0 826.0 643.0
face 0.35 806.0 622.0 816.0 634.0
