face 1.00 598.0 150.0 680.0 251.0
face 1.00 306.0 128.0 346.0 180.0
face 1.00 202.0 171.0 247.0 229.0
face 1.00 869.0 36.0 908.0 87.0
face 1.00 121.0 197.0 160.0 246.0
face 1.00 434.0 59.0 474.0 106.0
face 1.00 85.0 180.0 114.0 215.0
face 1.00 491.0 150.0 520.0 188.0
face 0.89 308.0 95.0 337.0 129.0
face 0.86 33.0 122.0 49.0 143.0
face 0.63 727.0 30.0 739.0 44.0
face 0.60 480.0 211.0 502.0 240.0
face 0.46 167.0 93.0 191.0 123.0
face 0.46 388.0 199.0 413.0 233.0
face 0.43 195.0 414.0 219.0 446.0
face 0.42 937.0 50.0 961.0 76.0
face 0.39 333.0 230.0 361.0 262.0
face 0.39 135.0 149.0 145.0 161.0
face 0.39 65.0 37.0 78.0 53.0
face 0.37 758.0 3.0 772.0 19.0
face 0.37 380.0 75.0 392.0 90.0
face 0.37 903.0 131.0 917.0 149.0
face 0.37 58.0 161.0 78.0 189.0
face 0.37 62.0 262.0 73.0 277.0
face 0.36 108.0 234.0 123.0 252.0
face 0.36 798.0 183.0 809.0 195.0
face 0.36 364.0 42.0 379.0 60.0
face 0.36 49.0 140.0 61.0 155.0
face 0.36 396.0 87.0 412.0 105.0
face 0.36 103.0 149.0 113.0 162.0
face 0.36 47.0 30.0 58.0 43.0
face 0.36 751.0 30.0 762.0 43.0
face 0.35 102.0 155.0 117.0 173.0
face 0.35 350.0 192.0 361.0 205.0
face 0.35 126.0 44.0 138.0 60.0
face 0.35 110.0 141.0 122.0 155.0
face 0.35 118.0 141.0 129.0 153.0
face 0.35 161.0 159.0 172.0 172.0
face 0.35 786.0 130.0 803.0 150.0
