face 1.00 158.0 198.0 205.0 259.0
face 1.00 247.0 178.0 291.0 231.0
face 1.00 457.0 181.0 505.0 240.0
face 1.00 125.0 438.0 183.0 517.0
face 1.00 254.0 360.0 311.0 432.0
face 1.00 658.0 310.0 698.0 354.0
face 1.00 611.0 299.0 648.0 341.0
face 1.00 876.0 168.0 918.0 216.0
face 1.00 515.0 381.0 559.0 450.0
face 1.00 555.0 331.0 586.0 369.0
face 1.00 578.0 142.0 610.0 186.0
face 1.00 731.0 135.0 798.0 219.0
face 1.00 502.0 186.0 534.0 231.0
face 0.93 660.0 202.0 680.0 229.0
face 0.75 717.0 179.0 761.0 232.0
face 0.64 701.0 184.0 715.0 204.0
face 0.63 150.0 193.0 177.0 224.0
face 0.62 757.0 493.0 771.0 511.0
face 0.51 623.0 223.0 645.0 248.0
face 0.46 387.0 184.0 399.0 198.0
face 0.45 356.0 556.0 369.0 572.0
face 0.40 433.0 165.0 443.0 177.0
face 0.40 407.0 184.0 418.0 196.0
face 0.39 680.0 218.0 705.0 246.0
face 0.39 250.0 615.0 274.0 642.0
face 0.38 742.0 364.0 757.0 383.0
face 0.36 603.0 123.0 616.0 139.0
face 0.35 613.0 140.0 630.0 159.0
face 0.35 680.0 221.0 691.0 237.0
face 0.35 422.0 183.0 434.0 196.0
