face 1.00 719.0 304.0 740.0 329.0
face 1.00 784.0 310.0 807.0 338.0
face 1.00 833.0 314.0 855.0 343.0
face 0.99 799.0 295.0 824.0 323.0
face 0.99 536.0 314.0 554.0 335.0
face 0.99 470.0 320.0 491.0 344.0
face 0.99 394.0 313.0 410.0 333.0
face 0.99 414.0 317.0 430.0 338.0
face 0.98 637.0 312.0 658.0 338.0
face 0.97 614.0 326.0 628.0 342.0
face 0.96 366.0 299.0 381.0 320.0
face 0.95 564.0 339.0 578.0 357.0
face 0.94 885.0 326.0 909.0 355.0
face 0.92 522.0 316.0 538.0 335.0
face 0.92 700.0 319.0 717.0 340.0
face 0.89 56.0 310.0 71.0 329.0
face 0.88 857.0 305.0 876.0 327.0
face 0.85 910.0 313.0 927.0 335.0
face 0.85 577.0 326.0 594.0 347.0
face 0.83 670.0 316.0 685.0 335.0
face 0.83 460.0 314.0 478.0 338.0
face 0.74 371.0 321.0 386.0 341.0
face 0.65 439.0 334.0 451.0 349.0
face 0.56 175.0 300.0 187.0 315.0
face 0.52 635.0 358.0 661.0 391.0
face 0.51 924.0 308.0 939.0 326.0
face 0.43 679.0 373.0 690.0 387.0
face 0.43 658.0 344.0 677.0 369.0
face 0.42 925.0 399.0 941.0 416.0
face 0.42 874.0 308.0 888.0 325.0
face 0.38 372.0 390.0 386.0 407.0
face 0.38 682.0 316.0 696.0 333.0
face 0.38 446.0 338.0 457.0 352.0
face 0.37 703.0 311.0 715.0 324.0
face 0.37 381.0 301.0 393.0 315.0
face 0.37 631.0 322.0 646.0 340.0
face 0.36 695.0 343.0 706.0 356.0
face 0.36 686.0 325.0 697.0 339.0
face 0.36 454.0 334.0 464.0 347.0
face 0.36 636.0 329.0 651.0 348.0
face 0.35 644.0 406.0 656.0 421.0
face 0.35 167.0 294.0 180.0 311.0
face 0.35 679.0 333.0 691.0 346.0
face 0.35 685.0 347.0 700.0 367.0
face 0.35 198.0 305.0 214.0 325.0
face 0.35 430.0 318.0 440.0 333.0
face 0.35 621.0 332.0 632.0 345.0
