face 1.00 488.0 136.0 530.0 182.0
face 0.99 231.0 191.0 253.0 215.0
face 0.99 746.0 108.0 773.0 138.0
face 0.97 412.0 145.0 443.0 178.0
face 0.96 330.0 182.0 344.0 198.0
face 0.84 44.0 226.0 59.0 244.0
face 0.81 62.0 215.0 76.0 231.0
face 0.75 105.0 206.0 121.0 227.0
face 0.71 572.0 137.0 605.0 173.0
face 0.54 459.0 360.0 488.0 399.0
face 0.53 216.0 192.0 227.0 206.0
face 0.51 825.0 198.0 838.0 214.0
face 0.48 997.0 0.0 1025.0 32.0
face 0.42 387.0 283.0 404.0 303.0
face 0.42 318.0 204.0 330.0 222.0
face 0.40 417.0 384.0 443.0 417.0
face 0.39 206.0 220.0 216.0 233.0
face 0.39 994.0 60.0 1026.0 120.0
face 0.38 551.0 145.0 567.0 165.0
face 0.38 450.0 193.0 468.0 212.0
face 0.38 677.0 83.0 692.0 102.0
face 0.37 343.0 195.0 357.0 212.0
face 0.37 381.0 139.0 396.0 156.0
face 0.37 786.0 203.0 802.0 225.0
face 0.36 766.0 149.0 782.0 168.0
face 0.36 770.0 217.0 787.0 239.0
face 0.36 370.0 250.0 394.0 279.0
face 0.36 775.0 195.0 789.0 212.0
face 0.36 396.0 174.0 410.0 191.0
face 0.36 334.0 198.0 346.0 212.0
face 0.36 543.0 482.0 558.0 504.0
face 0.36 78.0 222.0 89.0 234.0
face 0.36 42.0 291.0 58.0 310.0
face 0.36 462.0 169.0 487.0 198.0
face 0.36 476.0 357.0 490.0 376.0
face 0.36 772.0 213.0 784.0 227.0
face 0.36 838.0 195.0 852.0 212.0
face 0.36 748.0 260.0 763.0 278.0
face 0.36 222.0 214.0 232.0 226.0
face 0.36 215.0 214.0 227.0 228.0
face 0.35 72.0 278.0 82.0 290.0
face 0.35 399.0 165.0 410.0 178.0
face 0.35 76.0 292.0 89.0 307.0
face 0.35 95.0 205.0 109.0 222.0
face 0.35 96.0 270.0 106.0 282.0
face 0.35 45.0 287.0 56.0 300.0
face 0.35 229.0 332.0 244.0 351.0
face 0.35 92.0 189.0 106.0 206.0
face 0.35 47.0 254.0 57.0 265.0
