face 1.00 611.0 96.0 723.0 235.0
face 0.77 455.0 305.0 478.0 331.0
face 0.74 415.0 0.0 440.0 29.0
face 0.50 453.0 366.0 479.0 394.0
face 0.47 479.0 345.0 502.0 374.0
face 0.46 697.0 442.0 738.0 495.0
face 0.43 413.0 194.0 442.0 229.0
face 0.42 447.0 276.0 462.0 294.0
face 0.41 103.0 650.0 129.0 680.0
face 0.41 554.0 468.0 581.0 500.0
face 0.41 437.0 555.0 464.0 587.0
face 0.40 579.0 307.0 607.0 341.0
face 0.39 370.0 214.0 386.0 234.0
face 0.37 484.0 236.0 497.0 252.0
face 0.37 540.0 490.0 554.0 507.0
face 0.36 519.0 277.0 530.0 290.0
face 0.36 518.0 245.0 534.0 265.0
face 0.36 566.0 348.0 581.0 366.0
face 0.36 536.0 230.0 547.0 243.0
face 0.35 454.0 214.0 466.0 230.0
face 0.35 619.0 603.0 634.0 624.0
face 0.35 499.0 332.0 514.0 349.0
face 0.35 534.0 206.0 546.0 220.0
face 0.35 564.0 374.0 582.0 397.0
face 0.35 293.0 347.0 308.0 364.0
