face 1.00 279.0 195.0 320.0 245.0
face 1.00 670.0 203.0 711.0 255.0
face 1.00 96.0 205.0 148.0 267.0
face 1.00 534.0 198.0 575.0 249.0
face 1.00 822.0 299.0 850.0 332.0
face 1.00 765.0 277.0 798.0 316.0
face 0.99 852.0 309.0 879.0 341.0
face 0.97 7.0 381.0 31.0 411.0
face 0.96 302.0 310.0 332.0 347.0
face 0.95 645.0 416.0 668.0 442.0
face 0.94 424.0 127.0 484.0 195.0
face 0.91 882.0 326.0 900.0 347.0
face 0.73 763.0 454.0 779.0 474.0
face 0.59 440.0 380.0 453.0 395.0
face 0.53 201.0 1.0 257.0 62.0
face 0.45 469.0 225.0 484.0 244.0
face 0.44 99.0 433.0 113.0 451.0
face 0.43 569.0 293.0 595.0 329.0
face 0.42 366.0 236.0 377.0 251.0
face 0.41 484.0 225.0 500.0 243.0
face 0.41 838.0 377.0 863.0 409.0
face 0.41 750.0 305.0 762.0 320.0
face 0.40 942.0 414.0 955.0 430.0
face 0.40 776.0 383.0 799.0 411.0
face 0.38 692.0 413.0 704.0 428.0
face 0.37 213.0 461.0 224.0 474.0
face 0.37 901.0 332.0 918.0 350.0
face 0.37 506.0 323.0 523.0 343.0
face 0.37 942.0 424.0 957.0 442.0
face 0.37 775.0 349.0 789.0 369.0
face 0.36 173.0 450.0 189.0 469.0
face 0.36 856.0 357.0 869.0 373.0
face 0.36 807.0 457.0 822.0 474.0
face 0.36 911.0 422.0 924.0 437.0
face 0.36 610.0 403.0 637.0 434.0
face 0.36 746.0 394.0 761.0 413.0
face 0.36 743.0 430.0 754.0 443.0
face 0.36 485.0 150.0 495.0 164.0
face 0.36 911.0 365.0 921.0 377.0
face 0.36 392.0 335.0 402.0 346.0
face 0.36 929.0 381.0 938.0 392.0
face 0.36 936.0 398.0 946.0 410.0
face 0.36 646.0 414.0 659.0 429.0
face 0.35 143.0 501.0 153.0 514.0
face 0.35 893.0 318.0 905.0 332.0
face 0.35 419.0 266.0 432.0 284.0
face 0.35 495.0 263.0 506.0 276.0
face 0.35 126.0 295.0 139.0 310.0
face 0.35 894.0 325.0 905.0 340.0
face 0.35 937.0 414.0 947.0 426.0
face 0.35 908.0 335.0 924.0 356.0
face 0.35 135.0 494.0 145.0 505.0
face 0.35 910.0 414.0 921.0 426.0
face 0.35 886.0 357.0 897.0 370.0
