face 1.00 685.0 94.0 746.0 163.0
face 0.84 228.0 197.0 242.0 212.0
face 0.65 156.0 78.0 170.0 97.0
face 0.64 128.0 412.0 140.0 426.0
face 0.58 429.0 223.0 441.0 237.0
face 0.56 103.0 38.0 114.0 52.0
face 0.53 564.0 231.0 651.0 334.0
face 0.53 334.0 300.0 345.0 314.0
face 0.52 136.0 93.0 148.0 107.0
face 0.52 137.0 199.0 148.0 212.0
face 0.52 778.0 208.0 799.0 232.0
face 0.52 664.0 436.0 692.0 476.0
face 0.50 871.0 484.0 884.0 499.0
face 0.49 7.0 437.0 17.0 449.0
face 0.49 202.0 206.0 216.0 223.0
face 0.47 112.0 182.0 125.0 196.0
face 0.46 386.0 99.0 401.0 118.0
face 0.43 754.0 510.0 777.0 538.0
face 0.42 28.0 593.0 55.0 625.0
face 0.42 230.0 168.0 241.0 180.0
face 0.41 598.0 549.0 610.0 563.0
face 0.41 352.0 116.0 363.0 130.0
face 0.40 237.0 277.0 248.0 291.0
face 0.40 278.0 299.0 291.0 314.0
face 0.40 222.0 265.0 249.0 303.0
face 0.40 17.0 526.0 28.0 539.0
face 0.40 189.0 79.0 203.0 96.0
face 0.39 171.0 122.0 188.0 145.0
face 0.39 619.0 238.0 663.0 287.0
face 0.39 686.0 61.0 708.0 89.0
face 0.39 559.0 243.0 585.0 273.0
face 0.39 286.0 334.0 296.0 346.0
face 0.39 186.0 301.0 202.0 320.0
face 0.39 405.0 195.0 419.0 214.0
face 0.38 151.0 71.0 163.0 85.0
face 0.38 294.0 350.0 305.0 364.0
face 0.38 92.0 67.0 117.0 95.0
face 0.38 581.0 628.0 599.0 647.0
face 0.38 125.0 39.0 135.0 51.0
face 0.37 197.0 84.0 213.0 101.0
face 0.37 189.0 190.0 201.0 204.0
face 0.37 200.0 197.0 210.0 208.0
face 0.37 134.0 53.0 143.0 64.0
face 0.37 192.0 173.0 203.0 186.0
face 0.37 395.0 188.0 410.0 204.0
face 0.37 708.0 46.0 722.0 62.0
face 0.37 332.0 382.0 344.0 395.0
face 0.37 126.0 62.0 136.0 74.0
face 0.37 350.0 318.0 362.0 330.0
face 0.37 180.0 27.0 195.0 44.0
face 0.37 158.0 71.0 168.0 83.0
face 0.37 378.0 221.0 392.0 237.0
face 0.37 189.0 27.0 203.0 44.0
face 0.37 238.0 142.0 251.0 158.0
face 0.37 122.0 156.0 138.0 177.0
face 0.37 127.0 55.0 139.0 69.0
face 0.36 373.0 228.0 387.0 244.0
face 0.36 301.0 10.0 315.0 29.0
face 0.36 731.0 237.0 746.0 255.0
face 0.36 68.0 63.0 79.0 77.0
face 0.36 223.0 22.0 234.0 36.0
face 0.36 213.0 206.0 225.0 222.0
face 0.36 127.0 94.0 137.0 106.0
face 0.36 6.0 92.0 17.0 105.0
face 0.36 238.0 12.0 250.0 26.0
face 0.36 254.0 142.0 265.0 155.0
face 0.36 175.0 62.0 185.0 74.0
face 0.36 208.0 165.0 218.0 177.0
face 0.36 720.0 261.0 730.0 274.0
face 0.36 87.0 37.0 97.0 48.0
face 0.36 103.0 420.0 113.0 433.0
face 0.36 119.0 237.0 130.0 250.0
face 0.36 206.0 191.0 216.0 202.0
face 0.36 247.0 108.0 261.0 126.0
face 0.36 94.0 21.0 105.0 34.0
face 0.36 214.0 47.0 224.0 58.0
face 0.36 398.0 204.0 413.0 221.0
face 0.36 596.0 582.0 613.0 604.0
face 0.36 215.0 30.0 224.0 41.0
face 0.36 142.0 69.0 154.0 83.0
face 0.36 215.0 182.0 225.0 194.0
face 0.36 213.0 166.0 223.0 177.0
face 0.36 166.0 70.0 179.0 85.0
face 0.36 30.0 511.0 40.0 523.0
face 0.36 9.0 108.0 24.0 125.0
face 0.36 174.0 70.0 184.0 82.0
face 0.36 245.0 142.0 256.0 155.0
face 0.36 61.0 43.0 73.0 59.0
face 0.36 404.0 220.0 417.0 236.0
face 0.36 93.0 617.0 109.0 636.0
face 0.36 363.0 233.0 378.0 251.0
face 0.36 224.0 166.0 235.0 179.0
face 0.36 143.0 246.0 155.0 259.0
face 0.36 725.0 268.0 735.0 281.0
face 0.36 807.0 213.0 820.0 229.0
face 0.36 423.0 207.0 432.0 218.0
face 0.36 295.0 0.0 306.0 10.0
face 0.36 727.0 251.0 742.0 268.0
face 0.36 55.0 255.0 65.0 268.0
face 0.36 179.0 210.0 194.0 227.0
face 0.36 231.0 149.0 241.0 161.0
face 0.36 79.0 13.0 89.0 25.0
face 0.36 276.0 173.0 288.0 188.0
face 0.36 191.0 23.0 201.0 35.0
face 0.36 215.0 22.0 225.0 35.0
face 0.35 166.0 78.0 178.0 93.0
face 0.35 119.0 69.0 132.0 84.0
face 0.35 424.0 228.0 435.0 241.0
face 0.35 698.0 459.0 728.0 490.0
face 0.35 359.0 231.0 370.0 245.0
face 0.35 390.0 183.0 403.0 198.0
face 0.35 438.0 229.0 450.0 242.0
face 0.35 95.0 328.0 104.0 339.0
face 0.35 37.0 245.0 50.0 261.0
face 0.35 172.0 84.0 185.0 100.0
face 0.35 191.0 70.0 202.0 81.0
face 0.35 150.0 198.0 161.0 210.0
face 0.35 296.0 310.0 307.0 323.0
face 0.35 142.0 64.0 152.0 75.0
face 0.35 373.0 94.0 383.0 107.0
face 0.35 253.0 115.0 264.0 129.0
face 0.35 216.0 15.0 225.0 26.0
face 0.35 253.0 69.0 267.0 86.0
face 0.35 253.0 180.0 264.0 193.0
face 0.35 205.0 198.0 216.0 210.0
face 0.35 358.0 80.0 368.0 93.0
face 0.35 44.0 289.0 60.0 307.0
face 0.35 136.0 70.0 146.0 82.0
face 0.35 215.0 150.0 225.0 161.0
face 0.35 168.0 22.0 177.0 33.0
face 0.35 151.0 22.0 160.0 33.0
face 0.35 303.0 0.0 314.0 10.0
face 0.35 183.0 197.0 194.0 209.0
face 0.35 364.0 212.0 378.0 229.0
face 0.35 144.0 30.0 153.0 41.0
face 0.35 414.0 221.0 425.0 234.0
face 0.35 359.0 327.0 370.0 339.0
face 0.35 247.0 174.0 257.0 186.0
face 0.35 214.0 174.0 224.0 186.0
face 0.35 445.0 220.0 460.0 238.0
face 0.35 62.0 174.0 73.0 187.0
face 0.35 246.0 14.0 256.0 26.0
face 0.35 301.0 308.0 311.0 321.0
face 0.35 233.0 127.0 242.0 137.0
face 0.35 110.0 421.0 121.0 434.0
face 0.35 407.0 190.0 417.0 203.0
face 0.35 324.0 350.0 338.0 367.0
face 0.35 7.0 302.0 16.0 314.0
face 0.35 71.0 253.0 81.0 266.0
face 0.35 224.0 142.0 233.0 153.0
face 0.35 224.0 191.0 236.0 206.0
face 0.35 177.0 19.0 188.0 32.0
