face 0.99 475.0 415.0 497.0 440.0
face 0.96 79.0 423.0 108.0 460.0
face 0.76 860.0 340.0 953.0 442.0
face 0.74 429.0 417.0 445.0 437.0
face 0.64 328.0 292.0 352.0 321.0
face 0.59 585.0 412.0 605.0 438.0
face 0.57 737.0 515.0 753.0 535.0
face 0.53 509.0 160.0 596.0 247.0
face 0.44 389.0 414.0 400.0 426.0
face 0.41 61.0 393.0 76.0 413.0
face 0.41 404.0 427.0 421.0 447.0
face 0.39 230.0 406.0 243.0 422.0
face 0.39 252.0 438.0 267.0 455.0
face 0.39 865.0 371.0 908.0 417.0
face 0.38 509.0 742.0 535.0 772.0
face 0.38 211.0 412.0 228.0 431.0
face 0.38 457.0 430.0 467.0 442.0
face 0.38 387.0 420.0 400.0 435.0
face 0.38 528.0 371.0 570.0 415.0
face 0.38 342.0 286.0 386.0 333.0
face 0.37 222.0 412.0 234.0 428.0
face 0.37 414.0 428.0 425.0 443.0
face 0.37 912.0 384.0 937.0 415.0
face 0.36 447.0 429.0 459.0 444.0
face 0.36 940.0 433.0 953.0 450.0
face 0.36 517.0 574.0 529.0 588.0
face 0.36 117.0 331.0 130.0 347.0
face 0.36 756.0 926.0 767.0 938.0
face 0.36 431.0 439.0 441.0 451.0
face 0.36 237.0 420.0 249.0 433.0
face 0.36 50.0 438.0 72.0 465.0
face 0.36 445.0 421.0 459.0 436.0
face 0.36 385.0 429.0 394.0 441.0
face 0.36 949.0 351.0 971.0 381.0
face 0.36 204.0 626.0 220.0 648.0
face 0.36 908.0 367.0 925.0 387.0
face 0.36 213.0 408.0 225.0 421.0
face 0.36 581.0 443.0 593.0 458.0
face 0.36 375.0 420.0 384.0 432.0
face 0.35 437.0 414.0 448.0 428.0
face 0.35 162.0 728.0 180.0 751.0
face 0.35 447.0 438.0 457.0 450.0
face 0.35 556.0 400.0 571.0 418.0
face 0.35 302.0 781.0 314.0 796.0
face 0.35 322.0 926.0 332.0 939.0
face 0.35 266.0 403.0 282.0 421.0
face 0.35 310.0 654.0 320.0 665.0
face 0.35 507.0 411.0 522.0 428.0
face 0.35 461.0 403.0 473.0 419.0
face 0.35 197.0 403.0 210.0 420.0
face 0.35 565.0 435.0 577.0 450.0
face 0.35 462.0 413.0 475.0 429.0
face 0.35 374.0 440.0 384.0 450.0
face 0.35 598.0 410.0 609.0 426.0
