face 1.00 73.0 299.0 107.0 337.0
face 1.00 641.0 292.0 673.0 333.0
face 0.90 517.0 299.0 550.0 342.0
face 0.70 617.0 314.0 634.0 334.0
face 0.63 47.0 381.0 71.0 410.0
face 0.60 121.0 601.0 141.0 624.0
face 0.59 95.0 405.0 118.0 433.0
face 0.49 54.0 304.0 69.0 325.0
face 0.44 20.0 377.0 41.0 404.0
face 0.42 401.0 269.0 424.0 296.0
face 0.42 44.0 324.0 58.0 344.0
face 0.36 126.0 507.0 141.0 526.0
face 0.36 398.0 119.0 409.0 133.0
face 0.36 572.0 349.0 604.0 391.0
face 0.35 517.0 557.0 533.0 576.0
face 0.35 77.0 407.0 91.0 423.0
