face 0.64 647.0 320.0 719.0 407.0
face 0.64 100.0 1503.0 146.0 1555.0
face 0.60 602.0 416.0 651.0 469.0
face 0.58 525.0 693.0 577.0 755.0
face 0.56 547.0 457.0 587.0 506.0
face 0.53 580.0 606.0 616.0 650.0
face 0.52 799.0 149.0 895.0 263.0
face 0.45 588.0 1210.0 615.0 1240.0
face 0.45 5.0 1396.0 49.0 1449.0
face 0.39 498.0 951.0 530.0 987.0
face 0.38 410.0 559.0 437.0 588.0
face 0.37 115.0 1883.0 134.0 1905.0
face 0.37 112.0 1397.0 152.0 1440.0
face 0.36 500.0 806.0 515.0 824.0
face 0.35 699.0 360.0 715.0 381.0
