face 0.98 859.0 156.0 897.0 208.0
face 0.90 739.0 147.0 778.0 193.0
face 0.77 74.0 316.0 95.0 341.0
face 0.74 452.0 140.0 487.0 186.0
face 0.68 26.0 80.0 74.0 163.0
face 0.65 686.0 49.0 701.0 69.0
face 0.61 720.0 140.0 752.0 187.0
face 0.60 23.0 243.0 54.0 278.0
face 0.57 1010.0 367.0 1023.0 383.0
face 0.57 193.0 365.0 226.0 400.0
face 0.49 117.0 398.0 129.0 413.0
face 0.47 143.0 328.0 164.0 353.0
face 0.45 680.0 434.0 712.0 470.0
face 0.44 787.0 408.0 804.0 430.0
face 0.44 214.0 205.0 225.0 219.0
face 0.43 517.0 167.0 528.0 179.0
face 0.42 18.0 92.0 36.0 115.0
face 0.41 295.0 100.0 306.0 114.0
face 0.40 412.0 111.0 423.0 123.0
face 0.40 1003.0 390.0 1020.0 409.0
face 0.39 86.0 198.0 97.0 211.0
face 0.39 589.0 76.0 600.0 89.0
face 0.39 320.0 80.0 331.0 93.0
face 0.39 889.0 132.0 901.0 148.0
face 0.38 1009.0 219.0 1022.0 234.0
face 0.38 728.0 743.0 750.0 767.0
face 0.38 248.0 183.0 257.0 195.0
face 0.38 984.0 365.0 994.0 376.0
face 0.38 152.0 102.0 161.0 113.0
face 0.37 901.0 140.0 913.0 155.0
face 0.37 910.0 133.0 920.0 145.0
face 0.37 892.0 127.0 904.0 140.0
face 0.37 901.0 126.0 915.0 141.0
face 0.37 734.0 541.0 747.0 556.0
face 0.37 544.0 333.0 562.0 354.0
face 0.37 854.0 173.0 865.0 187.0
face 0.37 102.0 246.0 111.0 258.0
face 0.36 688.0 40.0 699.0 53.0
face 0.36 408.0 116.0 418.0 129.0
face 0.36 447.0 373.0 458.0 387.0
face 0.36 965.0 384.0 976.0 396.0
face 0.36 902.0 119.0 912.0 131.0
face 0.36 676.0 373.0 691.0 389.0
face 0.36 348.0 330.0 363.0 349.0
face 0.36 905.0 134.0 915.0 147.0
face 0.36 728.0 540.0 738.0 554.0
face 0.36 926.0 141.0 937.0 154.0
face 0.36 975.0 368.0 985.0 379.0
face 0.36 966.0 423.0 975.0 433.0
face 0.36 894.0 118.0 907.0 132.0
face 0.36 1000.0 373.0 1009.0 384.0
face 0.36 191.0 215.0 201.0 226.0
face 0.36 96.0 382.0 107.0 396.0
face 0.36 592.0 54.0 602.0 65.0
face 0.36 128.0 246.0 138.0 257.0
face 0.36 448.0 141.0 459.0 155.0
face 0.36 122.0 255.0 131.0 265.0
face 0.36 95.0 286.0 104.0 298.0
face 0.36 582.0 142.0 592.0 154.0
face 0.36 255.0 103.0 264.0 115.0
face 0.36 398.0 111.0 407.0 122.0
face 0.36 999.0 394.0 1010.0 408.0
face 0.36 262.0 330.0 276.0 344.0
face 0.35 439.0 158.0 449.0 171.0
face 0.35 614.0 48.0 623.0 59.0
face 0.35 432.0 117.0 442.0 129.0
face 0.35 408.0 101.0 417.0 113.0
face 0.35 976.0 398.0 985.0 409.0
face 0.35 478.0 347.0 495.0 366.0
face 0.35 134.0 109.0 144.0 122.0
face 0.35 310.0 198.0 321.0 210.0
face 0.35 608.0 53.0 617.0 65.0
face 0.35 716.0 533.0 732.0 553.0
face 0.35 599.0 53.0 609.0 64.0
face 0.35 424.0 127.0 434.0 138.0
face 0.35 918.0 127.0 930.0 140.0
face 0.35 359.0 29.0 370.0 42.0
face 0.35 199.0 214.0 209.0 226.0
face 0.35 977.0 392.0 986.0 403.0
face 0.35 591.0 61.0 600.0 73.0
face 0.35 974.0 286.0 984.0 298.0
face 0.35 600.0 70.0 609.0 81.0
face 0.35 437.0 110.0 447.0 123.0
face 0.35 566.0 142.0 575.0 153.0
face 0.35 987.0 358.0 998.0 371.0
face 0.35 576.0 52.0 586.0 63.0
face 0.35 952.0 430.0 962.0 441.0
face 0.35 982.0 383.0 992.0 395.0
face 0.35 279.0 204.0 290.0 218.0
