face 1.00 368.0 623.0 457.0 736.0
face 0.77 747.0 726.0 763.0 746.0
face 0.60 154.0 43.0 406.0 315.0
face 0.54 932.0 790.0 953.0 816.0
face 0.46 122.0 501.0 222.0 633.0
face 0.46 622.0 812.0 634.0 826.0
face 0.44 392.0 701.0 417.0 729.0
face 0.43 639.0 627.0 650.0 642.0
face 0.41 632.0 747.0 647.0 766.0
face 0.39 164.0 759.0 174.0 771.0
face 0.39 685.0 719.0 696.0 733.0
face 0.38 188.0 752.0 200.0 764.0
face 0.38 802.0 739.0 818.0 758.0
face 0.38 908.0 1217.0 925.0 1239.0
face 0.38 487.0 724.0 499.0 738.0
face 0.38 488.0 709.0 499.0 721.0
face 0.37 757.0 703.0 773.0 719.0
face 0.37 494.0 725.0 505.0 738.0
face 0.37 461.0 709.0 476.0 726.0
face 0.36 451.0 725.0 466.0 742.0
face 0.36 696.0 735.0 707.0 747.0
face 0.36 894.0 735.0 904.0 748.0
face 0.36 611.0 564.0 626.0 584.0
face 0.36 990.0 1228.0 1002.0 1242.0
face 0.36 500.0 725.0 512.0 739.0
face 0.36 622.0 724.0 632.0 738.0
face 0.36 671.0 721.0 681.0 732.0
face 0.36 482.0 726.0 491.0 737.0
face 0.36 607.0 767.0 617.0 779.0
face 0.36 783.0 744.0 793.0 756.0
face 0.35 493.0 710.0 503.0 722.0
face 0.35 727.0 734.0 738.0 746.0
face 0.35 659.0 810.0 675.0 829.0
face 0.35 600.0 755.0 611.0 768.0
face 0.35 1014.0 1213.0 1024.0 1227.0
face 0.35 680.0 724.0 690.0 736.0
face 0.35 142.0 742.0 153.0 754.0
face 0.35 1007.0 1221.0 1021.0 1239.0
face 0.35 141.0 756.0 156.0 773.0
face 0.35 781.0 953.0 795.0 969.0
face 0.35 686.0 740.0 698.0 754.0
face 0.35 696.0 711.0 705.0 722.0
face 0.35 782.0 760.0 793.0 771.0
face 0.35 487.0 733.0 498.0 745.0
face 0.35 906.0 1067.0 921.0 1084.0
face 0.35 434.0 360.0 452.0 382.0
face 0.35 768.0 725.0 778.0 738.0
face 0.35 480.0 694.0 489.0 705.0
face 0.35 1000.0 1206.0 1010.0 1218.0
face 0.35 776.0 759.0 786.0 771.0
face 0.35 470.0 741.0 480.0 753.0
face 0.35 480.0 720.0 489.0 732.0
face 0.35 134.0 757.0 147.0 773.0
face 0.35 462.0 702.0 474.0 714.0
face 0.35 702.0 694.0 711.0 705.0
face 0.35 752.0 703.0 762.0 714.0
face 0.35 702.0 726.0 711.0 738.0
face 0.35 503.0 694.0 516.0 709.0
face 0.35 512.0 743.0 522.0 754.0
