face 1.00 469.0 645.0 583.0 805.0
face 1.00 950.0 853.0 1012.0 946.0
face 1.00 878.0 1136.0 973.0 1277.0
face 1.00 840.0 538.0 865.0 571.0
face 1.00 79.0 854.0 155.0 968.0
face 1.00 586.0 631.0 625.0 678.0
face 1.00 298.0 435.0 321.0 461.0
face 1.00 196.0 560.0 228.0 599.0
face 1.00 585.0 90.0 602.0 110.0
face 1.00 148.0 869.0 201.0 948.0
face 0.99 923.0 235.0 938.0 253.0
face 0.99 144.0 670.0 203.0 739.0
face 0.99 651.0 584.0 676.0 618.0
face 0.99 925.0 691.0 965.0 739.0
face 0.99 979.0 664.0 1016.0 706.0
face 0.97 865.0 355.0 881.0 374.0
face 0.97 84.0 204.0 101.0 223.0
face 0.97 871.0 224.0 885.0 242.0
face 0.97 875.0 134.0 894.0 158.0
face 0.96 602.0 508.0 626.0 536.0
face 0.96 854.0 238.0 867.0 254.0
face 0.96 519.0 38.0 531.0 52.0
face 0.96 210.0 666.0 246.0 710.0
face 0.96 972.0 299.0 986.0 317.0
face 0.95 92.0 574.0 127.0 618.0
face 0.95 819.0 119.0 832.0 135.0
face 0.95 630.0 53.0 646.0 72.0
face 0.94 4.0 563.0 50.0 613.0
face 0.94 139.0 213.0 152.0 229.0
face 0.93 545.0 600.0 578.0 637.0
face 0.93 604.0 53.0 617.0 68.0
face 0.92 958.0 204.0 974.0 222.0
face 0.92 162.0 221.0 175.0 236.0
face 0.92 881.0 404.0 897.0 423.0
face 0.91 484.0 70.0 495.0 85.0
face 0.91 804.0 142.0 815.0 156.0
face 0.91 804.0 419.0 828.0 446.0
face 0.91 75.0 241.0 91.0 259.0
face 0.91 833.0 325.0 849.0 344.0
face 0.91 186.0 407.0 218.0 445.0
face 0.90 876.0 8.0 890.0 25.0
face 0.90 159.0 529.0 188.0 561.0
face 0.89 941.0 172.0 954.0 189.0
face 0.89 8.0 78.0 22.0 95.0
face 0.89 291.0 282.0 305.0 302.0
face 0.88 984.0 53.0 996.0 67.0
face 0.88 26.0 295.0 45.0 318.0
face 0.88 208.0 300.0 233.0 329.0
face 0.88 110.0 39.0 127.0 60.0
face 0.87 924.0 173.0 936.0 188.0
face 0.86 845.0 47.0 856.0 61.0
face 0.86 840.0 146.0 853.0 163.0
face 0.86 336.0 30.0 350.0 46.0
face 0.85 884.0 69.0 895.0 83.0
face 0.85 955.0 109.0 966.0 123.0
face 0.85 1008.0 339.0 1023.0 359.0
face 0.85 571.0 49.0 585.0 66.0
face 0.85 126.0 12.0 138.0 26.0
face 0.84 704.0 110.0 719.0 128.0
face 0.84 936.0 270.0 960.0 298.0
face 0.83 87.0 15.0 102.0 32.0
face 0.83 406.0 117.0 421.0 135.0
face 0.83 260.0 340.0 287.0 376.0
face 0.83 302.0 108.0 316.0 125.0
face 0.80 748.0 115.0 762.0 130.0
face 0.80 168.0 89.0 184.0 108.0
face 0.80 53.0 269.0 71.0 288.0
face 0.80 324.0 87.0 346.0 114.0
face 0.80 881.0 297.0 902.0 319.0
face 0.80 245.0 31.0 260.0 48.0
face 0.79 38.0 124.0 55.0 145.0
face 0.78 780.0 281.0 793.0 296.0
face 0.78 182.0 68.0 194.0 83.0
face 0.76 963.0 236.0 976.0 255.0
face 0.76 921.0 310.0 937.0 328.0
face 0.76 659.0 43.0 672.0 59.0
face 0.75 142.0 262.0 159.0 283.0
face 0.75 6.0 196.0 22.0 218.0
face 0.74 356.0 48.0 368.0 63.0
face 0.74 209.0 361.0 236.0 392.0
face 0.73 497.0 590.0 521.0 619.0
face 0.73 221.0 227.0 236.0 244.0
face 0.73 819.0 544.0 839.0 566.0
face 0.72 916.0 387.0 931.0 405.0
face 0.72 209.0 87.0 232.0 115.0
face 0.72 684.0 63.0 697.0 78.0
face 0.72 199.0 133.0 212.0 150.0
face 0.71 915.0 154.0 926.0 168.0
face 0.71 848.0 428.0 858.0 440.0
face 0.71 334.0 1.0 349.0 14.0
face 0.70 33.0 390.0 53.0 416.0
face 0.70 201.0 99.0 215.0 116.0
face 0.69 204.0 237.0 218.0 255.0
face 0.68 386.0 80.0 402.0 100.0
face 0.68 670.0 87.0 691.0 115.0
face 0.68 429.0 65.0 445.0 84.0
face 0.68 550.0 28.0 564.0 43.0
face 0.68 143.0 16.0 156.0 31.0
face 0.68 21.0 22.0 34.0 38.0
face 0.67 128.0 123.0 147.0 145.0
face 0.67 934.0 114.0 948.0 131.0
face 0.66 844.0 463.0 858.0 478.0
face 0.65 351.0 103.0 364.0 119.0
face 0.65 760.0 86.0 772.0 100.0
face 0.65 892.0 176.0 904.0 191.0
face 0.65 778.0 384.0 792.0 403.0
face 0.64 518.0 93.0 531.0 109.0
face 0.64 112.0 354.0 137.0 384.0
face 0.63 58.0 616.0 82.0 653.0
face 0.63 440.0 18.0 453.0 33.0
face 0.63 956.0 455.0 975.0 477.0
face 0.63 1013.0 59.0 1024.0 75.0
face 0.63 191.0 305.0 216.0 335.0
face 0.62 61.0 503.0 89.0 541.0
face 0.62 575.0 1206.0 615.0 1245.0
face 0.62 773.0 8.0 785.0 23.0
face 0.62 428.0 109.0 450.0 136.0
face 0.61 894.0 490.0 906.0 506.0
face 0.61 43.0 328.0 59.0 347.0
face 0.61 812.0 807.0 848.0 853.0
face 0.60 57.0 561.0 79.0 588.0
face 0.59 475.0 9.0 489.0 27.0
face 0.59 383.0 34.0 396.0 49.0
face 0.58 918.0 654.0 930.0 669.0
face 0.58 997.0 597.0 1015.0 622.0
face 0.57 71.0 21.0 82.0 33.0
face 0.57 687.0 111.0 698.0 125.0
face 0.57 622.0 84.0 632.0 96.0
face 0.57 890.0 242.0 902.0 256.0
face 0.57 816.0 18.0 830.0 38.0
face 0.56 283.0 39.0 297.0 56.0
face 0.56 783.0 119.0 796.0 135.0
face 0.55 788.0 651.0 808.0 681.0
face 0.54 360.0 127.0 372.0 142.0
face 0.54 320.0 51.0 334.0 68.0
face 0.54 995.0 201.0 1008.0 217.0
face 0.54 883.0 157.0 896.0 172.0
face 0.54 976.0 38.0 986.0 51.0
face 0.54 302.0 9.0 314.0 22.0
face 0.53 639.0 6.0 649.0 17.0
face 0.53 856.0 71.0 868.0 85.0
face 0.53 877.0 628.0 889.0 642.0
face 0.53 739.0 81.0 756.0 104.0
face 0.53 72.0 47.0 83.0 60.0
face 0.53 836.0 513.0 849.0 529.0
face 0.52 43.0 219.0 64.0 246.0
face 0.52 347.0 140.0 361.0 156.0
face 0.52 546.0 60.0 562.0 79.0
face 0.52 401.0 59.0 412.0 73.0
face 0.52 982.0 38.0 992.0 49.0
face 0.52 283.0 369.0 299.0 388.0
face 0.52 788.0 21.0 802.0 39.0
face 0.51 982.0 83.0 993.0 97.0
face 0.51 918.0 45.0 929.0 58.0
face 0.51 746.0 69.0 760.0 85.0
face 0.51 862.0 174.0 874.0 188.0
face 0.51 864.0 262.0 876.0 277.0
face 0.50 904.0 56.0 915.0 69.0
face 0.49 45.0 4.0 64.0 29.0
face 0.49 965.0 127.0 977.0 142.0
face 0.49 704.0 48.0 719.0 67.0
face 0.49 465.0 51.0 477.0 66.0
face 0.49 560.0 6.0 573.0 21.0
face 0.48 737.0 94.0 754.0 115.0
face 0.48 16.0 530.0 31.0 550.0
face 0.48 902.0 129.0 923.0 157.0
face 0.48 62.0 254.0 78.0 272.0
face 0.48 231.0 404.0 263.0 437.0
face 0.48 876.0 91.0 889.0 107.0
face 0.48 829.0 48.0 839.0 60.0
face 0.48 822.0 1222.0 882.0 1314.0
face 0.47 977.0 77.0 989.0 92.0
face 0.47 837.0 7.0 848.0 20.0
face 0.47 915.0 1344.0 937.0 1366.0
face 0.47 930.0 409.0 941.0 424.0
face 0.46 689.0 1158.0 699.0 1171.0
face 0.46 675.0 633.0 690.0 655.0
face 0.46 480.0 56.0 490.0 69.0
face 0.46 845.0 162.0 858.0 179.0
face 0.46 799.0 127.0 809.0 139.0
face 0.46 648.0 102.0 660.0 117.0
face 0.46 630.0 110.0 641.0 123.0
face 0.46 904.0 378.0 943.0 428.0
face 0.46 58.0 164.0 75.0 186.0
face 0.45 1011.0 303.0 1023.0 322.0
face 0.45 175.0 35.0 189.0 52.0
face 0.45 189.0 274.0 201.0 288.0
face 0.45 918.0 187.0 931.0 204.0
face 0.45 793.0 93.0 803.0 106.0
face 0.44 23.0 127.0 33.0 139.0
face 0.44 973.0 284.0 985.0 299.0
face 0.44 662.0 37.0 674.0 52.0
face 0.44 253.0 157.0 271.0 181.0
face 0.43 839.0 454.0 849.0 467.0
face 0.43 850.0 273.0 868.0 294.0
face 0.43 927.0 11.0 940.0 26.0
face 0.43 670.0 1188.0 685.0 1205.0
face 0.43 95.0 243.0 108.0 260.0
face 0.43 54.0 150.0 63.0 162.0
face 0.42 501.0 98.0 513.0 113.0
face 0.42 902.0 35.0 914.0 49.0
face 0.42 208.0 78.0 218.0 91.0
face 0.42 981.0 525.0 1000.0 554.0
face 0.42 953.0 630.0 982.0 667.0
face 0.42 86.0 87.0 98.0 102.0
face 0.42 1006.0 365.0 1020.0 384.0
face 0.42 -1.0 139.0 9.0 156.0
face 0.42 238.0 706.0 251.0 724.0
face 0.42 549.0 118.0 564.0 136.0
face 0.42 845.0 30.0 856.0 43.0
face 0.41 431.0 21.0 441.0 34.0
face 0.41 1014.0 326.0 1024.0 341.0
face 0.41 506.0 58.0 524.0 78.0
face 0.41 634.0 24.0 645.0 37.0
face 0.41 902.0 88.0 913.0 101.0
face 0.41 442.0 550.0 458.0 569.0
face 0.41 374.0 50.0 388.0 67.0
face 0.41 614.0 42.0 625.0 56.0
face 0.40 194.0 190.0 217.0 219.0
face 0.40 272.0 83.0 285.0 98.0
face 0.40 58.0 718.0 84.0 745.0
face 0.40 779.0 700.0 796.0 720.0
face 0.40 700.0 594.0 715.0 613.0
face 0.40 610.0 120.0 630.0 144.0
face 0.40 717.0 72.0 728.0 86.0
face 0.40 701.0 91.0 712.0 104.0
face 0.40 619.0 115.0 635.0 133.0
face 0.40 736.0 570.0 749.0 587.0
face 0.40 934.0 28.0 947.0 45.0
face 0.40 802.0 264.0 817.0 284.0
face 0.40 591.0 9.0 601.0 22.0
face 0.40 853.0 120.0 867.0 137.0
face 0.39 758.0 16.0 768.0 28.0
face 0.39 885.0 40.0 895.0 53.0
face 0.39 799.0 133.0 811.0 149.0
face 0.39 107.0 387.0 124.0 407.0
face 0.39 847.0 69.0 857.0 81.0
face 0.39 37.0 260.0 50.0 277.0
face 0.39 184.0 812.0 197.0 830.0
face 0.39 904.0 142.0 916.0 155.0
face 0.39 451.0 2.0 465.0 17.0
face 0.39 126.0 315.0 139.0 330.0
face 0.38 44.0 155.0 68.0 184.0
face 0.38 961.0 21.0 976.0 37.0
face 0.38 808.0 55.0 818.0 68.0
face 0.38 590.0 29.0 602.0 43.0
face 0.38 351.0 36.0 361.0 50.0
face 0.38 896.0 55.0 907.0 69.0
face 0.38 918.0 556.0 929.0 571.0
face 0.38 468.0 46.0 478.0 58.0
face 0.38 982.0 213.0 997.0 230.0
face 0.38 965.0 37.0 978.0 52.0
face 0.38 661.0 32.0 672.0 44.0
face 0.38 317.0 67.0 331.0 82.0
face 0.38 464.0 39.0 474.0 51.0
face 0.38 881.0 652.0 907.0 687.0
face 0.38 58.0 36.0 72.0 53.0
face 0.38 883.0 196.0 897.0 214.0
face 0.38 869.0 820.0 881.0 836.0
face 0.38 219.0 356.0 235.0 378.0
face 0.38 517.0 12.0 531.0 29.0
face 0.38 399.0 45.0 409.0 57.0
face 0.38 139.0 76.0 158.0 97.0
face 0.38 930.0 343.0 954.0 368.0
face 0.38 448.0 46.0 458.0 57.0
face 0.38 829.0 572.0 843.0 589.0
face 0.38 756.0 36.0 772.0 53.0
face 0.38 263.0 95.0 274.0 108.0
face 0.38 590.0 18.0 605.0 36.0
face 0.38 133.0 388.0 145.0 403.0
face 0.38 617.0 111.0 628.0 123.0
face 0.38 148.0 103.0 169.0 127.0
face 0.38 903.0 21.0 913.0 33.0
face 0.38 839.0 699.0 877.0 749.0
face 0.38 127.0 42.0 141.0 60.0
face 0.37 949.0 30.0 959.0 43.0
face 0.37 470.0 19.0 482.0 34.0
face 0.37 140.0 318.0 151.0 332.0
face 0.37 214.0 229.0 225.0 242.0
face 0.37 159.0 972.0 174.0 993.0
face 0.37 878.0 271.0 890.0 284.0
face 0.37 983.0 226.0 998.0 245.0
face 0.37 868.0 275.0 885.0 292.0
face 0.37 759.0 102.0 770.0 115.0
face 0.37 909.0 70.0 921.0 84.0
face 0.37 972.0 130.0 988.0 147.0
face 0.37 831.0 235.0 844.0 250.0
face 0.37 903.0 45.0 914.0 58.0
face 0.37 495.0 95.0 507.0 109.0
face 0.37 413.0 21.0 424.0 33.0
face 0.37 819.0 506.0 833.0 524.0
face 0.37 765.0 101.0 777.0 114.0
face 0.37 599.0 29.0 609.0 40.0
face 0.37 449.0 40.0 458.0 51.0
face 0.37 181.0 253.0 194.0 267.0
face 0.37 670.0 54.0 680.0 68.0
face 0.37 798.0 68.0 811.0 85.0
face 0.37 453.0 64.0 463.0 76.0
face 0.37 188.0 255.0 199.0 269.0
face 0.37 158.0 95.0 169.0 108.0
face 0.37 207.0 231.0 218.0 245.0
face 0.37 927.0 78.0 938.0 90.0
face 0.37 622.0 23.0 632.0 34.0
face 0.37 454.0 46.0 463.0 56.0
face 0.37 671.0 79.0 683.0 92.0
face 0.37 951.0 71.0 963.0 85.0
face 0.37 975.0 214.0 985.0 228.0
face 0.37 326.0 38.0 337.0 51.0
face 0.37 1000.0 230.0 1023.0 259.0
face 0.37 638.0 110.0 648.0 122.0
face 0.37 940.0 133.0 954.0 148.0
face 0.37 910.0 31.0 920.0 43.0
face 0.37 743.0 62.0 755.0 75.0
face 0.37 967.0 55.0 978.0 68.0
face 0.37 90.0 195.0 107.0 216.0
face 0.37 501.0 43.0 514.0 58.0
face 0.37 696.0 86.0 708.0 100.0
face 0.37 766.0 79.0 776.0 91.0
face 0.37 80.0 286.0 94.0 303.0
face 0.37 334.0 62.0 346.0 77.0
face 0.37 886.0 87.0 896.0 100.0
face 0.37 453.0 31.0 463.0 43.0
face 0.37 959.0 39.0 970.0 52.0
face 0.37 647.0 115.0 661.0 132.0
face 0.37 869.0 269.0 881.0 283.0
face 0.37 838.0 255.0 848.0 268.0
face 0.37 865.0 54.0 874.0 65.0
face 0.37 685.0 83.0 698.0 100.0
face 0.37 176.0 246.0 188.0 262.0
face 0.37 551.0 14.0 561.0 26.0
face 0.37 944.0 91.0 956.0 106.0
face 0.37 903.0 388.0 913.0 400.0
face 0.37 621.0 39.0 632.0 51.0
face 0.37 879.0 262.0 889.0 274.0
face 0.37 647.0 38.0 658.0 52.0
face 0.37 132.0 14.0 146.0 28.0
face 0.37 887.0 54.0 897.0 66.0
face 0.37 470.0 39.0 479.0 51.0
face 0.36 583.0 30.0 594.0 42.0
face 0.36 880.0 55.0 890.0 67.0
face 0.36 526.0 69.0 537.0 84.0
face 0.36 210.0 261.0 228.0 278.0
face 0.36 632.0 94.0 641.0 106.0
face 0.36 454.0 39.0 463.0 50.0
face 0.36 614.0 101.0 625.0 114.0
face 0.36 775.0 107.0 787.0 122.0
face 0.36 997.0 70.0 1007.0 84.0
face 0.36 986.0 274.0 1003.0 293.0
face 0.36 391.0 3.0 403.0 19.0
face 0.36 951.0 36.0 961.0 50.0
face 0.36 903.0 70.0 914.0 82.0
face 0.36 464.0 22.0 476.0 36.0
face 0.36 917.0 18.0 929.0 33.0
face 0.36 464.0 59.0 475.0 72.0
face 0.36 805.0 60.0 817.0 76.0
face 0.36 991.0 38.0 1000.0 49.0
face 0.36 103.0 601.0 118.0 621.0
face 0.36 535.0 68.0 547.0 84.0
face 0.36 908.0 18.0 923.0 35.0
face 0.36 340.0 59.0 354.0 75.0
face 0.36 389.0 519.0 403.0 538.0
face 0.36 904.0 79.0 914.0 90.0
face 0.36 292.0 364.0 308.0 381.0
face 0.36 126.0 395.0 140.0 413.0
face 0.36 751.0 55.0 761.0 69.0
face 0.36 447.0 53.0 459.0 67.0
face 0.36 981.0 382.0 1024.0 441.0
face 0.36 487.0 39.0 497.0 50.0
face 0.36 656.0 29.0 667.0 41.0
face 0.36 88.0 187.0 99.0 199.0
face 0.36 587.0 75.0 601.0 92.0
face 0.36 981.0 198.0 991.0 210.0
face 0.36 424.0 29.0 435.0 41.0
face 0.36 637.0 36.0 649.0 50.0
face 0.36 869.0 53.0 880.0 66.0
face 0.36 836.0 123.0 848.0 137.0
face 0.36 996.0 164.0 1007.0 180.0
face 0.36 469.0 66.0 482.0 83.0
face 0.36 631.0 47.0 643.0 60.0
face 0.36 871.0 79.0 882.0 91.0
face 0.36 842.0 591.0 856.0 606.0
face 0.36 496.0 40.0 506.0 51.0
face 0.36 298.0 569.0 313.0 588.0
face 0.36 911.0 174.0 921.0 186.0
face 0.36 894.0 631.0 909.0 649.0
face 0.36 85.0 229.0 98.0 246.0
face 0.36 824.0 64.0 834.0 76.0
face 0.36 880.0 62.0 890.0 74.0
face 0.36 87.0 255.0 98.0 266.0
face 0.36 134.0 39.0 145.0 52.0
face 0.36 55.0 32.0 67.0 46.0
face 0.36 694.0 64.0 704.0 76.0
face 0.36 767.0 21.0 777.0 34.0
face 0.36 78.0 20.0 88.0 33.0
face 0.36 727.0 93.0 737.0 106.0
face 0.36 864.0 47.0 874.0 58.0
face 0.36 881.0 44.0 891.0 56.0
face 0.36 912.0 47.0 923.0 60.0
face 0.36 967.0 86.0 977.0 98.0
face 0.36 464.0 31.0 474.0 42.0
face 0.36 584.0 36.0 595.0 49.0
face 0.36 840.0 70.0 850.0 81.0
face 0.36 310.0 38.0 321.0 51.0
face 0.36 885.0 -1.0 898.0 11.0
face 0.36 684.0 33.0 698.0 51.0
face 0.36 455.0 54.0 465.0 65.0
face 0.36 806.0 125.0 816.0 138.0
face 0.36 783.0 110.0 794.0 123.0
face 0.36 325.0 66.0 338.0 81.0
face 0.36 439.0 47.0 448.0 57.0
face 0.36 663.0 13.0 674.0 26.0
face 0.36 367.0 52.0 378.0 66.0
face 0.36 975.0 31.0 986.0 44.0
face 0.36 148.0 230.0 163.0 247.0
face 0.36 439.0 40.0 449.0 51.0
face 0.36 894.0 46.0 904.0 58.0
face 0.36 469.0 28.0 480.0 42.0
face 0.36 62.0 31.0 73.0 44.0
face 0.36 464.0 15.0 473.0 26.0
face 0.36 825.0 53.0 835.0 64.0
face 0.36 84.0 54.0 99.0 69.0
face 0.36 758.0 32.0 769.0 44.0
face 0.36 1006.0 430.0 1019.0 446.0
face 0.36 815.0 252.0 827.0 266.0
face 0.36 910.0 38.0 921.0 49.0
face 0.36 175.0 78.0 184.0 90.0
face 0.36 924.0 372.0 939.0 391.0
face 0.36 870.0 47.0 879.0 58.0
face 0.36 1011.0 633.0 1024.0 655.0
face 0.36 967.0 120.0 976.0 132.0
face 0.36 566.0 37.0 577.0 51.0
face 0.36 366.0 39.0 376.0 50.0
face 0.36 854.0 63.0 865.0 75.0
face 0.36 543.0 69.0 554.0 82.0
face 0.36 327.0 23.0 337.0 36.0
face 0.36 767.0 31.0 778.0 43.0
face 0.36 752.0 94.0 762.0 107.0
face 0.36 311.0 54.0 322.0 68.0
face 0.36 680.0 30.0 690.0 41.0
face 0.36 431.0 36.0 443.0 50.0
face 0.36 668.0 31.0 680.0 45.0
face 0.36 967.0 221.0 978.0 234.0
face 0.36 917.0 70.0 929.0 84.0
face 0.36 782.0 103.0 792.0 115.0
face 0.36 215.0 237.0 226.0 250.0
face 0.36 581.0 23.0 592.0 36.0
face 0.36 237.0 681.0 251.0 699.0
face 0.36 526.0 93.0 537.0 106.0
face 0.36 928.0 528.0 938.0 540.0
face 0.36 854.0 165.0 865.0 178.0
face 0.36 749.0 62.0 760.0 75.0
face 0.36 983.0 31.0 994.0 43.0
face 0.36 846.0 413.0 857.0 428.0
face 0.36 108.0 821.0 123.0 839.0
face 0.36 876.0 877.0 888.0 891.0
face 0.36 950.0 212.0 961.0 226.0
face 0.36 905.0 126.0 916.0 139.0
face 0.36 750.0 133.0 763.0 151.0
face 0.36 871.0 70.0 881.0 82.0
face 0.36 168.0 79.0 178.0 91.0
face 0.36 823.0 159.0 835.0 173.0
face 0.36 448.0 68.0 460.0 81.0
face 0.36 406.0 45.0 416.0 56.0
face 0.36 267.0 92.0 282.0 108.0
face 0.36 86.0 262.0 100.0 276.0
face 0.36 392.0 62.0 402.0 73.0
face 0.36 -1.0 83.0 8.0 98.0
face 0.36 448.0 29.0 457.0 40.0
face 0.36 934.0 53.0 946.0 67.0
face 0.36 222.0 618.0 237.0 636.0
face 0.36 486.0 54.0 495.0 66.0
face 0.36 79.0 1174.0 126.0 1235.0
face 0.36 878.0 253.0 891.0 267.0
face 0.36 28.0 22.0 40.0 35.0
face 0.36 880.0 77.0 889.0 89.0
face 0.36 656.0 23.0 666.0 35.0
face 0.36 747.0 1173.0 760.0 1187.0
face 0.36 855.0 133.0 866.0 146.0
face 0.36 284.0 102.0 296.0 116.0
face 0.36 205.0 315.0 218.0 331.0
face 0.36 488.0 46.0 498.0 58.0
face 0.36 838.0 246.0 849.0 259.0
face 0.36 836.0 230.0 847.0 244.0
face 0.36 645.0 21.0 658.0 37.0
face 0.36 950.0 219.0 964.0 237.0
face 0.36 981.0 72.0 992.0 84.0
face 0.36 798.0 119.0 808.0 131.0
face 0.36 943.0 55.0 955.0 68.0
face 0.36 724.0 563.0 738.0 581.0
face 0.36 366.0 31.0 376.0 43.0
face 0.36 543.0 0.0 554.0 12.0
face 0.36 288.0 13.0 298.0 25.0
face 0.36 774.0 95.0 784.0 107.0
face 0.36 87.0 71.0 98.0 85.0
face 0.36 342.0 45.0 353.0 57.0
face 0.36 207.0 254.0 218.0 267.0
face 0.36 565.0 30.0 577.0 44.0
face 0.36 990.0 182.0 1001.0 193.0
face 0.35 623.0 29.0 633.0 40.0
face 0.35 528.0 18.0 539.0 33.0
face 0.35 749.0 1181.0 761.0 1195.0
face 0.35 750.0 1190.0 761.0 1202.0
face 0.35 1004.0 497.0 1020.0 517.0
face 0.35 950.0 56.0 960.0 68.0
face 0.35 845.0 254.0 856.0 267.0
face 0.35 896.0 86.0 907.0 99.0
face 0.35 545.0 23.0 554.0 35.0
face 0.35 960.0 29.0 971.0 42.0
face 0.35 357.0 38.0 369.0 51.0
face 0.35 511.0 20.0 521.0 34.0
face 0.35 774.0 766.0 786.0 779.0
face 0.35 766.0 108.0 777.0 122.0
face 0.35 505.0 67.0 515.0 81.0
face 0.35 608.0 39.0 619.0 51.0
face 0.35 489.0 95.0 500.0 107.0
face 0.35 133.0 277.0 144.0 291.0
face 0.35 712.0 76.0 723.0 88.0
face 0.35 989.0 59.0 1001.0 73.0
face 0.35 935.0 47.0 945.0 59.0
face 0.35 757.0 59.0 771.0 75.0
face 0.35 926.0 60.0 938.0 75.0
face 0.35 545.0 54.0 556.0 66.0
face 0.35 488.0 101.0 498.0 113.0
face 0.35 990.0 31.0 999.0 42.0
face 0.35 998.0 38.0 1009.0 50.0
face 0.35 887.0 31.0 897.0 43.0
face 0.35 768.0 14.0 778.0 26.0
face 0.35 648.0 96.0 658.0 108.0
face 0.35 312.0 62.0 323.0 75.0
face 0.35 607.0 30.0 616.0 40.0
face 0.35 662.0 22.0 673.0 34.0
face 0.35 950.0 87.0 961.0 101.0
face 0.35 647.0 31.0 657.0 43.0
face 0.35 841.0 36.0 850.0 49.0
face 0.35 759.0 109.0 769.0 122.0
face 0.35 366.0 118.0 377.0 132.0
face 0.35 111.0 23.0 122.0 35.0
face 0.35 64.0 21.0 77.0 36.0
face 0.35 696.0 45.0 706.0 59.0
face 0.35 895.0 78.0 904.0 89.0
face 0.35 703.0 79.0 713.0 90.0
face 0.35 879.0 190.0 890.0 203.0
face 0.35 215.0 245.0 225.0 257.0
face 0.35 887.0 272.0 898.0 284.0
face 0.35 903.0 157.0 913.0 170.0
face 0.35 774.0 30.0 785.0 43.0
face 0.35 752.0 20.0 763.0 33.0
face 0.35 95.0 60.0 107.0 73.0
face 0.35 941.0 126.0 953.0 140.0
face 0.35 414.0 511.0 425.0 526.0
face 0.35 150.0 303.0 160.0 315.0
face 0.35 23.0 142.0 35.0 156.0
face 0.35 702.0 71.0 713.0 83.0
face 0.35 871.0 156.0 885.0 172.0
face 0.35 623.0 103.0 634.0 115.0
face 0.35 737.0 61.0 747.0 74.0
face 0.35 631.0 39.0 641.0 50.0
face 0.35 278.0 276.0 292.0 293.0
face 0.35 383.0 91.0 395.0 105.0
face 0.35 815.0 47.0 824.0 58.0
face 0.35 150.0 78.0 160.0 91.0
face 0.35 150.0 60.0 161.0 74.0
face 0.35 543.0 77.0 554.0 91.0
face 0.35 870.0 61.0 881.0 74.0
face 0.35 920.0 63.0 930.0 74.0
face 0.35 847.0 407.0 856.0 419.0
face 0.35 951.0 126.0 961.0 139.0
face 0.35 79.0 262.0 90.0 275.0
face 0.35 143.0 60.0 155.0 74.0
face 0.35 152.0 70.0 163.0 83.0
face 0.35 911.0 92.0 921.0 104.0
face 0.35 589.0 43.0 601.0 58.0
face 0.35 295.0 301.0 305.0 313.0
face 0.35 317.0 21.0 328.0 36.0
face 0.35 639.0 12.0 650.0 25.0
face 0.35 854.0 191.0 865.0 203.0
face 0.35 997.0 44.0 1010.0 59.0
face 0.35 767.0 71.0 776.0 83.0
face 0.35 549.0 47.0 561.0 61.0
face 0.35 1014.0 155.0 1023.0 170.0
face 0.35 407.0 514.0 422.0 532.0
face 0.35 451.0 547.0 466.0 564.0
face 0.35 575.0 28.0 586.0 40.0
face 0.35 359.0 31.0 369.0 43.0
face 0.35 257.0 1095.0 355.0 1193.0
face 0.35 896.0 38.0 906.0 50.0
face 0.35 694.0 109.0 705.0 122.0
face 0.35 871.0 88.0 883.0 101.0
face 0.35 222.0 245.0 233.0 258.0
face 0.35 880.0 32.0 889.0 43.0
face 0.35 550.0 85.0 561.0 98.0
face 0.35 141.0 330.0 154.0 348.0
face 0.35 998.0 62.0 1009.0 75.0
face 0.35 177.0 69.0 187.0 81.0
face 0.35 846.0 101.0 861.0 119.0
face 0.35 11.0 1150.0 69.0 1223.0
face 0.35 912.0 190.0 923.0 203.0
face 0.35 95.0 75.0 106.0 88.0
face 0.35 902.0 406.0 913.0 419.0
face 0.35 928.0 55.0 938.0 66.0
face 0.35 519.0 68.0 530.0 80.0
face 0.35 262.0 230.0 273.0 244.0
face 0.35 736.0 78.0 746.0 90.0
face 0.35 959.0 302.0 970.0 317.0
face 0.35 911.0 182.0 921.0 195.0
face 0.35 709.0 84.0 722.0 101.0
face 0.35 895.0 71.0 905.0 82.0
face 0.35 971.0 118.0 985.0 134.0
face 0.35 846.0 652.0 858.0 666.0
face 0.35 302.0 53.0 313.0 67.0
face 0.35 399.0 79.0 409.0 91.0
face 0.35 943.0 23.0 953.0 36.0
face 0.35 528.0 87.0 538.0 99.0
face 0.35 737.0 70.0 746.0 82.0
face 0.35 727.0 1198.0 738.0 1210.0
face 0.35 22.0 358.0 33.0 370.0
face 0.35 292.0 56.0 307.0 75.0
face 0.35 630.0 104.0 640.0 116.0
face 0.35 855.0 55.0 863.0 65.0
face 0.35 686.0 56.0 697.0 69.0
face 0.35 584.0 72.0 595.0 83.0
face 0.35 788.0 426.0 803.0 446.0
face 0.35 144.0 312.0 153.0 324.0
face 0.35 830.0 70.0 841.0 82.0
face 0.35 749.0 100.0 763.0 117.0
face 0.35 437.0 53.0 449.0 67.0
face 0.35 623.0 91.0 634.0 104.0
face 0.35 102.0 61.0 114.0 75.0
face 0.35 821.0 15.0 831.0 28.0
face 0.35 983.0 191.0 993.0 202.0
face 0.35 647.0 54.0 657.0 67.0
face 0.35 437.0 63.0 448.0 77.0
face 0.35 276.0 125.0 288.0 140.0
face 0.35 558.0 23.0 568.0 36.0
face 0.35 806.0 158.0 817.0 171.0
face 0.35 159.0 62.0 169.0 75.0
face 0.35 864.0 29.0 874.0 41.0
face 0.35 533.0 93.0 544.0 106.0
face 0.35 533.0 14.0 544.0 28.0
face 0.35 527.0 77.0 537.0 89.0
face 0.35 927.0 38.0 938.0 50.0
