face 1.00 439.0 134.0 561.0 287.0
face 1.00 210.0 494.0 254.0 549.0
face 0.82 179.0 1318.0 234.0 1395.0
face 0.81 270.0 872.0 292.0 902.0
face 0.79 560.0 924.0 652.0 1022.0
face 0.76 305.0 754.0 330.0 785.0
face 0.61 231.0 504.0 254.0 534.0
face 0.57 462.0 668.0 479.0 692.0
face 0.53 324.0 715.0 339.0 734.0
face 0.51 611.0 635.0 674.0 704.0
face 0.51 147.0 731.0 165.0 750.0
face 0.50 539.0 1394.0 561.0 1420.0
face 0.49 528.0 1363.0 612.0 1475.0
face 0.49 298.0 510.0 325.0 550.0
face 0.48 877.0 728.0 890.0 745.0
face 0.48 571.0 1412.0 587.0 1431.0
face 0.46 241.0 835.0 326.0 947.0
face 0.44 534.0 1392.0 580.0 1450.0
face 0.44 746.0 799.0 816.0 881.0
face 0.41 1.0 809.0 14.0 829.0
face 0.40 565.0 1389.0 576.0 1402.0
face 0.39 173.0 741.0 188.0 761.0
face 0.39 253.0 951.0 263.0 962.0
face 0.39 175.0 1362.0 205.0 1402.0
face 0.39 269.0 1275.0 331.0 1340.0
face 0.38 3.0 760.0 18.0 780.0
face 0.38 262.0 702.0 274.0 717.0
face 0.37 32.0 806.0 45.0 822.0
face 0.37 316.0 749.0 330.0 765.0
face 0.37 218.0 707.0 234.0 725.0
face 0.37 164.0 733.0 178.0 749.0
face 0.36 113.0 731.0 136.0 755.0
face 0.36 555.0 1404.0 568.0 1419.0
face 0.36 169.0 708.0 180.0 720.0
face 0.36 21.0 806.0 34.0 822.0
face 0.36 298.0 534.0 316.0 557.0
face 0.36 231.0 725.0 242.0 738.0
face 0.36 191.0 699.0 202.0 713.0
face 0.36 227.0 528.0 242.0 546.0
face 0.36 318.0 744.0 329.0 755.0
face 0.36 562.0 665.0 576.0 684.0
face 0.36 876.0 838.0 887.0 851.0
face 0.36 312.0 743.0 322.0 754.0
face 0.36 22.0 783.0 31.0 794.0
face 0.36 287.0 852.0 299.0 867.0
face 0.36 843.0 549.0 865.0 576.0
face 0.36 919.0 792.0 943.0 819.0
face 0.35 183.0 256.0 197.0 274.0
face 0.35 -1.0 780.0 10.0 795.0
face 0.35 16.0 774.0 25.0 786.0
face 0.35 211.0 691.0 228.0 710.0
face 0.35 239.0 942.0 248.0 953.0
face 0.35 263.0 722.0 277.0 738.0
face 0.35 527.0 658.0 573.0 713.0
face 0.35 279.0 701.0 290.0 713.0
face 0.35 13.0 804.0 26.0 821.0
face 0.35 179.0 730.0 194.0 748.0
face 0.35 198.0 733.0 210.0 747.0
face 0.35 326.0 751.0 336.0 763.0
face 0.35 41.0 789.0 51.0 801.0
