face 1.00 432.0 88.0 582.0 301.0
face 0.80 515.0 154.0 547.0 189.0
face 0.77 723.0 710.0 743.0 736.0
face 0.51 471.0 261.0 484.0 277.0
face 0.51 437.0 665.0 462.0 696.0
face 0.47 469.0 246.0 520.0 307.0
face 0.44 277.0 699.0 293.0 720.0
face 0.41 862.0 502.0 888.0 530.0
face 0.41 580.0 399.0 755.0 609.0
face 0.40 302.0 518.0 329.0 547.0
face 0.38 289.0 733.0 303.0 749.0
face 0.37 440.0 430.0 452.0 443.0
face 0.37 491.0 257.0 507.0 277.0
face 0.36 382.0 430.0 393.0 443.0
face 0.35 646.0 444.0 659.0 461.0
face 0.35 286.0 701.0 297.0 716.0
face 0.35 302.0 644.0 314.0 658.0
