face 1.00 621.0 179.0 790.0 396.0
face 1.00 353.0 97.0 438.0 202.0
face 1.00 190.0 39.0 246.0 104.0
face 0.79 447.0 301.0 462.0 319.0
face 0.75 420.0 252.0 441.0 277.0
face 0.68 424.0 2.0 444.0 24.0
face 0.61 498.0 532.0 517.0 552.0
face 0.51 485.0 489.0 499.0 505.0
face 0.46 469.0 515.0 483.0 532.0
face 0.46 635.0 19.0 649.0 37.0
face 0.45 111.0 111.0 126.0 129.0
face 0.45 453.0 373.0 469.0 392.0
face 0.44 455.0 390.0 465.0 402.0
face 0.43 521.0 510.0 534.0 525.0
face 0.42 110.0 174.0 121.0 186.0
face 0.40 156.0 116.0 170.0 137.0
face 0.40 382.0 454.0 395.0 471.0
face 0.40 503.0 38.0 516.0 55.0
face 0.39 446.0 379.0 455.0 391.0
face 0.38 122.0 104.0 137.0 124.0
face 0.38 342.0 19.0 354.0 33.0
face 0.38 440.0 380.0 450.0 392.0
face 0.38 463.0 379.0 473.0 392.0
face 0.37 231.0 34.0 245.0 52.0
face 0.37 558.0 445.0 569.0 458.0
face 0.36 565.0 533.0 577.0 547.0
face 0.36 553.0 440.0 562.0 451.0
face 0.36 440.0 397.0 450.0 409.0
face 0.36 1.0 155.0 14.0 174.0
face 0.36 430.0 366.0 439.0 378.0
face 0.36 521.0 524.0 532.0 538.0
face 0.36 430.0 464.0 439.0 475.0
face 0.36 431.0 470.0 440.0 481.0
face 0.36 584.0 527.0 594.0 539.0
face 0.36 534.0 29.0 545.0 41.0
face 0.36 558.0 430.0 567.0 441.0
face 0.36 441.0 301.0 451.0 315.0
face 0.36 478.0 540.0 489.0 553.0
face 0.36 463.0 533.0 473.0 545.0
face 0.36 540.0 438.0 552.0 451.0
face 0.36 495.0 534.0 506.0 547.0
face 0.36 520.0 39.0 530.0 51.0
face 0.36 518.0 494.0 527.0 505.0
face 0.36 479.0 478.0 489.0 490.0
face 0.36 448.0 4.0 463.0 21.0
face 0.36 515.0 406.0 526.0 420.0
face 0.36 464.0 526.0 474.0 538.0
face 0.36 486.0 42.0 498.0 58.0
face 0.36 494.0 37.0 507.0 54.0
face 0.36 414.0 254.0 425.0 268.0
face 0.36 560.0 534.0 570.0 546.0
face 0.36 463.0 366.0 473.0 379.0
face 0.36 575.0 472.0 585.0 483.0
face 0.35 583.0 447.0 593.0 459.0
face 0.35 351.0 22.0 361.0 34.0
face 0.35 567.0 382.0 577.0 395.0
face 0.35 508.0 534.0 519.0 546.0
face 0.35 536.0 535.0 546.0 546.0
face 0.35 455.0 504.0 465.0 515.0
face 0.35 462.0 461.0 473.0 474.0
face 0.35 544.0 518.0 555.0 531.0
face 0.35 517.0 399.0 528.0 412.0
face 0.35 432.0 382.0 441.0 393.0
face 0.35 544.0 510.0 554.0 522.0
face 0.35 536.0 446.0 546.0 458.0
face 0.35 543.0 446.0 552.0 458.0
face 0.35 599.0 454.0 608.0 465.0
face 0.35 279.0 5.0 290.0 17.0
face 0.35 470.0 439.0 480.0 450.0
face 0.35 591.0 471.0 601.0 482.0
face 0.35 551.0 419.0 564.0 434.0
face 0.35 416.0 326.0 426.0 339.0
face 0.35 518.0 414.0 527.0 426.0
face 0.35 487.0 478.0 497.0 490.0
face 0.35 423.0 478.0 432.0 489.0
face 0.35 511.0 542.0 522.0 554.0
face 0.35 447.0 398.0 457.0 409.0
face 0.35 496.0 462.0 506.0 474.0
face 0.35 471.0 542.0 482.0 555.0
face 0.35 495.0 299.0 506.0 314.0
face 0.35 422.0 391.0 432.0 402.0
face 0.35 481.0 494.0 492.0 507.0
face 0.35 440.0 462.0 450.0 474.0
face 0.35 337.0 22.0 346.0 34.0
face 0.35 477.0 517.0 489.0 531.0
face 0.35 454.0 533.0 465.0 546.0
face 0.35 520.0 62.0 530.0 74.0
