face 1.00 538.0 433.0 656.0 579.0
face 1.00 659.0 290.0 808.0 408.0
face 1.00 292.0 222.0 432.0 365.0
face 1.00 410.0 92.0 535.0 241.0
face 1.00 344.0 406.0 481.0 535.0
face 0.69 121.0 314.0 134.0 330.0
face 0.57 543.0 169.0 653.0 291.0
face 0.47 18.0 278.0 29.0 292.0
face 0.43 486.0 563.0 499.0 578.0
face 0.43 102.0 379.0 113.0 393.0
face 0.42 571.0 137.0 595.0 165.0
face 0.40 764.0 143.0 776.0 156.0
face 0.40 526.0 383.0 537.0 396.0
face 0.39 278.0 333.0 290.0 348.0
face 0.38 527.0 127.0 538.0 142.0
face 0.37 10.0 481.0 177.0 633.0
face 0.37 505.0 566.0 515.0 580.0
face 0.36 619.0 124.0 633.0 142.0
face 0.36 626.0 565.0 643.0 585.0
face 0.36 503.0 572.0 514.0 587.0
face 0.36 512.0 388.0 525.0 402.0
face 0.35 47.0 279.0 56.0 291.0
face 0.35 119.0 302.0 129.0 313.0
face 0.35 87.0 284.0 98.0 298.0
face 0.35 503.0 280.0 514.0 295.0
