face 1.00 595.0 397.0 640.0 451.0
face 1.00 579.0 697.0 653.0 791.0
face 1.00 550.0 500.0 599.0 560.0
face 0.86 156.0 839.0 341.0 1017.0
face 0.76 400.0 65.0 493.0 165.0
face 0.74 686.0 170.0 699.0 188.0
face 0.67 15.0 273.0 226.0 489.0
face 0.54 297.0 35.0 375.0 135.0
face 0.45 662.0 415.0 673.0 429.0
face 0.42 678.0 358.0 705.0 390.0
face 0.41 10.0 609.0 128.0 763.0
face 0.41 728.0 216.0 739.0 228.0
face 0.40 535.0 342.0 548.0 357.0
face 0.40 570.0 1027.0 748.0 1217.0
face 0.38 583.0 300.0 594.0 315.0
face 0.38 708.0 366.0 722.0 384.0
face 0.38 303.0 75.0 423.0 217.0
face 0.37 767.0 251.0 781.0 268.0
face 0.37 452.0 225.0 469.0 245.0
face 0.36 504.0 233.0 521.0 253.0
face 0.36 735.0 255.0 746.0 267.0
face 0.36 924.0 363.0 941.0 384.0
face 0.36 711.0 545.0 735.0 574.0
face 0.36 430.0 275.0 444.0 291.0
face 0.36 514.0 294.0 529.0 311.0
face 0.36 396.0 221.0 408.0 236.0
face 0.35 383.0 222.0 395.0 235.0
face 0.35 736.0 235.0 747.0 248.0
face 0.35 726.0 247.0 737.0 259.0
