face 0.99 592.0 471.0 660.0 545.0
face 0.73 594.0 483.0 622.0 518.0
face 0.60 895.0 354.0 930.0 400.0
face 0.45 910.0 416.0 920.0 430.0
face 0.41 1008.0 494.0 1025.0 524.0
face 0.40 958.0 262.0 970.0 277.0
face 0.40 942.0 269.0 953.0 282.0
face 0.39 905.0 127.0 915.0 141.0
face 0.38 997.0 300.0 1012.0 320.0
face 0.38 946.0 237.0 956.0 249.0
face 0.38 334.0 447.0 352.0 469.0
face 0.37 863.0 44.0 879.0 66.0
face 0.37 988.0 277.0 1000.0 294.0
face 0.37 912.0 246.0 922.0 258.0
face 0.37 948.0 243.0 959.0 257.0
face 0.37 942.0 255.0 956.0 270.0
face 0.37 966.0 244.0 975.0 256.0
face 0.37 935.0 255.0 945.0 266.0
face 0.37 944.0 232.0 953.0 244.0
face 0.36 950.0 260.0 963.0 275.0
face 0.36 926.0 263.0 936.0 276.0
face 0.36 965.0 221.0 978.0 237.0
face 0.36 920.0 264.0 931.0 276.0
face 0.36 966.0 262.0 977.0 274.0
face 0.36 960.0 224.0 971.0 236.0
face 0.36 924.0 223.0 935.0 238.0
face 0.36 984.0 261.0 995.0 273.0
face 0.36 974.0 261.0 984.0 274.0
face 0.36 964.0 5.0 980.0 25.0
face 0.36 959.0 256.0 969.0 268.0
face 0.36 935.0 261.0 948.0 276.0
face 0.36 903.0 386.0 917.0 405.0
face 0.35 916.0 252.0 928.0 266.0
face 0.35 936.0 269.0 947.0 281.0
face 0.35 935.0 248.0 945.0 258.0
face 0.35 951.0 291.0 962.0 306.0
face 0.35 928.0 255.0 937.0 266.0
face 0.35 966.0 269.0 977.0 283.0
face 0.35 896.0 228.0 908.0 243.0
face 0.35 985.0 267.0 997.0 283.0
face 0.35 333.0 426.0 351.0 450.0
face 0.35 950.0 254.0 960.0 267.0
