face 1.00 116.0 165.0 142.0 195.0
face 1.00 406.0 209.0 440.0 248.0
face 0.97 493.0 154.0 513.0 179.0
face 0.94 885.0 204.0 913.0 237.0
face 0.88 414.0 154.0 425.0 168.0
face 0.84 625.0 208.0 659.0 248.0
face 0.81 217.0 211.0 240.0 239.0
face 0.72 443.0 156.0 456.0 173.0
face 0.64 270.0 174.0 280.0 188.0
face 0.58 183.0 200.0 211.0 237.0
face 0.52 11.0 157.0 25.0 177.0
face 0.49 480.0 194.0 492.0 210.0
face 0.46 635.0 221.0 653.0 240.0
face 0.40 598.0 317.0 669.0 397.0
face 0.39 453.0 150.0 469.0 167.0
face 0.38 162.0 79.0 179.0 99.0
face 0.37 461.0 155.0 472.0 168.0
face 0.37 38.0 62.0 52.0 80.0
face 0.36 488.0 163.0 499.0 177.0
face 0.36 212.0 214.0 224.0 228.0
face 0.36 431.0 156.0 445.0 171.0
face 0.35 470.0 150.0 484.0 165.0
face 0.35 451.0 206.0 465.0 223.0
face 0.35 542.0 245.0 553.0 259.0
