face 1.00 436.0 165.0 454.0 188.0
face 1.00 865.0 223.0 890.0 254.0
face 0.99 384.0 167.0 402.0 190.0
face 0.94 478.0 167.0 501.0 197.0
face 0.89 547.0 175.0 562.0 193.0
face 0.85 6.0 133.0 31.0 165.0
face 0.82 926.0 214.0 939.0 231.0
face 0.55 312.0 595.0 347.0 635.0
face 0.54 420.0 164.0 434.0 181.0
face 0.51 511.0 308.0 539.0 346.0
face 0.51 859.0 213.0 874.0 230.0
face 0.49 862.0 179.0 875.0 196.0
face 0.47 486.0 282.0 518.0 317.0
face 0.42 349.0 144.0 362.0 163.0
face 0.41 0.0 96.0 14.0 119.0
face 0.39 274.0 146.0 291.0 169.0
face 0.38 275.0 492.0 291.0 511.0
face 0.38 640.0 149.0 759.0 261.0
face 0.36 172.0 228.0 186.0 246.0
face 0.36 854.0 174.0 864.0 187.0
face 0.35 219.0 21.0 274.0 86.0
face 0.35 374.0 117.0 385.0 129.0
face 0.35 870.0 188.0 881.0 200.0
face 0.35 527.0 181.0 538.0 194.0
