face 1.00 816.0 248.0 844.0 280.0
face 1.00 728.0 264.0 755.0 295.0
face 1.00 462.0 243.0 488.0 273.0
face 1.00 386.0 230.0 413.0 262.0
face 1.00 519.0 287.0 541.0 313.0
face 1.00 261.0 241.0 284.0 267.0
face 0.99 294.0 243.0 320.0 276.0
face 0.98 279.0 218.0 296.0 237.0
face 0.97 733.0 233.0 752.0 256.0
face 0.96 326.0 242.0 343.0 262.0
face 0.96 386.0 279.0 410.0 312.0
face 0.87 899.0 157.0 912.0 173.0
face 0.83 540.0 123.0 558.0 145.0
face 0.79 316.0 324.0 330.0 341.0
face 0.67 533.0 128.0 548.0 146.0
face 0.66 299.0 283.0 314.0 300.0
face 0.64 413.0 236.0 427.0 255.0
face 0.64 640.0 219.0 674.0 264.0
face 0.63 830.0 353.0 850.0 378.0
face 0.61 941.0 154.0 958.0 173.0
face 0.60 306.0 226.0 325.0 246.0
face 0.53 836.0 134.0 849.0 152.0
face 0.48 499.0 131.0 516.0 151.0
face 0.47 864.0 147.0 879.0 166.0
face 0.47 768.0 251.0 779.0 264.0
face 0.43 498.0 65.0 516.0 85.0
face 0.39 440.0 222.0 451.0 235.0
face 0.38 228.0 286.0 240.0 300.0
face 0.38 422.0 68.0 435.0 83.0
face 0.38 307.0 283.0 321.0 299.0
face 0.37 319.0 62.0 334.0 80.0
face 0.37 782.0 291.0 795.0 307.0
face 0.36 902.0 527.0 917.0 548.0
face 0.36 524.0 146.0 537.0 163.0
face 0.36 439.0 244.0 454.0 263.0
face 0.36 667.0 243.0 682.0 264.0
face 0.36 356.0 348.0 368.0 363.0
face 0.36 529.0 130.0 540.0 144.0
face 0.36 927.0 434.0 948.0 462.0
face 0.36 697.0 291.0 714.0 310.0
face 0.36 543.0 118.0 554.0 131.0
face 0.36 247.0 279.0 256.0 290.0
face 0.36 888.0 189.0 900.0 205.0
face 0.36 694.0 246.0 709.0 266.0
face 0.36 239.0 278.0 251.0 291.0
face 0.35 902.0 580.0 916.0 597.0
face 0.35 951.0 452.0 963.0 468.0
