face 1.00 118.0 385.0 149.0 422.0
face 1.00 541.0 324.0 564.0 358.0
face 0.84 847.0 359.0 1006.0 582.0
face 0.41 777.0 180.0 789.0 195.0
face 0.39 174.0 699.0 187.0 715.0
face 0.39 279.0 718.0 290.0 732.0
face 0.38 255.0 316.0 265.0 328.0
face 0.37 153.0 143.0 163.0 155.0
face 0.37 816.0 399.0 921.0 557.0
face 0.35 669.0 285.0 680.0 299.0
face 0.35 229.0 127.0 240.0 140.0
face 0.35 176.0 638.0 186.0 650.0
face 0.35 327.0 735.0 337.0 747.0
face 0.35 158.0 681.0 171.0 698.0
face 0.35 308.0 63.0 319.0 76.0
