face 1.00 486.0 258.0 602.0 431.0
face 1.00 724.0 116.0 864.0 312.0
face 1.00 196.0 74.0 347.0 287.0
face 0.61 345.0 593.0 584.0 916.0
face 0.60 303.0 1228.0 355.0 1293.0
face 0.54 360.0 361.0 376.0 380.0
face 0.41 49.0 1331.0 63.0 1349.0
face 0.40 88.0 1277.0 112.0 1308.0
face 0.40 479.0 1379.0 494.0 1398.0
face 0.40 157.0 1489.0 171.0 1508.0
face 0.38 577.0 1111.0 614.0 1151.0
face 0.37 822.0 90.0 838.0 109.0
face 0.36 503.0 1492.0 516.0 1510.0
face 0.36 172.0 1494.0 185.0 1510.0
face 0.35 279.0 1475.0 292.0 1491.0
face 0.35 525.0 1507.0 540.0 1526.0
