face 1.00 475.0 367.0 564.0 476.0
face 0.61 213.0 1413.0 228.0 1432.0
face 0.53 664.0 1342.0 677.0 1357.0
face 0.49 145.0 29.0 283.0 183.0
face 0.48 96.0 1406.0 109.0 1423.0
face 0.45 724.0 1312.0 745.0 1339.0
face 0.45 206.0 1365.0 222.0 1385.0
face 0.43 41.0 88.0 151.0 231.0
face 0.42 739.0 1360.0 767.0 1397.0
face 0.39 668.0 1348.0 681.0 1364.0
face 0.39 884.0 1167.0 902.0 1190.0
face 0.39 228.0 1404.0 242.0 1420.0
face 0.39 131.0 1418.0 146.0 1436.0
face 0.38 675.0 1294.0 689.0 1310.0
face 0.37 197.0 1304.0 212.0 1324.0
face 0.36 0.0 1511.0 24.0 1538.0
face 0.36 664.0 1287.0 675.0 1299.0
face 0.36 505.0 1441.0 607.0 1516.0
face 0.36 228.0 1243.0 245.0 1262.0
face 0.36 581.0 1402.0 596.0 1420.0
face 0.36 645.0 1288.0 656.0 1302.0
face 0.36 139.0 1395.0 152.0 1411.0
face 0.36 685.0 1374.0 696.0 1386.0
face 0.36 220.0 1386.0 236.0 1404.0
face 0.36 677.0 1335.0 688.0 1348.0
face 0.35 844.0 1379.0 859.0 1396.0
face 0.35 662.0 1336.0 674.0 1349.0
face 0.35 230.0 1308.0 242.0 1322.0
face 0.35 214.0 1409.0 225.0 1421.0
face 0.35 605.0 1349.0 618.0 1364.0
face 0.35 672.0 1300.0 683.0 1314.0
face 0.35 655.0 1302.0 666.0 1315.0
face 0.35 422.0 1394.0 436.0 1410.0
face 0.35 822.0 1301.0 833.0 1314.0
face 0.35 38.0 1381.0 51.0 1396.0
face 0.35 269.0 633.0 284.0 651.0
face 0.35 326.0 692.0 340.0 708.0
face 0.35 600.0 1309.0 610.0 1321.0
face 0.35 215.0 1398.0 226.0 1409.0
face 0.35 233.0 614.0 259.0 644.0
face 0.35 190.0 1404.0 205.0 1424.0
face 0.35 191.0 1366.0 203.0 1380.0
face 0.35 198.0 1366.0 208.0 1378.0
face 0.35 77.0 1389.0 89.0 1403.0
face 0.35 134.0 1405.0 146.0 1418.0
face 0.35 483.0 1300.0 500.0 1320.0
face 0.35 662.0 1302.0 672.0 1314.0
