face 1.00 481.0 291.0 531.0 365.0
face 0.82 710.0 474.0 727.0 493.0
face 0.53 404.0 501.0 443.0 548.0
face 0.51 142.0 481.0 159.0 500.0
face 0.46 68.0 490.0 81.0 507.0
face 0.45 1014.0 621.0 1024.0 636.0
face 0.43 667.0 712.0 682.0 731.0
face 0.43 856.0 591.0 867.0 605.0
face 0.42 701.0 1066.0 716.0 1081.0
face 0.40 448.0 909.0 463.0 927.0
face 0.40 990.0 737.0 1000.0 749.0
face 0.39 864.0 618.0 879.0 636.0
face 0.39 510.0 347.0 522.0 363.0
face 0.39 22.0 486.0 36.0 502.0
face 0.38 326.0 517.0 338.0 531.0
face 0.38 965.0 1067.0 981.0 1081.0
face 0.38 996.0 651.0 1010.0 669.0
face 0.37 83.0 484.0 95.0 498.0
face 0.37 45.0 609.0 60.0 628.0
face 0.37 384.0 591.0 395.0 603.0
face 0.37 984.0 696.0 994.0 707.0
face 0.37 691.0 472.0 709.0 492.0
face 0.36 975.0 719.0 984.0 731.0
face 0.36 316.0 476.0 329.0 491.0
face 0.36 958.0 693.0 969.0 706.0
face 0.36 371.0 580.0 383.0 595.0
face 0.36 949.0 693.0 962.0 708.0
face 0.36 819.0 481.0 835.0 499.0
face 0.36 1006.0 368.0 1022.0 389.0
face 0.36 950.0 712.0 960.0 724.0
face 0.36 163.0 949.0 178.0 967.0
face 0.36 1008.0 662.0 1018.0 675.0
face 0.36 959.0 645.0 969.0 656.0
face 0.36 967.0 727.0 978.0 739.0
face 0.36 374.0 588.0 384.0 600.0
face 0.35 954.0 661.0 965.0 674.0
face 0.35 927.0 727.0 940.0 742.0
face 0.35 329.0 575.0 338.0 587.0
face 0.35 976.0 621.0 987.0 634.0
face 0.35 983.0 670.0 994.0 684.0
face 0.35 360.0 857.0 386.0 889.0
face 0.35 985.0 734.0 995.0 746.0
face 0.35 894.0 599.0 915.0 624.0
face 0.35 967.0 733.0 978.0 746.0
face 0.35 343.0 558.0 354.0 571.0
face 0.35 943.0 679.0 954.0 691.0
face 0.35 1007.0 726.0 1017.0 738.0
face 0.35 716.0 654.0 729.0 669.0
face 0.35 774.0 587.0 785.0 600.0
face 0.35 855.0 742.0 864.0 754.0
face 0.35 904.0 759.0 914.0 770.0
