face 1.00 509.0 328.0 612.0 461.0
face 1.00 930.0 412.0 1003.0 507.0
face 1.00 216.0 586.0 311.0 692.0
face 1.00 114.0 9.0 180.0 101.0
face 1.00 758.0 -2.0 832.0 75.0
face 1.00 109.0 337.0 193.0 452.0
face 1.00 226.0 2.0 282.0 85.0
face 0.99 462.0 78.0 531.0 162.0
face 0.99 286.0 55.0 349.0 136.0
face 0.77 422.0 35.0 474.0 111.0
face 0.74 529.0 273.0 601.0 355.0
face 0.61 614.0 579.0 645.0 612.0
face 0.51 555.0 630.0 569.0 649.0
face 0.47 504.0 572.0 515.0 585.0
face 0.47 329.0 200.0 418.0 324.0
face 0.43 276.0 774.0 292.0 794.0
face 0.42 199.0 617.0 215.0 636.0
face 0.41 133.0 551.0 147.0 567.0
face 0.40 6.0 1170.0 21.0 1184.0
face 0.38 598.0 628.0 609.0 643.0
face 0.37 639.0 1052.0 663.0 1085.0
face 0.37 491.0 557.0 506.0 576.0
face 0.37 628.0 640.0 651.0 671.0
face 0.37 507.0 564.0 521.0 581.0
face 0.37 526.0 632.0 536.0 645.0
face 0.36 44.0 276.0 88.0 335.0
face 0.36 673.0 784.0 686.0 802.0
face 0.36 625.0 630.0 636.0 644.0
face 0.35 629.0 634.0 644.0 654.0
face 0.35 577.0 830.0 592.0 846.0
face 0.35 10.0 1081.0 25.0 1100.0
face 0.35 609.0 655.0 619.0 667.0
