face 1.00 738.0 1060.0 763.0 1092.0
face 1.00 204.0 967.0 230.0 998.0
face 1.00 232.0 1156.0 259.0 1190.0
face 1.00 740.0 990.0 766.0 1024.0
face 1.00 820.0 821.0 885.0 897.0
face 1.00 548.0 396.0 628.0 487.0
face 1.00 971.0 898.0 993.0 924.0
face 0.99 14.0 778.0 80.0 856.0
face 0.99 669.0 986.0 691.0 1015.0
face 0.98 183.0 923.0 206.0 953.0
face 0.97 1002.0 1097.0 1023.0 1126.0
face 0.97 988.0 694.0 1006.0 718.0
face 0.96 261.0 775.0 284.0 804.0
face 0.96 727.0 814.0 748.0 841.0
face 0.96 242.0 706.0 264.0 731.0
face 0.95 819.0 659.0 837.0 681.0
face 0.95 741.0 602.0 757.0 623.0
face 0.94 285.0 673.0 301.0 695.0
face 0.94 171.0 1118.0 199.0 1154.0
face 0.93 341.0 769.0 404.0 834.0
face 0.93 737.0 753.0 757.0 778.0
face 0.92 901.0 815.0 927.0 847.0
face 0.91 844.0 607.0 860.0 627.0
face 0.90 522.0 476.0 546.0 508.0
face 0.90 951.0 830.0 968.0 853.0
face 0.88 801.0 728.0 821.0 753.0
face 0.87 1006.0 1200.0 1023.0 1229.0
face 0.85 947.0 866.0 965.0 889.0
face 0.83 201.0 434.0 218.0 457.0
face 0.83 250.0 1105.0 278.0 1138.0
face 0.83 591.0 712.0 613.0 740.0
face 0.82 167.0 570.0 184.0 592.0
face 0.81 260.0 607.0 280.0 633.0
face 0.81 793.0 759.0 811.0 780.0
face 0.79 112.0 17.0 190.0 96.0
face 0.79 932.0 695.0 952.0 721.0
face 0.79 723.0 850.0 742.0 874.0
face 0.76 860.0 765.0 877.0 788.0
face 0.74 219.0 589.0 234.0 607.0
face 0.74 346.0 474.0 363.0 495.0
face 0.72 286.0 581.0 301.0 600.0
face 0.71 101.0 619.0 128.0 650.0
face 0.70 167.0 633.0 188.0 659.0
face 0.70 708.0 621.0 730.0 648.0
face 0.69 1007.0 899.0 1023.0 924.0
face 0.68 782.0 819.0 801.0 845.0
face 0.68 172.0 707.0 196.0 737.0
face 0.67 942.0 794.0 961.0 818.0
face 0.66 43.0 570.0 61.0 593.0
face 0.63 982.0 640.0 997.0 658.0
face 0.62 888.0 867.0 904.0 887.0
face 0.61 856.0 485.0 871.0 504.0
face 0.61 226.0 628.0 259.0 663.0
face 0.61 317.0 614.0 335.0 635.0
face 0.61 207.0 612.0 223.0 632.0
face 0.61 771.0 857.0 792.0 885.0
face 0.61 104.0 575.0 125.0 601.0
face 0.60 831.0 633.0 846.0 653.0
face 0.57 224.0 742.0 249.0 772.0
face 0.57 835.0 794.0 852.0 816.0
face 0.57 868.0 657.0 888.0 685.0
face 0.57 863.0 728.0 890.0 760.0
face 0.55 676.0 822.0 697.0 848.0
face 0.55 692.0 755.0 709.0 778.0
face 0.54 216.0 457.0 238.0 486.0
face 0.53 974.0 848.0 990.0 868.0
face 0.51 36.0 624.0 67.0 660.0
face 0.51 915.0 669.0 937.0 697.0
face 0.51 57.0 965.0 82.0 994.0
face 0.51 518.0 153.0 536.0 175.0
face 0.50 1012.0 832.0 1025.0 855.0
face 0.49 934.0 609.0 949.0 627.0
face 0.49 697.0 717.0 720.0 748.0
face 0.48 992.0 609.0 1008.0 629.0
face 0.47 965.0 739.0 980.0 759.0
face 0.46 894.0 679.0 906.0 694.0
face 0.46 784.0 653.0 810.0 685.0
face 0.46 724.0 999.0 739.0 1019.0
face 0.46 702.0 470.0 726.0 501.0
face 0.44 684.0 962.0 707.0 988.0
face 0.41 604.0 62.0 623.0 86.0
face 0.41 289.0 706.0 307.0 729.0
face 0.41 105.0 103.0 136.0 139.0
face 0.41 944.0 630.0 966.0 658.0
face 0.40 823.0 777.0 837.0 792.0
face 0.40 929.0 723.0 958.0 753.0
face 0.40 142.0 436.0 158.0 457.0
face 0.39 285.0 746.0 302.0 767.0
face 0.39 832.0 1013.0 856.0 1044.0
face 0.39 723.0 904.0 741.0 923.0
face 0.39 494.0 512.0 538.0 566.0
face 0.39 236.0 481.0 254.0 504.0
face 0.38 874.0 633.0 890.0 652.0
face 0.38 305.0 637.0 322.0 657.0
face 0.38 662.0 854.0 691.0 888.0
face 0.38 123.0 447.0 140.0 470.0
face 0.38 91.0 852.0 107.0 871.0
face 0.38 279.0 141.0 294.0 160.0
face 0.38 698.0 185.0 715.0 207.0
face 0.38 604.0 797.0 618.0 816.0
face 0.38 988.0 882.0 1003.0 900.0
face 0.38 691.0 691.0 707.0 714.0
face 0.37 101.0 953.0 128.0 984.0
face 0.37 572.0 412.0 589.0 433.0
face 0.37 523.0 467.0 539.0 486.0
face 0.37 52.0 450.0 67.0 471.0
face 0.37 764.0 452.0 782.0 475.0
face 0.37 287.0 450.0 303.0 472.0
face 0.37 255.0 788.0 286.0 825.0
face 0.37 358.0 425.0 373.0 444.0
face 0.37 326.0 245.0 339.0 260.0
face 0.36 332.0 252.0 347.0 267.0
face 0.36 260.0 829.0 276.0 849.0
face 0.36 596.0 787.0 608.0 802.0
face 0.36 323.0 308.0 338.0 325.0
face 0.36 615.0 790.0 626.0 804.0
face 0.36 756.0 830.0 770.0 847.0
face 0.36 913.0 1012.0 925.0 1025.0
face 0.36 362.0 308.0 377.0 325.0
face 0.36 1012.0 962.0 1025.0 983.0
face 0.36 678.0 173.0 694.0 193.0
face 0.36 382.0 299.0 396.0 316.0
face 0.35 778.0 494.0 794.0 511.0
face 0.35 678.0 442.0 695.0 464.0
face 0.35 190.0 682.0 205.0 704.0
face 0.35 349.0 229.0 364.0 245.0
face 0.35 119.0 619.0 140.0 646.0
face 0.35 852.0 796.0 866.0 814.0
