face 1.00 422.0 50.0 545.0 233.0
face 1.00 43.0 206.0 118.0 323.0
face 1.00 931.0 442.0 967.0 484.0
face 1.00 734.0 351.0 755.0 377.0
face 1.00 948.0 370.0 978.0 410.0
face 1.00 891.0 379.0 925.0 415.0
face 1.00 619.0 452.0 649.0 488.0
face 0.98 605.0 513.0 646.0 570.0
face 0.98 847.0 388.0 878.0 421.0
face 0.98 225.0 357.0 248.0 386.0
face 0.98 162.0 285.0 185.0 313.0
face 0.98 1006.0 347.0 1023.0 370.0
face 0.98 318.0 65.0 335.0 88.0
face 0.97 165.0 72.0 180.0 92.0
face 0.97 778.0 220.0 801.0 249.0
face 0.92 614.0 108.0 630.0 127.0
face 0.92 686.0 202.0 706.0 227.0
face 0.91 690.0 543.0 741.0 604.0
face 0.90 683.0 80.0 698.0 99.0
face 0.90 290.0 40.0 306.0 62.0
face 0.90 262.0 169.0 277.0 191.0
face 0.88 855.0 355.0 879.0 385.0
face 0.88 915.0 118.0 939.0 146.0
face 0.88 851.0 301.0 878.0 332.0
face 0.88 257.0 266.0 389.0 463.0
face 0.85 211.0 103.0 226.0 121.0
face 0.84 201.0 328.0 221.0 353.0
face 0.83 789.0 350.0 805.0 372.0
face 0.83 665.0 447.0 694.0 480.0
face 0.83 845.0 131.0 866.0 156.0
face 0.81 783.0 0.0 810.0 27.0
face 0.81 327.0 116.0 351.0 145.0
face 0.79 292.0 9.0 315.0 35.0
face 0.79 271.0 67.0 286.0 87.0
face 0.77 231.0 118.0 248.0 140.0
face 0.76 741.0 485.0 766.0 520.0
face 0.76 310.0 163.0 328.0 187.0
face 0.75 816.0 92.0 834.0 113.0
face 0.74 757.0 516.0 819.0 590.0
face 0.74 746.0 379.0 770.0 406.0
face 0.69 629.0 81.0 643.0 101.0
face 0.68 951.0 494.0 989.0 548.0
face 0.68 256.0 28.0 275.0 55.0
face 0.66 219.0 70.0 236.0 93.0
face 0.63 1004.0 105.0 1023.0 133.0
face 0.62 98.0 159.0 118.0 180.0
face 0.62 1006.0 384.0 1024.0 412.0
face 0.61 747.0 9.0 764.0 31.0
face 0.61 197.0 193.0 217.0 220.0
face 0.61 291.0 120.0 307.0 140.0
face 0.61 269.0 2.0 286.0 20.0
face 0.60 143.0 44.0 158.0 64.0
face 0.60 921.0 365.0 943.0 392.0
face 0.56 773.0 96.0 791.0 118.0
face 0.55 990.0 476.0 1023.0 567.0
face 0.52 742.0 43.0 759.0 66.0
face 0.51 589.0 1.0 605.0 20.0
face 0.50 675.0 18.0 690.0 39.0
face 0.50 1011.0 546.0 1024.0 565.0
face 0.49 679.0 515.0 719.0 568.0
face 0.45 738.0 200.0 755.0 219.0
face 0.45 723.0 229.0 746.0 259.0
face 0.44 336.0 199.0 352.0 221.0
face 0.43 817.0 409.0 842.0 437.0
face 0.42 837.0 215.0 856.0 243.0
face 0.42 678.0 100.0 690.0 115.0
face 0.41 704.0 52.0 730.0 86.0
face 0.41 401.0 117.0 416.0 135.0
face 0.41 2.0 172.0 17.0 192.0
face 0.40 815.0 129.0 831.0 149.0
face 0.40 809.0 149.0 831.0 176.0
face 0.40 183.0 65.0 198.0 84.0
face 0.40 609.0 505.0 633.0 537.0
face 0.39 191.0 23.0 205.0 43.0
face 0.39 748.0 76.0 763.0 95.0
face 0.37 201.0 107.0 214.0 124.0
face 0.37 869.0 68.0 884.0 86.0
face 0.37 387.0 28.0 404.0 51.0
face 0.37 252.0 118.0 267.0 139.0
face 0.37 716.0 250.0 730.0 267.0
face 0.37 770.0 364.0 788.0 383.0
face 0.37 699.0 268.0 713.0 287.0
face 0.37 370.0 140.0 388.0 160.0
face 0.36 235.0 428.0 249.0 447.0
face 0.36 778.0 159.0 802.0 189.0
face 0.36 149.0 9.0 166.0 31.0
face 0.36 355.0 124.0 369.0 141.0
face 0.36 275.0 148.0 290.0 167.0
face 0.36 237.0 109.0 249.0 122.0
face 0.36 623.0 63.0 634.0 78.0
face 0.36 876.0 60.0 890.0 77.0
face 0.36 812.0 332.0 844.0 367.0
face 0.36 999.0 379.0 1010.0 395.0
face 0.35 675.0 44.0 689.0 62.0
face 0.35 244.0 100.0 259.0 118.0
face 0.35 883.0 140.0 898.0 158.0
face 0.35 751.0 1.0 776.0 28.0
face 0.35 687.0 30.0 698.0 44.0
face 0.35 731.0 121.0 749.0 141.0
face 0.35 122.0 202.0 137.0 221.0
face 0.35 722.0 85.0 736.0 102.0
face 0.35 863.0 1141.0 874.0 1154.0
face 0.35 835.0 165.0 849.0 181.0
face 0.35 -2.0 532.0 19.0 562.0
