face 1.00 381.0 193.0 405.0 223.0
face 0.97 25.0 381.0 42.0 402.0
face 0.95 72.0 391.0 90.0 410.0
face 0.84 193.0 204.0 216.0 233.0
face 0.75 240.0 404.0 252.0 419.0
face 0.75 980.0 438.0 995.0 457.0
face 0.72 889.0 394.0 902.0 409.0
face 0.68 495.0 367.0 515.0 392.0
face 0.66 781.0 416.0 792.0 428.0
face 0.64 838.0 407.0 849.0 419.0
face 0.59 950.0 385.0 963.0 400.0
face 0.46 496.0 422.0 506.0 435.0
face 0.45 669.0 460.0 682.0 475.0
face 0.44 804.0 411.0 817.0 426.0
face 0.41 879.0 383.0 889.0 395.0
face 0.38 652.0 425.0 668.0 448.0
face 0.38 253.0 302.0 264.0 315.0
face 0.38 997.0 439.0 1007.0 451.0
face 0.37 617.0 424.0 627.0 436.0
face 0.36 198.0 446.0 208.0 458.0
face 0.36 18.0 491.0 34.0 510.0
face 0.36 219.0 421.0 234.0 437.0
face 0.36 830.0 391.0 840.0 403.0
face 0.36 790.0 405.0 802.0 421.0
face 0.35 454.0 423.0 467.0 443.0
face 0.35 289.0 449.0 298.0 460.0
