face 1.00 905.0 353.0 924.0 376.0
face 1.00 852.0 414.0 868.0 435.0
face 1.00 620.0 389.0 637.0 412.0
face 0.98 745.0 378.0 759.0 397.0
face 0.97 1006.0 417.0 1021.0 437.0
face 0.96 919.0 376.0 942.0 405.0
face 0.95 967.0 404.0 991.0 433.0
face 0.79 799.0 421.0 815.0 444.0
face 0.64 681.0 231.0 693.0 246.0
face 0.49 795.0 499.0 812.0 521.0
face 0.49 697.0 0.0 760.0 66.0
face 0.47 239.0 22.0 276.0 70.0
face 0.45 73.0 498.0 99.0 536.0
face 0.45 786.0 641.0 806.0 667.0
face 0.42 233.0 425.0 257.0 459.0
face 0.38 37.0 45.0 83.0 114.0
face 0.37 62.0 102.0 87.0 137.0
face 0.36 744.0 429.0 758.0 446.0
face 0.36 439.0 13.0 455.0 33.0
face 0.35 719.0 -1.0 745.0 25.0
