face 0.96 664.0 354.0 762.0 428.0
face 0.52 1004.0 793.0 1025.0 823.0
face 0.52 231.0 3.0 267.0 46.0
face 0.49 7.0 225.0 105.0 373.0
face 0.48 43.0 1308.0 66.0 1336.0
face 0.46 737.0 483.0 785.0 548.0
face 0.42 50.0 1102.0 68.0 1121.0
face 0.39 789.0 752.0 814.0 780.0
face 0.38 558.0 44.0 575.0 70.0
face 0.37 1008.0 978.0 1022.0 996.0
face 0.37 386.0 299.0 402.0 320.0
face 0.37 990.0 30.0 1001.0 43.0
face 0.37 963.0 370.0 980.0 391.0
face 0.36 436.0 338.0 452.0 358.0
face 0.36 1011.0 680.0 1024.0 702.0
face 0.36 1012.0 642.0 1025.0 663.0
face 0.35 483.0 84.0 499.0 105.0
face 0.35 770.0 748.0 785.0 765.0
face 0.35 541.0 139.0 558.0 157.0
