face 1.00 456.0 460.0 649.0 705.0
face 1.00 799.0 279.0 972.0 462.0
face 0.89 421.0 582.0 449.0 618.0
face 0.56 651.0 859.0 757.0 964.0
face 0.54 615.0 1049.0 743.0 1206.0
face 0.51 127.0 949.0 318.0 1167.0
face 0.50 553.0 295.0 688.0 434.0
face 0.48 105.0 803.0 340.0 1053.0
face 0.46 800.0 979.0 899.0 1168.0
face 0.45 211.0 286.0 344.0 435.0
face 0.42 377.0 56.0 419.0 106.0
face 0.39 431.0 62.0 470.0 106.0
face 0.38 734.0 929.0 760.0 963.0
face 0.38 397.0 834.0 426.0 876.0
face 0.36 181.0 557.0 292.0 674.0
