face 1.00 501.0 226.0 543.0 285.0
face 0.97 321.0 611.0 334.0 629.0
face 0.96 221.0 611.0 232.0 626.0
face 0.84 625.0 588.0 641.0 610.0
face 0.78 565.0 619.0 579.0 637.0
face 0.72 16.0 612.0 27.0 626.0
face 0.71 254.0 627.0 267.0 640.0
face 0.68 669.0 94.0 680.0 108.0
face 0.62 25.0 595.0 37.0 610.0
face 0.55 84.0 619.0 95.0 633.0
face 0.44 152.0 624.0 163.0 638.0
face 0.43 525.0 317.0 538.0 332.0
face 0.43 456.0 326.0 487.0 359.0
face 0.42 314.0 395.0 355.0 444.0
face 0.42 189.0 393.0 216.0 436.0
face 0.42 542.0 628.0 556.0 640.0
face 0.41 311.0 597.0 321.0 609.0
face 0.40 134.0 586.0 145.0 600.0
face 0.40 337.0 265.0 359.0 293.0
face 0.39 902.0 437.0 915.0 454.0
face 0.38 758.0 599.0 772.0 617.0
face 0.37 914.0 402.0 931.0 422.0
face 0.37 860.0 493.0 874.0 510.0
face 0.37 1013.0 397.0 1024.0 412.0
face 0.37 687.0 94.0 698.0 106.0
face 0.36 135.0 566.0 145.0 579.0
face 0.36 14.0 95.0 25.0 108.0
face 0.36 32.0 93.0 44.0 108.0
face 0.36 728.0 236.0 738.0 251.0
face 0.36 30.0 630.0 41.0 641.0
face 0.36 254.0 565.0 274.0 591.0
face 0.36 682.0 620.0 696.0 638.0
face 0.36 301.0 556.0 312.0 570.0
face 0.35 330.0 55.0 347.0 78.0
face 0.35 40.0 605.0 50.0 618.0
face 0.35 8.0 597.0 19.0 610.0
