face 1.00 285.0 252.0 333.0 315.0
face 1.00 648.0 406.0 669.0 432.0
face 1.00 438.0 190.0 486.0 252.0
face 1.00 704.0 311.0 727.0 340.0
face 1.00 771.0 409.0 792.0 436.0
face 1.00 800.0 408.0 821.0 435.0
face 0.99 604.0 414.0 621.0 435.0
face 0.98 111.0 372.0 126.0 390.0
face 0.97 28.0 207.0 42.0 223.0
face 0.96 48.0 222.0 61.0 238.0
face 0.93 647.0 321.0 663.0 342.0
face 0.93 249.0 169.0 264.0 186.0
face 0.89 141.0 230.0 156.0 249.0
face 0.89 33.0 138.0 52.0 162.0
face 0.89 206.0 292.0 223.0 315.0
face 0.86 75.0 207.0 89.0 223.0
face 0.85 928.0 117.0 1026.0 246.0
face 0.84 433.0 133.0 449.0 151.0
face 0.84 183.0 247.0 197.0 265.0
face 0.84 619.0 400.0 632.0 416.0
face 0.79 113.0 211.0 128.0 230.0
face 0.78 33.0 374.0 48.0 392.0
face 0.77 63.0 108.0 78.0 127.0
face 0.74 47.0 175.0 60.0 192.0
face 0.72 194.0 189.0 209.0 207.0
face 0.71 192.0 119.0 205.0 136.0
face 0.70 536.0 39.0 548.0 53.0
face 0.70 192.0 158.0 204.0 173.0
face 0.70 207.0 263.0 218.0 276.0
face 0.70 151.0 200.0 167.0 219.0
face 0.70 786.0 384.0 802.0 404.0
face 0.69 405.0 368.0 424.0 393.0
face 0.69 653.0 250.0 667.0 267.0
face 0.68 513.0 185.0 527.0 202.0
face 0.68 289.0 200.0 310.0 225.0
face 0.68 614.0 172.0 627.0 189.0
face 0.67 29.0 117.0 41.0 132.0
face 0.66 9.0 289.0 25.0 308.0
face 0.65 634.0 377.0 649.0 396.0
face 0.63 171.0 271.0 183.0 287.0
face 0.62 85.0 94.0 99.0 113.0
face 0.62 95.0 39.0 120.0 69.0
face 0.60 87.0 180.0 100.0 198.0
face 0.60 742.0 327.0 755.0 344.0
face 0.60 44.0 95.0 56.0 111.0
face 0.59 753.0 274.0 769.0 296.0
face 0.58 391.0 138.0 404.0 155.0
face 0.58 105.0 300.0 119.0 317.0
face 0.57 54.0 43.0 69.0 61.0
face 0.56 743.0 150.0 766.0 177.0
face 0.56 601.0 144.0 614.0 160.0
face 0.55 131.0 70.0 144.0 85.0
face 0.55 162.0 43.0 173.0 57.0
face 0.54 339.0 222.0 355.0 241.0
face 0.54 731.0 307.0 746.0 324.0
face 0.53 86.0 445.0 97.0 459.0
face 0.53 102.0 231.0 113.0 244.0
face 0.53 496.0 96.0 509.0 111.0
face 0.52 185.0 291.0 208.0 318.0
face 0.51 705.0 257.0 720.0 275.0
face 0.51 609.0 216.0 622.0 232.0
face 0.50 493.0 118.0 507.0 136.0
face 0.50 40.0 163.0 51.0 177.0
face 0.50 166.0 100.0 178.0 115.0
face 0.50 87.0 316.0 102.0 335.0
face 0.50 641.0 544.0 656.0 562.0
face 0.49 52.0 372.0 64.0 388.0
face 0.49 49.0 73.0 63.0 90.0
face 0.49 45.0 261.0 57.0 275.0
face 0.48 36.0 325.0 50.0 341.0
face 0.48 152.0 109.0 165.0 125.0
face 0.47 265.0 6.0 278.0 22.0
face 0.47 403.0 119.0 416.0 135.0
face 0.45 211.0 404.0 224.0 422.0
face 0.45 240.0 240.0 254.0 258.0
face 0.45 30.0 287.0 46.0 308.0
face 0.45 796.0 208.0 812.0 228.0
face 0.45 396.0 99.0 412.0 121.0
face 0.44 754.0 123.0 767.0 140.0
face 0.44 562.0 413.0 581.0 435.0
face 0.43 318.0 332.0 332.0 348.0
face 0.43 725.0 196.0 737.0 210.0
face 0.43 516.0 172.0 532.0 191.0
face 0.43 357.0 35.0 382.0 64.0
face 0.43 28.0 23.0 40.0 38.0
face 0.42 394.0 210.0 409.0 229.0
face 0.42 202.0 138.0 216.0 156.0
face 0.41 780.0 359.0 792.0 372.0
face 0.41 803.0 274.0 816.0 291.0
face 0.41 385.0 163.0 415.0 199.0
face 0.41 467.0 114.0 480.0 129.0
face 0.41 223.0 65.0 238.0 82.0
face 0.40 727.0 214.0 739.0 229.0
face 0.40 260.0 144.0 272.0 158.0
face 0.40 200.0 97.0 214.0 114.0
face 0.40 734.0 143.0 745.0 156.0
face 0.40 683.0 227.0 700.0 246.0
face 0.40 62.0 155.0 86.0 187.0
face 0.39 644.0 216.0 660.0 235.0
face 0.39 483.0 202.0 500.0 223.0
face 0.39 538.0 126.0 556.0 145.0
face 0.39 340.0 522.0 359.0 542.0
face 0.39 122.0 110.0 145.0 140.0
face 0.39 606.0 191.0 619.0 208.0
face 0.39 46.0 378.0 60.0 395.0
face 0.38 677.0 148.0 688.0 163.0
face 0.38 439.0 154.0 453.0 172.0
face 0.38 628.0 146.0 644.0 166.0
face 0.38 2.0 180.0 23.0 211.0
face 0.38 62.0 195.0 75.0 211.0
face 0.37 424.0 123.0 439.0 140.0
face 0.37 380.0 4.0 392.0 19.0
face 0.37 101.0 36.0 114.0 50.0
face 0.37 701.0 349.0 715.0 367.0
face 0.37 153.0 306.0 167.0 323.0
face 0.37 690.0 219.0 703.0 236.0
face 0.37 109.0 327.0 124.0 342.0
face 0.37 634.0 365.0 650.0 384.0
face 0.37 438.0 474.0 451.0 492.0
face 0.36 221.0 149.0 233.0 163.0
face 0.36 229.0 391.0 241.0 405.0
face 0.36 978.0 4.0 1023.0 79.0
face 0.36 694.0 140.0 707.0 154.0
face 0.36 252.0 229.0 263.0 243.0
face 0.36 768.0 132.0 781.0 149.0
face 0.36 180.0 286.0 193.0 300.0
face 0.36 107.0 77.0 123.0 96.0
face 0.36 810.0 233.0 827.0 254.0
face 0.36 101.0 259.0 117.0 279.0
face 0.36 12.0 133.0 25.0 149.0
face 0.36 253.0 275.0 265.0 289.0
face 0.36 774.0 278.0 789.0 294.0
face 0.36 628.0 520.0 643.0 539.0
face 0.36 118.0 143.0 129.0 157.0
face 0.36 126.0 213.0 138.0 228.0
face 0.36 194.0 52.0 209.0 70.0
face 0.36 142.0 45.0 153.0 58.0
face 0.36 413.0 197.0 423.0 209.0
face 0.36 60.0 212.0 72.0 227.0
face 0.36 140.0 267.0 156.0 286.0
face 0.36 120.0 134.0 130.0 147.0
face 0.36 741.0 226.0 755.0 243.0
face 0.35 102.0 333.0 112.0 347.0
face 0.35 214.0 166.0 225.0 180.0
face 0.35 767.0 109.0 779.0 125.0
face 0.35 668.0 212.0 684.0 232.0
face 0.35 92.0 141.0 105.0 156.0
face 0.35 103.0 118.0 113.0 131.0
face 0.35 197.0 183.0 208.0 196.0
face 0.35 686.0 388.0 701.0 406.0
face 0.35 109.0 125.0 120.0 140.0
face 0.35 353.0 438.0 370.0 460.0
face 0.35 39.0 127.0 49.0 139.0
face 0.35 50.0 515.0 66.0 532.0
face 0.35 78.0 403.0 89.0 418.0
face 0.35 64.0 388.0 76.0 403.0
face 0.35 183.0 4.0 197.0 20.0
face 0.35 204.0 276.0 216.0 293.0
face 0.35 675.0 395.0 691.0 413.0
face 0.35 20.0 132.0 34.0 148.0
face 0.35 532.0 149.0 546.0 166.0
face 0.35 679.0 237.0 691.0 250.0
face 0.35 88.0 292.0 98.0 304.0
face 0.35 127.0 133.0 138.0 146.0
