face 1.00 527.0 57.0 592.0 148.0
face 1.00 935.0 356.0 983.0 414.0
face 1.00 868.0 330.0 910.0 382.0
face 1.00 226.0 71.0 283.0 134.0
face 1.00 985.0 343.0 1024.0 395.0
face 0.99 355.0 154.0 393.0 201.0
face 0.99 887.0 376.0 925.0 421.0
face 0.99 467.0 162.0 519.0 222.0
face 0.97 757.0 352.0 811.0 414.0
face 0.90 773.0 109.0 814.0 161.0
face 0.85 947.0 158.0 996.0 216.0
face 0.84 973.0 513.0 1000.0 548.0
face 0.77 355.0 48.0 406.0 117.0
face 0.75 921.0 119.0 953.0 161.0
face 0.68 854.0 197.0 881.0 231.0
face 0.61 421.0 24.0 454.0 64.0
face 0.55 282.0 141.0 308.0 178.0
face 0.47 945.0 48.0 983.0 96.0
face 0.39 831.0 186.0 877.0 248.0
face 0.38 763.0 612.0 781.0 633.0
face 0.37 454.0 489.0 543.0 569.0
face 0.37 498.0 83.0 549.0 151.0
face 0.37 184.0 214.0 239.0 279.0
face 0.37 738.0 151.0 774.0 189.0
face 0.36 181.0 327.0 221.0 389.0
face 0.35 27.0 653.0 43.0 672.0
face 0.35 117.0 681.0 134.0 696.0
face 0.35 897.0 420.0 924.0 451.0
