face 1.00 607.0 721.0 629.0 750.0
face 0.99 294.0 432.0 350.0 508.0
face 0.76 720.0 473.0 777.0 543.0
face 0.70 458.0 641.0 502.0 695.0
face 0.67 549.0 461.0 576.0 491.0
face 0.66 131.0 485.0 153.0 514.0
face 0.65 747.0 475.0 762.0 493.0
face 0.64 36.0 601.0 62.0 634.0
face 0.61 134.0 683.0 146.0 698.0
face 0.59 261.0 536.0 277.0 559.0
face 0.58 75.0 765.0 91.0 783.0
face 0.46 1003.0 619.0 1017.0 637.0
face 0.45 650.0 717.0 670.0 744.0
face 0.44 118.0 676.0 130.0 691.0
face 0.43 116.0 701.0 131.0 719.0
face 0.43 1013.0 606.0 1024.0 620.0
face 0.42 677.0 37.0 702.0 68.0
face 0.42 942.0 520.0 957.0 538.0
face 0.42 773.0 505.0 788.0 523.0
face 0.42 596.0 765.0 610.0 783.0
face 0.41 239.0 616.0 253.0 634.0
face 0.41 348.0 514.0 364.0 533.0
face 0.41 39.0 645.0 51.0 661.0
face 0.41 446.0 160.0 463.0 182.0
face 0.39 104.0 604.0 124.0 629.0
face 0.39 422.0 724.0 439.0 743.0
face 0.39 15.0 734.0 27.0 747.0
face 0.39 455.0 602.0 470.0 621.0
face 0.38 100.0 755.0 115.0 772.0
face 0.38 581.0 660.0 595.0 679.0
face 0.38 118.0 755.0 129.0 768.0
face 0.37 695.0 21.0 705.0 32.0
face 0.37 125.0 678.0 138.0 693.0
face 0.37 165.0 722.0 177.0 738.0
face 0.37 506.0 671.0 521.0 691.0
face 0.37 31.0 589.0 45.0 604.0
face 0.37 29.0 606.0 41.0 621.0
face 0.37 117.0 763.0 132.0 783.0
face 0.37 705.0 35.0 719.0 53.0
face 0.37 86.0 767.0 97.0 780.0
face 0.37 627.0 721.0 644.0 743.0
face 0.37 688.0 23.0 698.0 35.0
face 0.37 116.0 724.0 128.0 739.0
face 0.37 1005.0 632.0 1023.0 660.0
face 0.36 109.0 750.0 124.0 767.0
face 0.36 987.0 761.0 1025.0 817.0
face 0.36 54.0 658.0 66.0 673.0
face 0.36 79.0 740.0 89.0 753.0
face 0.36 71.0 710.0 81.0 722.0
face 0.36 471.0 1022.0 494.0 1059.0
face 0.36 679.0 6.0 690.0 18.0
face 0.36 71.0 669.0 84.0 688.0
face 0.36 24.0 667.0 35.0 680.0
face 0.36 103.0 765.0 114.0 779.0
face 0.36 701.0 10.0 715.0 27.0
face 0.36 656.0 28.0 667.0 41.0
face 0.36 78.0 759.0 89.0 771.0
face 0.36 96.0 757.0 107.0 769.0
face 0.36 48.0 663.0 59.0 675.0
face 0.36 654.0 6.0 665.0 18.0
face 0.36 50.0 670.0 60.0 682.0
face 0.36 425.0 687.0 433.0 696.0
face 0.36 87.0 758.0 97.0 770.0
face 0.36 39.0 628.0 50.0 641.0
face 0.36 604.0 605.0 639.0 646.0
face 0.36 23.0 716.0 34.0 728.0
face 0.36 282.0 470.0 297.0 491.0
face 0.36 54.0 690.0 65.0 704.0
face 0.35 118.0 696.0 130.0 710.0
face 0.35 150.0 703.0 160.0 715.0
face 0.35 72.0 771.0 83.0 783.0
face 0.35 125.0 717.0 138.0 733.0
face 0.35 125.0 767.0 136.0 781.0
face 0.35 13.0 622.0 24.0 636.0
face 0.35 110.0 677.0 123.0 693.0
face 0.35 104.0 684.0 116.0 699.0
face 0.35 679.0 25.0 690.0 36.0
face 0.35 61.0 653.0 72.0 666.0
face 0.35 772.0 1028.0 786.0 1046.0
face 0.35 46.0 529.0 61.0 547.0
face 0.35 271.0 504.0 285.0 521.0
face 0.35 982.0 713.0 997.0 733.0
face 0.35 263.0 623.0 274.0 635.0
face 0.35 61.0 820.0 72.0 833.0
face 0.35 708.0 30.0 719.0 43.0
face 0.35 70.0 725.0 81.0 739.0
face 0.35 112.0 709.0 123.0 722.0
face 0.35 125.0 702.0 136.0 714.0
face 0.35 46.0 725.0 56.0 738.0
face 0.35 1000.0 627.0 1011.0 641.0
face 0.35 135.0 741.0 145.0 753.0
face 0.35 96.0 774.0 107.0 786.0
face 0.35 703.0 22.0 713.0 33.0
face 0.35 55.0 813.0 66.0 827.0
face 0.35 56.0 838.0 66.0 851.0
face 0.35 158.0 685.0 168.0 696.0
