face 0.65 921.0 134.0 935.0 150.0
face 0.64 78.0 312.0 94.0 334.0
face 0.64 792.0 87.0 823.0 122.0
face 0.61 331.0 318.0 349.0 340.0
face 0.51 358.0 174.0 384.0 208.0
face 0.45 798.0 86.0 808.0 99.0
face 0.44 920.0 77.0 933.0 93.0
face 0.44 513.0 262.0 557.0 320.0
face 0.43 350.0 315.0 365.0 334.0
face 0.43 333.0 220.0 347.0 240.0
face 0.42 465.0 492.0 494.0 526.0
face 0.39 527.0 304.0 538.0 317.0
face 0.39 703.0 107.0 714.0 120.0
face 0.39 49.0 131.0 95.0 187.0
face 0.38 504.0 300.0 517.0 316.0
face 0.38 110.0 64.0 124.0 80.0
face 0.38 840.0 100.0 852.0 114.0
face 0.37 11.0 226.0 29.0 246.0
face 0.37 520.0 308.0 530.0 320.0
face 0.37 464.0 205.0 477.0 222.0
face 0.37 950.0 37.0 963.0 52.0
face 0.37 122.0 560.0 139.0 578.0
face 0.36 12.0 265.0 25.0 284.0
face 0.36 166.0 571.0 183.0 588.0
face 0.36 27.0 201.0 41.0 218.0
face 0.36 126.0 114.0 138.0 128.0
face 0.36 6.0 236.0 19.0 251.0
face 0.36 311.0 68.0 325.0 85.0
face 0.36 374.0 324.0 385.0 337.0
face 0.35 342.0 212.0 352.0 226.0
face 0.35 524.0 270.0 535.0 285.0
face 0.35 783.0 132.0 798.0 150.0
face 0.35 527.0 295.0 537.0 308.0
face 0.35 303.0 421.0 314.0 435.0
face 0.35 75.0 291.0 90.0 309.0
face 0.35 527.0 316.0 538.0 330.0
