face 1.00 746.0 129.0 773.0 162.0
face 1.00 404.0 214.0 429.0 245.0
face 1.00 646.0 217.0 668.0 244.0
face 1.00 131.0 55.0 159.0 92.0
face 1.00 542.0 232.0 561.0 259.0
face 0.99 881.0 85.0 909.0 122.0
face 0.85 283.0 80.0 312.0 119.0
face 0.82 467.0 211.0 482.0 228.0
face 0.77 447.0 191.0 469.0 218.0
face 0.73 383.0 188.0 396.0 204.0
face 0.72 519.0 204.0 532.0 220.0
face 0.70 498.0 313.0 516.0 334.0
face 0.70 88.0 24.0 100.0 37.0
face 0.69 755.0 222.0 779.0 251.0
face 0.64 554.0 199.0 569.0 218.0
face 0.61 800.0 286.0 811.0 299.0
face 0.54 272.0 71.0 300.0 101.0
face 0.53 834.0 155.0 848.0 172.0
face 0.51 978.0 72.0 995.0 92.0
face 0.48 860.0 259.0 875.0 277.0
face 0.47 862.0 79.0 873.0 92.0
face 0.42 439.0 231.0 449.0 243.0
face 0.41 508.0 189.0 524.0 207.0
face 0.40 734.0 158.0 749.0 175.0
face 0.40 846.0 264.0 858.0 280.0
face 0.40 298.0 89.0 315.0 117.0
face 0.39 367.0 243.0 377.0 257.0
face 0.39 680.0 196.0 697.0 216.0
face 0.38 961.0 149.0 985.0 178.0
face 0.38 841.0 267.0 851.0 280.0
face 0.37 394.0 180.0 408.0 196.0
face 0.37 944.0 134.0 956.0 147.0
face 0.36 528.0 223.0 538.0 235.0
face 0.36 634.0 405.0 648.0 422.0
face 0.36 446.0 189.0 459.0 204.0
face 0.36 430.0 197.0 442.0 210.0
face 0.36 448.0 204.0 459.0 217.0
face 0.36 755.0 285.0 768.0 300.0
face 0.36 667.0 121.0 682.0 138.0
face 0.36 528.0 303.0 539.0 318.0
face 0.36 744.0 301.0 755.0 315.0
face 0.36 548.0 222.0 562.0 238.0
face 0.35 603.0 264.0 619.0 284.0
face 0.35 567.0 191.0 577.0 205.0
face 0.35 390.0 195.0 401.0 209.0
face 0.35 439.0 180.0 449.0 194.0
face 0.35 524.0 231.0 538.0 251.0
face 0.35 113.0 27.0 127.0 46.0
face 0.35 509.0 374.0 521.0 388.0
face 0.35 825.0 131.0 839.0 150.0
face 0.35 840.0 152.0 850.0 165.0
face 0.35 844.0 153.0 858.0 170.0
face 0.35 373.0 231.0 383.0 241.0
face 0.35 441.0 223.0 450.0 234.0
face 0.35 526.0 381.0 537.0 394.0
