face 1.00 437.0 152.0 564.0 308.0
face 0.64 578.0 553.0 593.0 573.0
face 0.61 382.0 470.0 523.0 635.0
face 0.53 820.0 1544.0 835.0 1563.0
face 0.46 751.0 1422.0 765.0 1438.0
face 0.44 916.0 673.0 934.0 695.0
face 0.41 549.0 1512.0 563.0 1530.0
face 0.41 98.0 1605.0 110.0 1621.0
face 0.39 516.0 1722.0 531.0 1737.0
face 0.38 542.0 1470.0 552.0 1482.0
face 0.37 100.0 1355.0 115.0 1373.0
face 0.37 576.0 1405.0 590.0 1422.0
face 0.36 631.0 1685.0 642.0 1697.0
face 0.36 780.0 1427.0 796.0 1446.0
face 0.36 300.0 1369.0 314.0 1386.0
face 0.36 133.0 1352.0 148.0 1371.0
face 0.36 190.0 1463.0 202.0 1476.0
face 0.35 419.0 1214.0 500.0 1296.0
face 0.35 828.0 1702.0 844.0 1720.0
face 0.35 140.0 1379.0 154.0 1396.0
face 0.35 820.0 1670.0 835.0 1687.0
face 0.35 741.0 1380.0 756.0 1396.0
face 0.35 915.0 1404.0 929.0 1422.0
face 0.35 919.0 1390.0 932.0 1404.0
face 0.35 429.0 1315.0 451.0 1341.0
