face 1.00 437.0 192.0 518.0 293.0
face 0.61 380.0 385.0 521.0 625.0
face 0.50 767.0 399.0 778.0 413.0
face 0.42 958.0 618.0 972.0 635.0
face 0.41 968.0 384.0 978.0 396.0
face 0.40 682.0 348.0 721.0 389.0
face 0.39 825.0 549.0 837.0 563.0
face 0.38 909.0 653.0 920.0 667.0
face 0.38 775.0 485.0 786.0 498.0
face 0.37 656.0 668.0 668.0 683.0
face 0.37 886.0 387.0 901.0 404.0
face 0.37 772.0 709.0 783.0 722.0
face 0.36 935.0 516.0 946.0 530.0
face 0.36 749.0 437.0 760.0 450.0
face 0.35 814.0 765.0 825.0 778.0
face 0.35 980.0 302.0 991.0 316.0
face 0.35 938.0 196.0 953.0 214.0
face 0.35 1002.0 436.0 1018.0 454.0
face 0.35 822.0 595.0 836.0 611.0
face 0.35 768.0 422.0 778.0 433.0
face 0.35 745.0 430.0 754.0 442.0
face 0.35 996.0 556.0 1008.0 572.0
face 0.35 734.0 500.0 745.0 513.0
face 0.35 982.0 412.0 993.0 425.0
face 0.35 752.0 484.0 763.0 496.0
