face 0.91 474.0 21.0 561.0 120.0
face 0.90 629.0 26.0 857.0 296.0
face 0.62 713.0 246.0 803.0 358.0
face 0.58 797.0 81.0 1027.0 371.0
face 0.49 241.0 714.0 277.0 753.0
face 0.47 479.0 445.0 502.0 475.0
face 0.46 538.0 483.0 552.0 502.0
face 0.45 597.0 723.0 609.0 739.0
face 0.45 527.0 683.0 541.0 702.0
face 0.42 3.0 630.0 18.0 650.0
face 0.42 477.0 40.0 502.0 69.0
face 0.41 243.0 563.0 260.0 585.0
face 0.39 531.0 76.0 546.0 94.0
face 0.38 830.0 716.0 842.0 730.0
face 0.38 58.0 690.0 75.0 712.0
face 0.38 698.0 731.0 714.0 750.0
face 0.38 454.0 42.0 480.0 79.0
face 0.38 197.0 705.0 212.0 722.0
face 0.37 799.0 637.0 809.0 650.0
face 0.37 527.0 69.0 538.0 82.0
face 0.36 191.0 702.0 202.0 717.0
face 0.36 648.0 722.0 660.0 738.0
face 0.36 615.0 719.0 626.0 732.0
face 0.36 623.0 719.0 633.0 730.0
face 0.36 55.0 724.0 66.0 736.0
face 0.36 639.0 710.0 649.0 722.0
face 0.36 798.0 748.0 808.0 761.0
face 0.36 46.0 698.0 61.0 716.0
face 0.36 879.0 669.0 891.0 682.0
face 0.36 607.0 720.0 617.0 732.0
face 0.36 350.0 348.0 362.0 362.0
face 0.36 205.0 710.0 217.0 724.0
face 0.36 807.0 307.0 821.0 325.0
face 0.36 239.0 725.0 253.0 741.0
face 0.36 758.0 597.0 770.0 611.0
face 0.36 44.0 715.0 61.0 734.0
face 0.36 205.0 657.0 219.0 674.0
face 0.35 698.0 625.0 717.0 645.0
face 0.35 206.0 702.0 217.0 715.0
face 0.35 54.0 698.0 66.0 712.0
face 0.35 886.0 662.0 896.0 674.0
face 0.35 638.0 724.0 650.0 739.0
face 0.35 839.0 728.0 850.0 739.0
face 0.35 79.0 716.0 90.0 729.0
face 0.35 199.0 722.0 214.0 739.0
face 0.35 814.0 723.0 826.0 738.0
face 0.35 47.0 694.0 57.0 707.0
face 0.35 630.0 728.0 640.0 739.0
face 0.35 837.0 662.0 849.0 674.0
