face 1.00 850.0 483.0 882.0 522.0
face 1.00 512.0 225.0 561.0 309.0
face 1.00 227.0 449.0 262.0 488.0
face 0.48 435.0 136.0 489.0 194.0
face 0.46 162.0 697.0 188.0 727.0
face 0.45 508.0 526.0 523.0 544.0
face 0.43 773.0 558.0 789.0 576.0
face 0.42 712.0 787.0 725.0 804.0
face 0.41 554.0 236.0 605.0 312.0
face 0.40 116.0 532.0 133.0 554.0
face 0.39 528.0 443.0 557.0 478.0
face 0.38 418.0 290.0 460.0 351.0
face 0.38 465.0 859.0 480.0 877.0
face 0.36 819.0 460.0 836.0 480.0
face 0.36 117.0 510.0 129.0 524.0
