face 1.00 404.0 80.0 449.0 138.0
face 1.00 272.0 96.0 312.0 148.0
face 1.00 668.0 253.0 714.0 307.0
face 1.00 417.0 264.0 461.0 319.0
face 1.00 797.0 98.0 839.0 151.0
face 1.00 797.0 249.0 841.0 306.0
face 1.00 668.0 89.0 707.0 140.0
face 1.00 184.0 71.0 228.0 129.0
face 1.00 562.0 101.0 603.0 153.0
face 1.00 285.0 288.0 332.0 342.0
face 1.00 527.0 272.0 571.0 325.0
face 0.83 91.0 513.0 127.0 579.0
face 0.82 707.0 451.0 738.0 491.0
face 0.72 365.0 22.0 376.0 35.0
face 0.62 97.0 47.0 107.0 60.0
face 0.62 328.0 38.0 338.0 50.0
face 0.61 381.0 14.0 394.0 29.0
face 0.61 117.0 98.0 133.0 118.0
face 0.56 349.0 52.0 362.0 67.0
face 0.53 603.0 85.0 617.0 101.0
face 0.52 775.0 28.0 789.0 44.0
face 0.51 61.0 64.0 72.0 77.0
face 0.50 953.0 94.0 964.0 106.0
face 0.50 152.0 84.0 164.0 99.0
face 0.48 291.0 47.0 302.0 61.0
face 0.46 494.0 71.0 504.0 84.0
face 0.46 493.0 587.0 505.0 601.0
face 0.45 741.0 95.0 755.0 111.0
face 0.44 903.0 60.0 915.0 74.0
face 0.44 680.0 49.0 689.0 59.0
face 0.44 963.0 68.0 977.0 85.0
face 0.43 854.0 88.0 865.0 100.0
face 0.43 542.0 84.0 554.0 98.0
face 0.43 635.0 89.0 651.0 108.0
face 0.43 472.0 98.0 484.0 114.0
face 0.43 776.0 54.0 790.0 68.0
face 0.42 632.0 48.0 642.0 60.0
face 0.42 780.0 437.0 807.0 465.0
face 0.42 699.0 589.0 712.0 605.0
face 0.42 491.0 303.0 522.0 343.0
face 0.42 23.0 77.0 34.0 91.0
face 0.42 350.0 80.0 360.0 92.0
face 0.41 368.0 78.0 377.0 90.0
face 0.41 452.0 569.0 466.0 587.0
face 0.41 542.0 588.0 554.0 603.0
face 0.40 303.0 16.0 312.0 27.0
face 0.40 72.0 28.0 84.0 42.0
face 0.40 5.0 1.0 17.0 14.0
face 0.40 695.0 30.0 705.0 41.0
face 0.40 351.0 39.0 361.0 51.0
face 0.40 317.0 14.0 326.0 26.0
face 0.39 711.0 63.0 723.0 78.0
face 0.39 680.0 3.0 689.0 15.0
face 0.39 12.0 103.0 22.0 116.0
face 0.39 461.0 22.0 474.0 36.0
face 0.39 965.0 77.0 977.0 92.0
face 0.39 80.0 61.0 90.0 73.0
face 0.39 537.0 87.0 547.0 98.0
face 0.39 119.0 31.0 129.0 42.0
face 0.39 342.0 605.0 356.0 620.0
face 0.38 62.0 7.0 72.0 20.0
face 0.38 412.0 25.0 425.0 41.0
face 0.38 917.0 78.0 926.0 89.0
face 0.38 117.0 0.0 133.0 14.0
face 0.38 62.0 45.0 73.0 57.0
face 0.38 309.0 47.0 318.0 58.0
face 0.38 366.0 73.0 375.0 83.0
face 0.38 310.0 69.0 319.0 80.0
face 0.38 430.0 22.0 441.0 35.0
face 0.38 536.0 63.0 546.0 74.0
face 0.38 47.0 93.0 57.0 105.0
face 0.38 665.0 38.0 674.0 49.0
face 0.38 263.0 30.0 272.0 41.0
face 0.38 525.0 45.0 536.0 58.0
face 0.38 246.0 68.0 256.0 80.0
face 0.38 46.0 76.0 58.0 91.0
face 0.38 164.0 53.0 176.0 67.0
face 0.38 1.0 35.0 12.0 52.0
face 0.37 1007.0 80.0 1017.0 94.0
face 0.37 377.0 60.0 387.0 71.0
face 0.37 29.0 105.0 44.0 122.0
face 0.37 841.0 188.0 857.0 207.0
face 0.37 606.0 -1.0 620.0 11.0
face 0.37 134.0 88.0 145.0 99.0
face 0.37 624.0 30.0 634.0 41.0
face 0.37 136.0 52.0 146.0 63.0
face 0.37 310.0 39.0 319.0 49.0
face 0.37 638.0 48.0 647.0 58.0
face 0.37 517.0 23.0 527.0 34.0
face 0.37 649.0 37.0 658.0 48.0
face 0.37 983.0 93.0 993.0 105.0
face 0.37 880.0 69.0 889.0 80.0
face 0.37 327.0 72.0 336.0 82.0
face 0.37 311.0 53.0 320.0 64.0
face 0.37 863.0 47.0 873.0 59.0
face 0.37 96.0 37.0 108.0 52.0
face 0.37 463.0 38.0 475.0 53.0
face 0.37 586.0 589.0 601.0 606.0
face 0.37 134.0 101.0 147.0 115.0
face 0.37 95.0 30.0 106.0 43.0
face 0.37 33.0 31.0 43.0 43.0
face 0.37 343.0 31.0 352.0 42.0
face 0.37 67.0 69.0 78.0 83.0
face 0.37 36.0 39.0 46.0 51.0
face 0.37 352.0 12.0 361.0 23.0
face 0.37 879.0 39.0 888.0 50.0
face 0.37 79.0 46.0 88.0 57.0
face 0.37 902.0 36.0 913.0 49.0
face 0.37 544.0 46.0 553.0 57.0
face 0.37 948.0 76.0 961.0 91.0
face 0.37 71.0 15.0 81.0 26.0
face 0.37 663.0 47.0 672.0 58.0
face 0.37 894.0 32.0 903.0 43.0
face 0.37 503.0 101.0 512.0 113.0
face 0.37 456.0 21.0 466.0 34.0
face 0.37 512.0 28.0 522.0 40.0
face 0.37 886.0 46.0 895.0 57.0
face 0.37 944.0 78.0 953.0 89.0
face 0.37 937.0 78.0 945.0 88.0
face 0.37 288.0 39.0 298.0 50.0
face 0.37 625.0 53.0 635.0 64.0
face 0.37 950.0 70.0 960.0 82.0
face 0.37 537.0 29.0 545.0 40.0
face 0.37 137.0 93.0 147.0 105.0
face 0.37 335.0 21.0 345.0 32.0
face 0.37 344.0 46.0 355.0 58.0
face 0.37 864.0 78.0 873.0 90.0
face 0.37 541.0 62.0 551.0 73.0
face 0.37 255.0 30.0 268.0 45.0
face 0.37 62.0 55.0 72.0 67.0
face 0.37 56.0 48.0 66.0 58.0
face 0.37 766.0 55.0 776.0 67.0
face 0.37 789.0 30.0 800.0 42.0
face 0.37 579.0 22.0 592.0 38.0
face 0.37 861.0 52.0 871.0 64.0
face 0.37 525.0 62.0 537.0 76.0
face 0.37 535.0 92.0 545.0 104.0
face 0.37 598.0 40.0 608.0 52.0
face 0.37 319.0 21.0 328.0 32.0
face 0.37 316.0 4.0 328.0 20.0
face 0.37 894.0 75.0 904.0 90.0
face 0.37 361.0 70.0 370.0 80.0
face 0.37 868.0 45.0 880.0 57.0
face 0.37 374.0 21.0 384.0 33.0
face 0.37 510.0 15.0 520.0 26.0
face 0.37 134.0 22.0 143.0 33.0
face 0.36 582.0 60.0 592.0 73.0
face 0.36 85.0 61.0 96.0 73.0
face 0.36 302.0 52.0 313.0 64.0
face 0.36 632.0 13.0 641.0 24.0
face 0.36 615.0 30.0 625.0 41.0
face 0.36 141.0 46.0 150.0 58.0
face 0.36 921.0 38.0 931.0 50.0
face 0.36 39.0 71.0 51.0 85.0
face 0.36 702.0 52.0 711.0 64.0
face 0.36 887.0 95.0 898.0 108.0
face 0.36 37.0 45.0 47.0 57.0
face 0.36 175.0 46.0 187.0 60.0
face 0.36 111.0 54.0 120.0 66.0
face 0.36 167.0 48.0 177.0 59.0
face 0.36 544.0 38.0 553.0 50.0
face 0.36 920.0 54.0 931.0 68.0
face 0.36 615.0 70.0 625.0 80.0
face 0.36 879.0 44.0 891.0 57.0
face 0.36 639.0 62.0 650.0 75.0
face 0.36 800.0 15.0 810.0 26.0
face 0.36 816.0 46.0 827.0 60.0
face 0.36 967.0 54.0 977.0 65.0
face 0.36 440.0 4.0 451.0 18.0
face 0.36 320.0 31.0 330.0 42.0
face 0.36 903.0 45.0 913.0 57.0
face 0.36 79.0 39.0 88.0 50.0
face 0.36 57.0 53.0 67.0 65.0
face 0.36 314.0 189.0 327.0 206.0
face 0.36 30.0 76.0 41.0 89.0
face 0.36 622.0 88.0 632.0 99.0
face 0.36 23.0 20.0 35.0 33.0
face 0.36 509.0 94.0 521.0 108.0
face 0.36 654.0 39.0 663.0 49.0
face 0.36 872.0 69.0 881.0 80.0
face 0.36 333.0 7.0 342.0 18.0
face 0.36 518.0 62.0 529.0 75.0
face 0.36 343.0 38.0 354.0 51.0
face 0.36 334.0 13.0 343.0 25.0
face 0.36 855.0 46.0 865.0 58.0
face 0.36 108.0 12.0 119.0 26.0
face 0.36 359.0 62.0 368.0 73.0
face 0.36 342.0 102.0 353.0 115.0
face 0.36 594.0 182.0 611.0 202.0
face 0.36 278.0 62.0 289.0 74.0
face 0.36 133.0 108.0 146.0 122.0
face 0.36 89.0 30.0 98.0 41.0
face 0.36 53.0 76.0 66.0 91.0
face 0.36 872.0 39.0 882.0 50.0
face 0.36 646.0 139.0 660.0 156.0
face 0.36 639.0 53.0 649.0 64.0
face 0.36 334.0 31.0 346.0 44.0
face 0.36 504.0 86.0 514.0 98.0
face 0.36 399.0 20.0 411.0 35.0
face 0.36 543.0 55.0 552.0 66.0
face 0.36 504.0 31.0 513.0 42.0
face 0.36 1000.0 77.0 1011.0 92.0
face 0.36 904.0 96.0 914.0 107.0
face 0.36 647.0 32.0 656.0 43.0
face 0.36 345.0 79.0 355.0 90.0
face 0.36 350.0 93.0 361.0 107.0
face 0.36 77.0 23.0 88.0 35.0
face 0.36 31.0 63.0 40.0 74.0
face 0.36 469.0 1.0 482.0 16.0
face 0.36 480.0 53.0 490.0 67.0
face 0.36 456.0 29.0 466.0 41.0
face 0.36 88.0 38.0 96.0 49.0
face 0.36 958.0 100.0 968.0 112.0
face 0.36 270.0 61.0 284.0 79.0
face 0.36 622.0 24.0 632.0 35.0
face 0.36 614.0 21.0 626.0 35.0
face 0.36 909.0 61.0 920.0 73.0
face 0.36 135.0 39.0 147.0 53.0
face 0.36 950.0 87.0 961.0 100.0
face 0.36 144.0 116.0 155.0 128.0
face 0.36 127.0 20.0 138.0 34.0
face 0.36 664.0 32.0 673.0 43.0
face 0.36 56.0 70.0 66.0 81.0
face 0.36 311.0 86.0 321.0 99.0
face 0.36 816.0 20.0 826.0 32.0
face 0.36 260.0 34.0 273.0 50.0
face 0.36 663.0 53.0 672.0 64.0
face 0.36 646.0 56.0 655.0 67.0
face 0.36 944.0 55.0 953.0 65.0
face 0.36 936.0 38.0 946.0 49.0
face 0.36 380.0 53.0 392.0 68.0
face 0.36 973.0 78.0 985.0 91.0
face 0.36 72.0 64.0 81.0 75.0
face 0.36 390.0 22.0 400.0 33.0
face 0.36 358.0 86.0 368.0 96.0
face 0.36 942.0 6.0 958.0 21.0
face 0.36 288.0 14.0 297.0 25.0
face 0.36 320.0 55.0 329.0 65.0
face 0.36 670.0 39.0 678.0 49.0
face 0.36 182.0 -1.0 194.0 11.0
face 0.36 268.0 32.0 279.0 44.0
face 0.36 992.0 88.0 1001.0 99.0
face 0.36 609.0 15.0 618.0 26.0
face 0.36 168.0 0.0 180.0 11.0
face 0.36 367.0 64.0 377.0 75.0
face 0.36 423.0 22.0 435.0 36.0
face 0.36 897.0 63.0 908.0 76.0
face 0.36 70.0 35.0 82.0 51.0
face 0.36 334.0 38.0 344.0 49.0
face 0.36 607.0 54.0 616.0 65.0
face 0.36 959.0 31.0 970.0 44.0
face 0.36 344.0 61.0 354.0 73.0
face 0.36 909.0 31.0 919.0 43.0
face 0.36 807.0 32.0 817.0 43.0
face 0.36 714.0 87.0 727.0 101.0
face 0.36 387.0 79.0 399.0 93.0
face 0.36 629.0 32.0 638.0 42.0
face 0.36 921.0 45.0 931.0 57.0
face 0.36 246.0 23.0 255.0 34.0
face 0.36 344.0 95.0 354.0 107.0
face 0.36 145.0 7.0 156.0 19.0
face 0.36 951.0 65.0 961.0 76.0
face 0.36 326.0 77.0 337.0 89.0
face 0.36 31.0 20.0 42.0 34.0
face 0.36 561.0 22.0 571.0 34.0
face 0.36 495.0 21.0 504.0 32.0
face 0.36 512.0 69.0 523.0 81.0
face 0.36 648.0 46.0 657.0 57.0
face 0.36 952.0 47.0 961.0 57.0
face 0.36 520.0 53.0 530.0 65.0
face 0.36 872.0 101.0 881.0 112.0
face 0.36 480.0 14.0 489.0 25.0
face 0.36 111.0 6.0 121.0 19.0
face 0.36 480.0 38.0 489.0 48.0
face 0.36 120.0 76.0 130.0 88.0
face 0.36 46.0 65.0 56.0 75.0
face 0.36 328.0 23.0 338.0 34.0
face 0.36 518.0 117.0 532.0 131.0
face 0.36 279.0 55.0 289.0 67.0
face 0.36 543.0 23.0 554.0 34.0
face 0.36 543.0 29.0 554.0 42.0
face 0.36 502.0 56.0 512.0 66.0
face 0.36 279.0 38.0 289.0 49.0
face 0.36 638.0 68.0 648.0 80.0
face 0.36 488.0 76.0 498.0 90.0
face 0.36 47.0 21.0 59.0 36.0
face 0.36 166.0 77.0 177.0 92.0
face 0.36 960.0 65.0 971.0 78.0
face 0.36 528.0 31.0 537.0 42.0
face 0.36 502.0 62.0 512.0 73.0
face 0.36 359.0 27.0 370.0 40.0
face 0.36 72.0 46.0 81.0 57.0
face 0.36 974.0 44.0 984.0 55.0
face 0.36 856.0 79.0 865.0 91.0
face 0.36 584.0 40.0 597.0 57.0
face 0.36 552.0 69.0 562.0 81.0
face 0.36 101.0 31.0 111.0 43.0
face 0.36 551.0 64.0 561.0 75.0
face 0.36 886.0 37.0 897.0 51.0
face 0.36 127.0 5.0 136.0 17.0
face 0.36 656.0 45.0 666.0 58.0
face 0.36 262.0 44.0 274.0 58.0
face 0.36 144.0 78.0 153.0 89.0
face 0.36 736.0 69.0 745.0 81.0
face 0.36 520.0 39.0 529.0 51.0
face 0.36 991.0 47.0 1001.0 58.0
face 0.36 385.0 71.0 394.0 82.0
face 0.36 355.0 36.0 368.0 51.0
face 0.36 312.0 33.0 321.0 43.0
face 0.36 870.0 54.0 880.0 65.0
face 0.36 615.0 87.0 626.0 99.0
face 0.36 94.0 94.0 104.0 105.0
face 0.36 887.0 70.0 897.0 81.0
face 0.36 407.0 21.0 418.0 35.0
face 0.36 256.0 24.0 266.0 35.0
face 0.36 550.0 29.0 559.0 40.0
face 0.35 575.0 15.0 586.0 26.0
face 0.35 854.0 119.0 864.0 130.0
face 0.35 336.0 87.0 344.0 97.0
face 0.35 935.0 46.0 945.0 56.0
face 0.35 470.0 24.0 479.0 35.0
face 0.35 455.0 16.0 464.0 28.0
face 0.35 79.0 13.0 90.0 26.0
face 0.35 86.0 22.0 98.0 36.0
face 0.35 937.0 32.0 947.0 42.0
face 0.35 78.0 66.0 91.0 81.0
face 0.35 975.0 70.0 984.0 81.0
face 0.35 393.0 63.0 403.0 74.0
face 0.35 648.0 23.0 657.0 33.0
face 0.35 976.0 85.0 985.0 97.0
face 0.35 958.0 44.0 970.0 57.0
face 0.35 352.0 32.0 361.0 43.0
face 0.35 551.0 79.0 561.0 92.0
face 0.35 334.0 45.0 344.0 57.0
face 0.35 111.0 94.0 122.0 107.0
face 0.35 270.0 38.0 280.0 49.0
face 0.35 961.0 78.0 971.0 90.0
face 0.35 800.0 71.0 810.0 84.0
face 0.35 127.0 30.0 137.0 41.0
face 0.35 270.0 0.0 281.0 11.0
face 0.35 191.0 598.0 201.0 610.0
face 0.35 280.0 47.0 289.0 58.0
face 0.35 344.0 71.0 353.0 82.0
face 0.35 560.0 63.0 570.0 75.0
face 0.35 294.0 598.0 308.0 614.0
face 0.35 471.0 29.0 481.0 40.0
face 0.35 111.0 47.0 121.0 59.0
face 0.35 143.0 41.0 151.0 51.0
face 0.35 127.0 14.0 137.0 26.0
face 0.35 761.0 54.0 771.0 65.0
face 0.35 160.0 58.0 172.0 72.0
face 0.35 486.0 19.0 498.0 33.0
face 0.35 968.0 47.0 978.0 59.0
face 0.35 614.0 38.0 623.0 49.0
face 0.35 750.0 95.0 760.0 108.0
face 0.35 845.0 45.0 859.0 59.0
face 0.35 190.0 30.0 204.0 45.0
face 0.35 352.0 73.0 361.0 84.0
face 0.35 104.0 21.0 115.0 34.0
face 0.35 319.0 0.0 329.0 11.0
face 0.35 718.0 70.0 727.0 81.0
face 0.35 920.0 72.0 929.0 84.0
face 0.35 790.0 23.0 800.0 35.0
face 0.35 342.0 24.0 352.0 35.0
face 0.35 953.0 39.0 962.0 49.0
face 0.35 398.0 0.0 409.0 10.0
face 0.35 71.0 54.0 82.0 67.0
face 0.35 888.0 87.0 898.0 99.0
face 0.35 806.0 14.0 816.0 25.0
face 0.35 153.0 62.0 162.0 72.0
face 0.35 615.0 46.0 624.0 57.0
face 0.35 359.0 15.0 369.0 27.0
face 0.35 511.0 77.0 522.0 89.0
face 0.35 566.0 63.0 575.0 74.0
face 0.35 252.0 61.0 264.0 75.0
face 0.35 325.0 86.0 338.0 100.0
face 0.35 373.0 80.0 383.0 91.0
face 0.35 175.0 54.0 186.0 66.0
face 0.35 5.0 70.0 16.0 84.0
face 0.35 737.0 94.0 747.0 106.0
face 0.35 870.0 31.0 883.0 45.0
face 0.35 453.0 594.0 468.0 612.0
face 0.35 966.0 94.0 975.0 105.0
face 0.35 641.0 31.0 650.0 41.0
face 0.35 790.0 53.0 800.0 65.0
face 0.35 38.0 22.0 48.0 34.0
face 0.35 758.0 36.0 770.0 49.0
face 0.35 175.0 39.0 185.0 51.0
face 0.35 641.0 40.0 649.0 50.0
face 0.35 909.0 94.0 919.0 105.0
face 0.35 102.0 63.0 114.0 76.0
face 0.35 711.0 46.0 720.0 56.0
face 0.35 287.0 31.0 296.0 42.0
face 0.35 534.0 0.0 545.0 11.0
face 0.35 944.0 48.0 954.0 58.0
face 0.35 56.0 31.0 64.0 41.0
face 0.35 392.0 54.0 403.0 66.0
face 0.35 141.0 101.0 151.0 113.0
face 0.35 327.0 53.0 337.0 65.0
face 0.35 54.0 21.0 64.0 33.0
face 0.35 824.0 70.0 834.0 81.0
face 0.35 16.0 33.0 25.0 44.0
face 0.35 353.0 22.0 362.0 33.0
face 0.35 335.0 80.0 344.0 89.0
face 0.35 879.0 95.0 891.0 109.0
face 0.35 431.0 17.0 440.0 28.0
face 0.35 520.0 16.0 529.0 27.0
face 0.35 504.0 37.0 513.0 48.0
face 0.35 535.0 101.0 546.0 114.0
face 0.35 293.0 41.0 303.0 52.0
face 0.35 7.0 86.0 17.0 99.0
face 0.35 134.0 30.0 144.0 41.0
face 0.35 54.0 86.0 64.0 97.0
face 0.35 126.0 47.0 136.0 58.0
face 0.35 827.0 85.0 842.0 102.0
face 0.35 39.0 85.0 49.0 98.0
face 0.35 982.0 47.0 993.0 59.0
face 0.35 335.0 54.0 344.0 66.0
face 0.35 126.0 95.0 136.0 107.0
face 0.35 275.0 444.0 312.0 485.0
face 0.35 988.0 92.0 1000.0 105.0
face 0.35 511.0 37.0 521.0 49.0
face 0.35 736.0 87.0 747.0 99.0
face 0.35 870.0 77.0 880.0 89.0
face 0.35 23.0 64.0 33.0 74.0
face 0.35 127.0 54.0 137.0 66.0
face 0.35 630.0 39.0 639.0 50.0
face 0.35 983.0 54.0 993.0 65.0
face 0.35 608.0 21.0 617.0 33.0
face 0.35 878.0 31.0 890.0 45.0
face 0.35 333.0 71.0 344.0 83.0
face 0.35 48.0 47.0 57.0 58.0
face 0.35 537.0 57.0 546.0 68.0
face 0.35 143.0 63.0 152.0 73.0
face 0.35 896.0 57.0 905.0 67.0
face 0.35 880.0 77.0 889.0 89.0
face 0.35 288.0 22.0 297.0 33.0
face 0.35 541.0 67.0 553.0 82.0
face 0.35 518.0 96.0 528.0 107.0
face 0.35 839.0 39.0 849.0 49.0
face 0.35 320.0 47.0 329.0 58.0
face 0.35 456.0 38.0 466.0 50.0
face 0.35 478.0 31.0 488.0 43.0
face 0.35 966.0 30.0 976.0 42.0
face 0.35 541.0 116.0 554.0 130.0
face 0.35 167.0 71.0 176.0 83.0
face 0.35 567.0 69.0 578.0 82.0
face 0.35 344.0 86.0 354.0 97.0
face 0.35 296.0 14.0 306.0 25.0
face 0.35 479.0 21.0 490.0 34.0
face 0.35 888.0 76.0 899.0 90.0
face 0.35 271.0 46.0 280.0 57.0
