face 1.00 712.0 259.0 734.0 288.0
face 1.00 858.0 186.0 888.0 222.0
face 1.00 118.0 102.0 163.0 164.0
face 1.00 516.0 337.0 533.0 358.0
face 1.00 450.0 28.0 492.0 90.0
face 1.00 581.0 348.0 596.0 366.0
face 0.49 72.0 518.0 93.0 543.0
face 0.48 108.0 114.0 124.0 134.0
face 0.40 624.0 493.0 637.0 509.0
face 0.38 153.0 528.0 162.0 541.0
face 0.38 198.0 549.0 210.0 563.0
face 0.37 526.0 460.0 538.0 474.0
face 0.37 741.0 413.0 755.0 433.0
face 0.36 158.0 236.0 224.0 313.0
face 0.36 683.0 434.0 699.0 453.0
face 0.35 824.0 431.0 834.0 443.0
face 0.35 798.0 468.0 810.0 483.0
face 0.35 207.0 534.0 217.0 546.0
face 0.35 815.0 438.0 826.0 450.0
face 0.35 544.0 490.0 557.0 509.0
