face 0.99 363.0 121.0 419.0 210.0
face 0.63 556.0 307.0 615.0 376.0
face 0.52 771.0 571.0 798.0 604.0
face 0.52 559.0 117.0 606.0 182.0
face 0.51 460.0 217.0 476.0 238.0
face 0.48 164.0 105.0 182.0 128.0
face 0.47 151.0 255.0 176.0 285.0
face 0.46 350.0 454.0 404.0 518.0
face 0.42 293.0 131.0 323.0 168.0
face 0.41 69.0 574.0 81.0 589.0
face 0.41 845.0 105.0 874.0 142.0
face 0.41 258.0 126.0 306.0 181.0
face 0.39 421.0 24.0 437.0 44.0
face 0.38 453.0 177.0 465.0 191.0
face 0.38 125.0 300.0 142.0 322.0
face 0.38 860.0 35.0 876.0 54.0
face 0.37 556.0 297.0 571.0 316.0
face 0.37 950.0 283.0 965.0 301.0
face 0.36 0.0 21.0 23.0 54.0
face 0.35 605.0 395.0 621.0 415.0
