face 1.00 326.0 233.0 357.0 274.0
face 1.00 687.0 143.0 713.0 178.0
face 1.00 99.0 134.0 129.0 169.0
face 1.00 405.0 125.0 432.0 159.0
face 1.00 166.0 250.0 197.0 292.0
face 1.00 336.0 132.0 362.0 167.0
face 1.00 741.0 236.0 770.0 271.0
face 1.00 619.0 134.0 647.0 171.0
face 1.00 664.0 227.0 692.0 264.0
face 1.00 594.0 247.0 625.0 285.0
face 1.00 266.0 136.0 299.0 174.0
face 1.00 834.0 144.0 858.0 174.0
face 1.00 911.0 132.0 939.0 167.0
face 1.00 413.0 269.0 442.0 304.0
face 1.00 831.0 242.0 861.0 278.0
face 1.00 547.0 137.0 576.0 175.0
face 0.98 768.0 155.0 793.0 183.0
face 0.98 241.0 246.0 271.0 283.0
face 0.97 510.0 239.0 542.0 279.0
face 0.97 176.0 123.0 204.0 160.0
face 0.92 899.0 232.0 927.0 265.0
face 0.75 492.0 125.0 518.0 156.0
face 0.56 728.0 453.0 738.0 465.0
face 0.52 822.0 295.0 832.0 308.0
face 0.47 787.0 339.0 804.0 358.0
face 0.45 359.0 464.0 369.0 477.0
face 0.44 951.0 269.0 970.0 296.0
face 0.40 447.0 230.0 458.0 243.0
face 0.37 863.0 446.0 875.0 460.0
face 0.37 542.0 419.0 558.0 436.0
face 0.36 296.0 172.0 308.0 186.0
face 0.36 313.0 182.0 322.0 194.0
face 0.35 296.0 180.0 306.0 192.0
face 0.35 384.0 147.0 397.0 163.0
face 0.35 717.0 543.0 728.0 555.0
