face 0.93 375.0 181.0 389.0 197.0
face 0.92 393.0 186.0 413.0 209.0
face 0.81 373.0 261.0 402.0 304.0
face 0.70 27.0 235.0 130.0 380.0
face 0.66 772.0 32.0 974.0 285.0
face 0.53 566.0 230.0 737.0 453.0
face 0.50 245.0 340.0 265.0 360.0
face 0.46 398.0 231.0 424.0 265.0
face 0.41 976.0 463.0 1022.0 532.0
face 0.41 814.0 269.0 944.0 434.0
face 0.38 353.0 250.0 370.0 272.0
face 0.38 213.0 305.0 229.0 326.0
face 0.37 418.0 169.0 505.0 267.0
face 0.37 299.0 374.0 314.0 391.0
face 0.35 323.0 426.0 337.0 443.0
face 0.35 358.0 267.0 386.0 299.0
