face 1.00 374.0 160.0 434.0 232.0
face 0.77 329.0 372.0 359.0 407.0
face 0.67 742.0 542.0 751.0 554.0
face 0.63 525.0 640.0 558.0 683.0
face 0.51 565.0 645.0 603.0 697.0
face 0.44 751.0 528.0 761.0 540.0
face 0.44 536.0 631.0 581.0 692.0
face 0.43 598.0 948.0 789.0 1182.0
face 0.42 421.0 227.0 434.0 244.0
face 0.38 743.0 536.0 753.0 548.0
face 0.38 344.0 941.0 556.0 1198.0
face 0.36 762.0 544.0 771.0 555.0
face 0.36 752.0 553.0 762.0 565.0
face 0.36 386.0 197.0 412.0 226.0
face 0.35 557.0 669.0 567.0 680.0
