face 1.00 565.0 94.0 680.0 249.0
face 0.98 220.0 428.0 275.0 491.0
face 0.97 895.0 469.0 963.0 564.0
face 0.82 155.0 603.0 226.0 686.0
face 0.55 950.0 712.0 990.0 762.0
face 0.52 134.0 326.0 149.0 345.0
face 0.51 299.0 793.0 313.0 810.0
face 0.42 432.0 326.0 466.0 376.0
face 0.41 314.0 326.0 330.0 345.0
face 0.41 547.0 162.0 562.0 181.0
face 0.40 279.0 777.0 295.0 797.0
face 0.39 340.0 325.0 354.0 342.0
face 0.37 272.0 327.0 284.0 342.0
face 0.36 107.0 237.0 121.0 255.0
face 0.36 285.0 123.0 299.0 140.0
face 0.36 308.0 237.0 323.0 255.0
face 0.36 236.0 149.0 252.0 167.0
face 0.36 144.0 453.0 174.0 494.0
face 0.36 429.0 397.0 446.0 415.0
face 0.36 291.0 260.0 306.0 277.0
face 0.36 93.0 13.0 107.0 30.0
face 0.36 294.0 349.0 308.0 367.0
face 0.36 101.0 149.0 115.0 167.0
face 0.35 286.0 172.0 298.0 186.0
face 0.35 110.0 266.0 125.0 284.0
face 0.35 95.0 194.0 109.0 210.0
face 0.35 445.0 235.0 459.0 252.0
face 0.35 133.0 234.0 149.0 253.0
face 0.35 363.0 328.0 404.0 380.0
face 0.35 230.0 108.0 244.0 124.0
face 0.35 94.0 106.0 109.0 125.0
face 0.35 448.0 179.0 462.0 197.0
face 0.35 934.0 439.0 946.0 453.0
face 0.35 166.0 283.0 180.0 299.0
