face 1.00 784.0 152.0 809.0 182.0
face 1.00 519.0 118.0 546.0 151.0
face 0.94 635.0 218.0 651.0 237.0
face 0.93 353.0 185.0 370.0 207.0
face 0.88 306.0 91.0 324.0 115.0
face 0.85 462.0 230.0 502.0 272.0
face 0.77 445.0 147.0 475.0 179.0
face 0.70 979.0 228.0 995.0 246.0
face 0.69 463.0 286.0 484.0 309.0
face 0.69 499.0 144.0 525.0 174.0
face 0.69 903.0 38.0 916.0 56.0
face 0.60 264.0 30.0 290.0 62.0
face 0.56 235.0 54.0 257.0 87.0
face 0.56 629.0 116.0 641.0 131.0
face 0.55 322.0 89.0 343.0 113.0
face 0.54 659.0 138.0 673.0 155.0
face 0.52 169.0 19.0 185.0 41.0
face 0.52 382.0 94.0 393.0 108.0
face 0.52 349.0 94.0 364.0 113.0
face 0.49 30.0 17.0 55.0 46.0
face 0.48 910.0 172.0 920.0 184.0
face 0.48 623.0 167.0 635.0 182.0
face 0.47 633.0 248.0 645.0 262.0
face 0.47 676.0 126.0 694.0 147.0
face 0.47 856.0 116.0 868.0 131.0
face 0.44 640.0 34.0 655.0 52.0
face 0.41 1008.0 157.0 1019.0 169.0
face 0.40 955.0 181.0 969.0 200.0
face 0.40 772.0 125.0 788.0 144.0
face 0.40 734.0 33.0 747.0 48.0
face 0.40 854.0 206.0 866.0 221.0
face 0.39 454.0 217.0 470.0 240.0
face 0.39 915.0 98.0 930.0 118.0
face 0.38 259.0 20.0 274.0 38.0
face 0.38 989.0 229.0 1001.0 243.0
face 0.38 653.0 198.0 663.0 210.0
face 0.38 604.0 157.0 616.0 172.0
face 0.38 447.0 94.0 461.0 109.0
face 0.38 910.0 201.0 926.0 219.0
face 0.38 661.0 208.0 674.0 223.0
face 0.38 17.0 -1.0 103.0 94.0
face 0.37 669.0 208.0 681.0 222.0
face 0.37 977.0 148.0 988.0 162.0
face 0.37 871.0 172.0 881.0 185.0
face 0.37 872.0 146.0 883.0 162.0
face 0.37 856.0 158.0 866.0 170.0
face 0.37 744.0 207.0 753.0 218.0
face 0.37 950.0 118.0 960.0 131.0
face 0.37 662.0 183.0 672.0 195.0
face 0.37 333.0 126.0 344.0 140.0
face 0.37 999.0 176.0 1013.0 192.0
face 0.37 242.0 53.0 255.0 71.0
face 0.37 654.0 203.0 667.0 219.0
face 0.37 347.0 467.0 360.0 485.0
face 0.37 614.0 189.0 625.0 202.0
face 0.37 316.0 70.0 328.0 84.0
face 0.37 630.0 134.0 640.0 146.0
face 0.37 893.0 154.0 906.0 170.0
face 0.37 637.0 157.0 649.0 170.0
face 0.37 616.0 174.0 626.0 185.0
face 0.36 306.0 177.0 323.0 197.0
face 0.36 630.0 166.0 641.0 179.0
face 0.36 484.0 11.0 501.0 31.0
face 0.36 630.0 205.0 642.0 218.0
face 0.36 358.0 98.0 369.0 113.0
face 0.36 902.0 122.0 917.0 139.0
face 0.36 855.0 182.0 865.0 194.0
face 0.36 447.0 70.0 458.0 83.0
face 0.36 637.0 468.0 651.0 486.0
face 0.36 583.0 135.0 593.0 148.0
face 0.36 751.0 32.0 762.0 45.0
face 0.36 400.0 103.0 410.0 116.0
face 0.36 364.0 97.0 377.0 113.0
face 0.36 276.0 74.0 289.0 90.0
face 0.36 863.0 135.0 872.0 146.0
face 0.36 758.0 174.0 769.0 187.0
face 0.36 639.0 207.0 649.0 218.0
face 0.36 695.0 206.0 706.0 218.0
face 0.36 880.0 167.0 889.0 179.0
face 0.36 877.0 173.0 888.0 186.0
face 0.36 904.0 151.0 914.0 164.0
face 0.36 862.0 172.0 875.0 187.0
face 0.36 918.0 200.0 929.0 214.0
face 0.36 639.0 99.0 650.0 112.0
face 0.36 179.0 18.0 193.0 36.0
face 0.36 847.0 176.0 857.0 188.0
face 0.36 517.0 68.0 531.0 85.0
face 0.36 990.0 213.0 1000.0 224.0
face 0.36 757.0 133.0 768.0 146.0
face 0.36 564.0 123.0 577.0 141.0
face 0.36 677.0 16.0 688.0 28.0
face 0.36 871.0 179.0 883.0 194.0
face 0.36 362.0 -1.0 377.0 13.0
face 0.36 599.0 180.0 611.0 194.0
face 0.36 719.0 104.0 729.0 116.0
face 0.36 891.0 191.0 902.0 205.0
face 0.36 734.0 169.0 744.0 180.0
face 0.36 741.0 31.0 753.0 44.0
face 0.36 750.0 171.0 763.0 187.0
face 0.36 593.0 112.0 604.0 125.0
face 0.36 742.0 84.0 754.0 97.0
face 0.36 872.0 135.0 881.0 146.0
face 0.36 904.0 214.0 913.0 225.0
face 0.36 878.0 134.0 887.0 146.0
face 0.36 904.0 207.0 914.0 219.0
face 0.35 863.0 166.0 874.0 179.0
face 0.35 462.0 215.0 473.0 230.0
face 0.35 317.0 63.0 328.0 75.0
face 0.35 439.0 94.0 451.0 109.0
face 0.35 629.0 124.0 640.0 138.0
face 0.35 743.0 173.0 754.0 185.0
face 0.35 647.0 215.0 657.0 228.0
face 0.35 648.0 203.0 660.0 218.0
face 0.35 524.0 501.0 537.0 517.0
face 0.35 974.0 174.0 984.0 187.0
face 0.35 887.0 174.0 896.0 185.0
face 0.35 904.0 190.0 914.0 202.0
face 0.35 846.0 182.0 858.0 196.0
face 0.35 607.0 175.0 618.0 188.0
face 0.35 151.0 19.0 164.0 35.0
face 0.35 638.0 165.0 649.0 178.0
face 0.35 973.0 191.0 984.0 203.0
face 0.35 486.0 223.0 498.0 237.0
face 0.35 886.0 166.0 896.0 179.0
face 0.35 334.0 72.0 345.0 85.0
face 0.35 695.0 94.0 706.0 108.0
face 0.35 925.0 197.0 938.0 213.0
face 0.35 599.0 163.0 610.0 176.0
face 0.35 691.0 133.0 705.0 149.0
face 0.35 175.0 15.0 185.0 29.0
face 0.35 574.0 119.0 584.0 130.0
face 0.35 895.0 175.0 905.0 186.0
face 0.35 862.0 159.0 872.0 171.0
face 0.35 640.0 181.0 650.0 193.0
face 0.35 614.0 159.0 623.0 169.0
face 0.35 877.0 143.0 888.0 155.0
face 0.35 862.0 182.0 872.0 193.0
face 0.35 625.0 133.0 634.0 145.0
face 0.35 726.0 205.0 736.0 216.0
face 0.35 590.0 133.0 603.0 148.0
face 0.35 624.0 109.0 634.0 122.0
face 0.35 884.0 235.0 896.0 249.0
face 0.35 327.0 71.0 339.0 84.0
face 0.35 439.0 75.0 451.0 91.0
face 0.35 647.0 98.0 658.0 112.0
face 0.35 656.0 192.0 666.0 203.0
