face 0.94 47.0 370.0 60.0 386.0
face 0.84 460.0 370.0 473.0 386.0
face 0.80 568.0 365.0 581.0 381.0
face 0.77 672.0 364.0 682.0 376.0
face 0.75 507.0 360.0 520.0 376.0
face 0.69 542.0 362.0 554.0 379.0
face 0.53 606.0 361.0 617.0 373.0
face 0.52 637.0 365.0 649.0 380.0
face 0.52 373.0 389.0 387.0 405.0
face 0.50 409.0 375.0 419.0 388.0
face 0.46 475.0 361.0 487.0 377.0
face 0.45 270.0 383.0 282.0 397.0
face 0.43 824.0 379.0 837.0 395.0
face 0.41 461.0 388.0 472.0 403.0
face 0.39 769.0 368.0 779.0 381.0
face 0.39 799.0 374.0 809.0 386.0
face 0.39 740.0 382.0 752.0 397.0
face 0.37 366.0 381.0 377.0 394.0
face 0.37 604.0 66.0 620.0 85.0
face 0.37 685.0 35.0 709.0 65.0
face 0.37 447.0 391.0 457.0 404.0
face 0.37 231.0 398.0 243.0 411.0
face 0.37 326.0 397.0 337.0 411.0
face 0.37 857.0 171.0 883.0 201.0
face 0.36 323.0 380.0 335.0 394.0
face 0.36 740.0 374.0 752.0 388.0
face 0.36 552.0 67.0 565.0 83.0
face 0.36 413.0 387.0 427.0 406.0
face 0.36 792.0 374.0 802.0 386.0
face 0.36 421.0 246.0 431.0 258.0
face 0.36 235.0 381.0 246.0 395.0
face 0.36 767.0 382.0 778.0 396.0
face 0.36 740.0 367.0 750.0 379.0
face 0.35 815.0 375.0 825.0 386.0
face 0.35 539.0 389.0 552.0 406.0
face 0.35 733.0 335.0 750.0 355.0
face 0.35 237.0 395.0 248.0 409.0
face 0.35 518.0 244.0 530.0 257.0
face 0.35 791.0 382.0 801.0 394.0
face 0.35 601.0 63.0 613.0 78.0
face 0.35 564.0 388.0 579.0 406.0
face 0.35 814.0 379.0 828.0 395.0
face 0.35 361.0 399.0 371.0 411.0
face 0.35 774.0 373.0 783.0 384.0
face 0.35 559.0 382.0 569.0 395.0
face 0.35 613.0 69.0 624.0 83.0
face 0.35 663.0 382.0 673.0 395.0
face 0.35 726.0 381.0 737.0 394.0
face 0.35 790.0 390.0 802.0 404.0
face 0.35 760.0 374.0 769.0 385.0
