face 1.00 457.0 311.0 623.0 503.0
face 0.65 646.0 686.0 657.0 699.0
face 0.64 644.0 719.0 655.0 732.0
face 0.62 782.0 718.0 794.0 733.0
face 0.54 658.0 754.0 672.0 772.0
face 0.48 785.0 687.0 796.0 700.0
face 0.48 622.0 717.0 633.0 730.0
face 0.48 565.0 554.0 579.0 572.0
face 0.45 557.0 716.0 570.0 734.0
face 0.43 662.0 685.0 672.0 697.0
face 0.39 669.0 538.0 685.0 556.0
face 0.39 663.0 718.0 673.0 729.0
face 0.39 643.0 644.0 655.0 659.0
face 0.38 558.0 700.0 570.0 715.0
face 0.37 654.0 702.0 664.0 715.0
face 0.37 681.0 719.0 692.0 731.0
face 0.37 568.0 686.0 578.0 697.0
face 0.37 647.0 701.0 658.0 714.0
face 0.37 566.0 693.0 577.0 707.0
face 0.37 656.0 727.0 666.0 740.0
face 0.37 626.0 686.0 640.0 702.0
face 0.37 545.0 728.0 555.0 740.0
face 0.37 702.0 508.0 715.0 524.0
face 0.36 583.0 696.0 593.0 707.0
face 0.36 565.0 700.0 576.0 714.0
face 0.36 559.0 694.0 569.0 707.0
face 0.36 580.0 700.0 594.0 717.0
face 0.36 552.0 703.0 562.0 715.0
face 0.36 454.0 175.0 478.0 204.0
face 0.36 664.0 703.0 674.0 714.0
face 0.36 761.0 687.0 772.0 700.0
face 0.36 574.0 694.0 587.0 709.0
face 0.36 561.0 688.0 570.0 699.0
face 0.36 597.0 677.0 610.0 692.0
face 0.36 678.0 535.0 689.0 548.0
face 0.36 640.0 695.0 650.0 706.0
face 0.36 639.0 701.0 650.0 714.0
face 0.36 655.0 644.0 668.0 658.0
face 0.36 639.0 564.0 650.0 578.0
face 0.35 656.0 719.0 666.0 730.0
face 0.35 790.0 780.0 805.0 798.0
face 0.35 580.0 546.0 595.0 563.0
face 0.35 660.0 733.0 673.0 748.0
face 0.35 593.0 687.0 602.0 698.0
face 0.35 845.0 687.0 859.0 703.0
face 0.35 663.0 693.0 673.0 705.0
face 0.35 519.0 685.0 530.0 696.0
