face 1.00 661.0 124.0 702.0 183.0
face 1.00 487.0 471.0 524.0 515.0
face 1.00 413.0 106.0 451.0 175.0
face 1.00 75.0 456.0 114.0 503.0
face 0.98 631.0 455.0 660.0 493.0
face 0.92 291.0 465.0 326.0 503.0
face 0.82 417.0 445.0 447.0 482.0
face 0.74 152.0 458.0 179.0 493.0
face 0.66 462.0 288.0 477.0 307.0
face 0.62 196.0 119.0 213.0 138.0
face 0.57 634.0 255.0 652.0 278.0
face 0.57 267.0 280.0 294.0 316.0
face 0.57 369.0 329.0 393.0 356.0
face 0.52 500.0 57.0 513.0 74.0
face 0.45 574.0 107.0 589.0 126.0
face 0.44 369.0 1.0 387.0 21.0
face 0.44 583.0 556.0 615.0 595.0
face 0.43 623.0 301.0 637.0 320.0
face 0.42 112.0 337.0 129.0 360.0
face 0.42 116.0 273.0 134.0 297.0
face 0.41 285.0 685.0 343.0 738.0
face 0.41 943.0 661.0 958.0 680.0
face 0.40 620.0 292.0 658.0 337.0
face 0.39 79.0 95.0 91.0 108.0
face 0.39 329.0 308.0 345.0 328.0
face 0.39 833.0 72.0 849.0 94.0
face 0.39 265.0 141.0 311.0 198.0
face 0.39 448.0 679.0 507.0 736.0
face 0.39 235.0 180.0 249.0 199.0
face 0.38 196.0 3.0 214.0 20.0
face 0.38 905.0 649.0 929.0 680.0
face 0.38 195.0 273.0 210.0 292.0
face 0.38 420.0 345.0 437.0 368.0
face 0.38 425.0 12.0 441.0 30.0
face 0.38 308.0 429.0 323.0 448.0
face 0.37 241.0 46.0 254.0 63.0
face 0.37 273.0 124.0 289.0 142.0
face 0.37 498.0 -1.0 538.0 33.0
face 0.36 351.0 105.0 364.0 120.0
face 0.36 274.0 4.0 290.0 22.0
face 0.36 368.0 334.0 379.0 349.0
face 0.36 194.0 243.0 208.0 261.0
face 0.36 349.0 124.0 366.0 145.0
face 0.36 522.0 93.0 576.0 154.0
face 0.36 620.0 499.0 637.0 519.0
face 0.36 116.0 305.0 130.0 322.0
face 0.36 235.0 4.0 250.0 21.0
face 0.36 116.0 179.0 131.0 199.0
face 0.36 115.0 236.0 130.0 253.0
face 0.36 351.0 11.0 365.0 27.0
face 0.36 34.0 302.0 48.0 319.0
face 0.36 387.0 10.0 404.0 29.0
face 0.36 275.0 260.0 288.0 275.0
face 0.36 116.0 117.0 133.0 137.0
face 0.35 311.0 124.0 326.0 142.0
face 0.35 155.0 365.0 167.0 380.0
face 0.35 277.0 269.0 290.0 283.0
face 0.35 887.0 693.0 899.0 706.0
face 0.35 274.0 46.0 288.0 65.0
