face 0.91 211.0 163.0 320.0 274.0
face 0.84 756.0 431.0 783.0 466.0
face 0.81 280.0 795.0 301.0 820.0
face 0.74 458.0 178.0 568.0 333.0
face 0.70 743.0 995.0 772.0 1036.0
face 0.65 0.0 1093.0 70.0 1201.0
face 0.61 776.0 1047.0 795.0 1071.0
face 0.59 200.0 770.0 328.0 869.0
face 0.49 364.0 920.0 466.0 1082.0
face 0.48 56.0 534.0 66.0 546.0
face 0.48 677.0 114.0 690.0 132.0
face 0.47 775.0 490.0 824.0 547.0
face 0.45 758.0 1032.0 813.0 1102.0
face 0.42 691.0 1068.0 733.0 1123.0
face 0.40 17.0 506.0 34.0 526.0
face 0.40 993.0 821.0 1017.0 849.0
face 0.40 349.0 966.0 362.0 981.0
face 0.39 4.0 1123.0 29.0 1153.0
face 0.36 397.0 868.0 408.0 882.0
face 0.36 803.0 1082.0 817.0 1102.0
face 0.36 255.0 194.0 270.0 212.0
face 0.36 788.0 476.0 804.0 497.0
face 0.35 581.0 685.0 592.0 698.0
face 0.35 825.0 1087.0 834.0 1098.0
