face 1.00 521.0 480.0 552.0 519.0
face 1.00 677.0 487.0 709.0 529.0
face 1.00 522.0 303.0 552.0 341.0
face 1.00 478.0 386.0 506.0 420.0
face 1.00 920.0 358.0 953.0 400.0
face 1.00 261.0 279.0 290.0 318.0
face 1.00 380.0 288.0 409.0 325.0
face 1.00 581.0 319.0 608.0 356.0
face 1.00 184.0 311.0 214.0 347.0
face 1.00 873.0 352.0 904.0 392.0
face 1.00 121.0 297.0 154.0 338.0
face 1.00 737.0 498.0 771.0 539.0
face 1.00 457.0 478.0 485.0 515.0
face 1.00 759.0 332.0 790.0 371.0
face 1.00 696.0 335.0 726.0 373.0
face 1.00 676.0 394.0 706.0 434.0
face 1.00 606.0 390.0 637.0 430.0
face 1.00 606.0 485.0 636.0 522.0
face 1.00 670.0 282.0 699.0 319.0
face 1.00 762.0 412.0 793.0 450.0
face 1.00 841.0 348.0 869.0 381.0
face 1.00 69.0 305.0 102.0 347.0
face 0.93 387.0 481.0 416.0 517.0
face 0.89 322.0 296.0 349.0 332.0
face 0.89 547.0 380.0 576.0 417.0
face 0.86 450.0 305.0 478.0 338.0
face 0.85 823.0 338.0 847.0 367.0
face 0.60 768.0 472.0 783.0 489.0
face 0.48 754.0 470.0 765.0 482.0
face 0.42 460.0 414.0 473.0 430.0
face 0.37 633.0 447.0 645.0 461.0
face 0.37 562.0 638.0 579.0 657.0
face 0.36 508.0 619.0 526.0 644.0
face 0.35 102.0 467.0 115.0 482.0
