face 1.00 384.0 781.0 607.0 1080.0
face 0.80 585.0 797.0 713.0 1017.0
face 0.56 892.0 1084.0 922.0 1123.0
face 0.55 270.0 757.0 437.0 993.0
face 0.51 861.0 1363.0 878.0 1385.0
face 0.49 948.0 1421.0 987.0 1478.0
face 0.48 202.0 1460.0 232.0 1499.0
face 0.48 911.0 1324.0 927.0 1343.0
face 0.47 866.0 1301.0 910.0 1358.0
face 0.45 384.0 1077.0 408.0 1112.0
face 0.45 107.0 1282.0 124.0 1303.0
face 0.45 47.0 1348.0 62.0 1367.0
face 0.44 2.0 830.0 114.0 1037.0
face 0.43 65.0 1431.0 91.0 1469.0
face 0.43 54.0 1306.0 70.0 1325.0
face 0.42 12.0 1223.0 157.0 1420.0
face 0.39 613.0 1150.0 622.0 1161.0
face 0.39 825.0 1381.0 841.0 1401.0
face 0.38 839.0 1304.0 853.0 1322.0
face 0.38 622.0 1183.0 631.0 1195.0
face 0.38 26.0 1412.0 42.0 1431.0
face 0.37 607.0 1199.0 616.0 1210.0
face 0.37 947.0 1294.0 962.0 1311.0
face 0.37 615.0 1175.0 625.0 1186.0
face 0.37 955.0 1364.0 970.0 1384.0
face 0.37 987.0 1427.0 1004.0 1449.0
face 0.37 606.0 1192.0 615.0 1203.0
face 0.36 980.0 1299.0 997.0 1319.0
face 0.36 551.0 1246.0 560.0 1257.0
face 0.36 983.0 1368.0 996.0 1385.0
face 0.36 20.0 1423.0 65.0 1470.0
face 0.36 81.0 1495.0 98.0 1515.0
face 0.36 981.0 1228.0 996.0 1248.0
face 0.36 132.0 1359.0 156.0 1388.0
face 0.36 835.0 1324.0 853.0 1345.0
face 0.36 815.0 1372.0 830.0 1389.0
face 0.35 607.0 1183.0 616.0 1194.0
face 0.35 614.0 1155.0 624.0 1167.0
