face 0.98 495.0 415.0 636.0 651.0
face 0.90 113.0 1103.0 300.0 1333.0
face 0.89 817.0 1175.0 889.0 1260.0
face 0.58 480.0 82.0 573.0 213.0
face 0.58 145.0 477.0 321.0 714.0
face 0.57 104.0 697.0 192.0 812.0
face 0.47 98.0 831.0 166.0 918.0
face 0.44 344.0 1415.0 455.0 1514.0
face 0.43 513.0 500.0 567.0 568.0
face 0.42 610.0 1483.0 697.0 1567.0
face 0.41 935.0 738.0 1025.0 898.0
face 0.40 88.0 603.0 140.0 689.0
face 0.38 722.0 844.0 786.0 967.0
face 0.38 514.0 1035.0 587.0 1137.0
face 0.38 38.0 249.0 147.0 356.0
face 0.37 816.0 864.0 1019.0 1137.0
face 0.36 223.0 805.0 278.0 877.0
face 0.35 116.0 482.0 228.0 623.0
