face 1.00 557.0 133.0 596.0 184.0
face 1.00 654.0 123.0 694.0 179.0
face 1.00 358.0 148.0 402.0 206.0
face 1.00 472.0 151.0 511.0 203.0
face 0.99 378.0 2.0 402.0 28.0
face 0.98 209.0 17.0 232.0 48.0
face 0.98 508.0 56.0 533.0 88.0
face 0.94 547.0 47.0 576.0 82.0
face 0.92 485.0 66.0 506.0 94.0
face 0.92 364.0 76.0 388.0 108.0
face 0.92 307.0 7.0 333.0 40.0
face 0.85 37.0 3.0 57.0 31.0
face 0.83 586.0 79.0 612.0 111.0
face 0.82 264.0 13.0 289.0 46.0
face 0.80 466.0 80.0 487.0 108.0
face 0.78 449.0 -1.0 472.0 22.0
face 0.75 448.0 112.0 464.0 133.0
face 0.69 338.0 -1.0 371.0 26.0
face 0.52 387.0 69.0 400.0 85.0
face 0.50 403.0 17.0 429.0 50.0
face 0.50 4.0 84.0 20.0 105.0
face 0.46 479.0 49.0 492.0 66.0
face 0.46 79.0 50.0 92.0 67.0
face 0.44 333.0 99.0 346.0 116.0
face 0.43 422.0 81.0 438.0 99.0
face 0.41 26.0 38.0 48.0 70.0
face 0.40 301.0 54.0 329.0 96.0
face 0.40 413.0 1.0 433.0 19.0
face 0.39 765.0 242.0 779.0 258.0
face 0.38 167.0 18.0 188.0 45.0
face 0.37 494.0 4.0 509.0 23.0
face 0.37 407.0 69.0 417.0 83.0
face 0.36 334.0 108.0 346.0 123.0
face 0.36 488.0 221.0 499.0 235.0
face 0.35 99.0 38.0 112.0 56.0
face 0.35 909.0 99.0 924.0 118.0
face 0.35 577.0 197.0 586.0 208.0
