face 0.93 952.0 225.0 972.0 248.0
face 0.57 543.0 35.0 557.0 51.0
face 0.56 89.0 264.0 102.0 281.0
face 0.55 225.0 430.0 318.0 527.0
face 0.51 85.0 174.0 100.0 192.0
face 0.47 958.0 293.0 968.0 306.0
face 0.43 301.0 258.0 319.0 278.0
face 0.42 61.0 237.0 73.0 250.0
face 0.41 960.0 279.0 971.0 293.0
face 0.40 902.0 179.0 915.0 195.0
face 0.38 869.0 423.0 880.0 436.0
face 0.38 94.0 173.0 105.0 188.0
face 0.38 118.0 165.0 132.0 181.0
face 0.37 877.0 403.0 892.0 420.0
face 0.37 923.0 266.0 937.0 284.0
face 0.35 199.0 208.0 213.0 228.0
