face 1.00 969.0 304.0 1002.0 348.0
face 0.80 714.0 335.0 750.0 374.0
face 0.51 950.0 743.0 979.0 777.0
face 0.51 231.0 276.0 245.0 293.0
face 0.42 211.0 467.0 233.0 493.0
face 0.41 266.0 746.0 293.0 780.0
face 0.40 165.0 280.0 190.0 309.0
face 0.40 441.0 450.0 469.0 485.0
face 0.39 899.0 580.0 912.0 597.0
face 0.39 287.0 350.0 299.0 365.0
face 0.38 630.0 412.0 648.0 433.0
face 0.38 383.0 398.0 394.0 412.0
face 0.37 521.0 431.0 544.0 460.0
face 0.37 126.0 235.0 144.0 257.0
face 0.37 244.0 250.0 258.0 269.0
face 0.36 291.0 393.0 307.0 413.0
face 0.36 341.0 350.0 352.0 364.0
face 0.36 357.0 364.0 372.0 382.0
face 0.36 327.0 788.0 339.0 803.0
face 0.36 694.0 701.0 718.0 728.0
face 0.36 177.0 234.0 195.0 254.0
face 0.36 607.0 424.0 621.0 443.0
face 0.36 366.0 369.0 376.0 381.0
face 0.36 248.0 261.0 259.0 275.0
face 0.35 477.0 252.0 489.0 269.0
face 0.35 663.0 397.0 678.0 415.0
face 0.35 938.0 788.0 951.0 803.0
face 0.35 344.0 788.0 357.0 803.0
face 0.35 469.0 257.0 482.0 275.0
face 0.35 919.0 780.0 933.0 800.0
face 0.35 125.0 499.0 136.0 512.0
face 0.35 272.0 188.0 284.0 203.0
