face 1.00 531.0 259.0 608.0 361.0
face 0.92 353.0 243.0 370.0 264.0
face 0.62 864.0 359.0 874.0 370.0
face 0.56 568.0 326.0 595.0 359.0
face 0.51 710.0 950.0 790.0 1048.0
face 0.45 399.0 312.0 410.0 325.0
face 0.43 661.0 421.0 673.0 436.0
face 0.42 512.0 292.0 523.0 305.0
face 0.42 970.0 341.0 979.0 352.0
face 0.39 384.0 399.0 394.0 410.0
face 0.39 322.0 452.0 347.0 478.0
face 0.38 586.0 229.0 598.0 244.0
face 0.37 988.0 496.0 1004.0 516.0
face 0.37 671.0 407.0 682.0 419.0
face 0.37 322.0 437.0 374.0 490.0
face 0.37 583.0 575.0 612.0 613.0
face 0.37 969.0 382.0 980.0 395.0
face 0.36 783.0 373.0 793.0 384.0
face 0.36 384.0 347.0 394.0 360.0
face 0.36 319.0 367.0 330.0 380.0
face 0.35 196.0 625.0 212.0 644.0
face 0.35 212.0 931.0 322.0 1049.0
face 0.35 853.0 389.0 863.0 401.0
face 0.35 488.0 289.0 502.0 309.0
face 0.35 143.0 256.0 153.0 267.0
face 0.35 119.0 215.0 129.0 228.0
face 0.35 806.0 383.0 815.0 394.0
face 0.35 694.0 400.0 704.0 411.0
