face 1.00 812.0 50.0 858.0 113.0
face 1.00 129.0 40.0 193.0 116.0
face 1.00 365.0 138.0 404.0 190.0
face 1.00 515.0 138.0 549.0 185.0
face 1.00 664.0 165.0 690.0 204.0
face 0.98 255.0 158.0 282.0 198.0
face 0.58 507.0 386.0 530.0 417.0
face 0.51 117.0 359.0 135.0 380.0
face 0.49 715.0 312.0 730.0 331.0
face 0.46 455.0 250.0 477.0 276.0
face 0.43 811.0 571.0 824.0 588.0
face 0.41 734.0 334.0 748.0 351.0
face 0.37 895.0 160.0 922.0 195.0
face 0.37 946.0 379.0 960.0 395.0
face 0.36 365.0 212.0 376.0 224.0
face 0.35 725.0 341.0 736.0 353.0
