face 1.00 826.0 340.0 878.0 410.0
face 1.00 275.0 323.0 328.0 385.0
face 1.00 376.0 64.0 408.0 105.0
face 0.79 496.0 127.0 525.0 161.0
face 0.72 115.0 259.0 128.0 274.0
face 0.61 374.0 254.0 426.0 301.0
face 0.59 157.0 151.0 184.0 184.0
face 0.46 211.0 195.0 241.0 229.0
face 0.44 212.0 241.0 227.0 260.0
face 0.40 207.0 245.0 218.0 258.0
face 0.38 184.0 185.0 211.0 213.0
face 0.37 540.0 248.0 658.0 355.0
face 0.35 184.0 260.0 194.0 273.0
face 0.35 135.0 246.0 147.0 261.0
face 0.35 152.0 254.0 162.0 267.0
face 0.35 168.0 270.0 179.0 282.0
face 0.35 119.0 246.0 129.0 257.0
face 0.35 120.0 302.0 130.0 315.0
face 0.35 104.0 310.0 113.0 321.0
