face 1.00 776.0 639.0 835.0 718.0
face 1.00 661.0 638.0 719.0 716.0
face 1.00 272.0 602.0 333.0 682.0
face 1.00 790.0 1027.0 829.0 1075.0
face 1.00 543.0 176.0 584.0 230.0
face 0.88 316.0 1218.0 330.0 1235.0
face 0.70 382.0 198.0 396.0 214.0
face 0.69 240.0 1181.0 264.0 1212.0
face 0.67 8.0 1204.0 22.0 1223.0
face 0.62 880.0 151.0 891.0 165.0
face 0.46 261.0 341.0 300.0 402.0
face 0.41 2.0 248.0 17.0 270.0
face 0.40 100.0 1206.0 115.0 1225.0
face 0.39 636.0 201.0 650.0 219.0
face 0.38 875.0 174.0 890.0 192.0
face 0.37 78.0 22.0 240.0 207.0
face 0.36 101.0 31.0 136.0 77.0
face 0.36 218.0 1196.0 233.0 1213.0
