face 0.96 76.0 300.0 127.0 370.0
face 0.74 -1.0 748.0 12.0 768.0
face 0.66 316.0 677.0 332.0 697.0
face 0.58 692.0 471.0 725.0 508.0
face 0.50 283.0 652.0 336.0 715.0
face 0.49 279.0 690.0 293.0 707.0
face 0.45 763.0 191.0 957.0 365.0
face 0.44 388.0 87.0 571.0 247.0
face 0.42 302.0 700.0 317.0 717.0
face 0.41 559.0 521.0 574.0 541.0
face 0.41 388.0 745.0 414.0 776.0
face 0.41 84.0 741.0 99.0 758.0
face 0.40 302.0 636.0 313.0 649.0
face 0.38 331.0 660.0 346.0 679.0
face 0.38 334.0 673.0 349.0 692.0
face 0.37 325.0 684.0 336.0 697.0
face 0.37 131.0 742.0 143.0 756.0
face 0.36 336.0 686.0 348.0 699.0
face 0.36 151.0 718.0 162.0 731.0
face 0.36 87.0 158.0 99.0 173.0
face 0.35 151.0 734.0 162.0 747.0
face 0.35 38.0 684.0 49.0 698.0
face 0.35 93.0 742.0 105.0 755.0
