face 1.00 508.0 288.0 536.0 325.0
face 1.00 456.0 418.0 498.0 467.0
face 1.00 274.0 183.0 290.0 203.0
face 1.00 494.0 559.0 549.0 630.0
face 1.00 784.0 186.0 802.0 207.0
face 0.98 189.0 559.0 259.0 659.0
face 0.94 651.0 250.0 666.0 271.0
face 0.92 741.0 271.0 760.0 293.0
face 0.90 644.0 191.0 656.0 208.0
face 0.85 738.0 178.0 754.0 198.0
face 0.81 484.0 154.0 496.0 170.0
face 0.81 697.0 183.0 714.0 204.0
face 0.80 404.0 589.0 417.0 606.0
face 0.72 356.0 195.0 370.0 212.0
face 0.62 916.0 283.0 941.0 314.0
face 0.53 676.0 252.0 691.0 270.0
face 0.46 506.0 151.0 516.0 163.0
face 0.45 589.0 75.0 636.0 139.0
face 0.44 612.0 95.0 624.0 109.0
face 0.42 538.0 528.0 583.0 585.0
face 0.40 652.0 291.0 666.0 308.0
face 0.40 605.0 272.0 630.0 302.0
face 0.38 718.0 237.0 732.0 255.0
face 0.38 454.0 134.0 466.0 147.0
face 0.38 478.0 190.0 491.0 207.0
face 0.37 628.0 268.0 640.0 285.0
face 0.36 498.0 402.0 513.0 423.0
face 0.36 910.0 286.0 921.0 301.0
face 0.36 797.0 371.0 809.0 387.0
face 0.36 519.0 416.0 530.0 428.0
face 0.36 475.0 175.0 488.0 189.0
face 0.36 726.0 204.0 738.0 219.0
face 0.35 669.0 307.0 684.0 324.0
face 0.35 639.0 285.0 651.0 298.0
face 0.35 597.0 108.0 612.0 127.0
face 0.35 212.0 275.0 226.0 292.0
face 0.35 534.0 160.0 547.0 176.0
