face 1.00 562.0 43.0 625.0 117.0
face 0.63 628.0 113.0 687.0 182.0
face 0.51 632.0 200.0 666.0 239.0
face 0.47 716.0 130.0 733.0 151.0
face 0.47 750.0 150.0 760.0 164.0
face 0.43 596.0 208.0 611.0 227.0
face 0.40 732.0 153.0 746.0 171.0
face 0.40 563.0 130.0 580.0 151.0
face 0.36 620.0 114.0 636.0 135.0
face 0.36 597.0 198.0 610.0 214.0
face 0.36 653.0 77.0 664.0 92.0
face 0.36 720.0 166.0 731.0 181.0
face 0.36 669.0 185.0 686.0 205.0
face 0.35 743.0 156.0 755.0 170.0
face 0.35 886.0 644.0 901.0 657.0
