face 1.00 510.0 259.0 561.0 317.0
face 0.78 10.0 192.0 94.0 304.0
face 0.66 805.0 75.0 822.0 96.0
face 0.51 697.0 379.0 721.0 408.0
face 0.51 582.0 492.0 612.0 528.0
face 0.47 6.0 416.0 180.0 649.0
face 0.47 552.0 267.0 575.0 298.0
face 0.42 490.0 665.0 504.0 679.0
face 0.40 589.0 293.0 645.0 353.0
face 0.38 717.0 170.0 739.0 197.0
face 0.38 620.0 101.0 634.0 119.0
face 0.37 469.0 669.0 482.0 681.0
face 0.37 566.0 106.0 583.0 127.0
face 0.36 487.0 390.0 500.0 405.0
face 0.36 692.0 48.0 709.0 69.0
