face 0.85 142.0 39.0 154.0 54.0
face 0.84 848.0 112.0 860.0 127.0
face 0.80 695.0 25.0 706.0 42.0
face 0.69 45.0 28.0 57.0 44.0
face 0.68 31.0 71.0 41.0 83.0
face 0.66 31.0 98.0 45.0 115.0
face 0.65 917.0 110.0 927.0 122.0
face 0.65 495.0 60.0 505.0 72.0
face 0.63 176.0 84.0 186.0 98.0
face 0.62 636.0 295.0 648.0 308.0
face 0.62 832.0 88.0 841.0 99.0
face 0.61 64.0 565.0 79.0 583.0
face 0.61 102.0 21.0 112.0 33.0
face 0.61 224.0 134.0 234.0 145.0
face 0.60 288.0 45.0 299.0 58.0
face 0.58 894.0 128.0 904.0 141.0
face 0.58 470.0 48.0 479.0 59.0
face 0.58 67.0 80.0 77.0 92.0
face 0.57 937.0 578.0 953.0 595.0
face 0.57 990.0 97.0 1000.0 108.0
face 0.55 861.0 527.0 876.0 546.0
face 0.54 468.0 371.0 493.0 401.0
face 0.54 452.0 75.0 465.0 91.0
face 0.53 406.0 86.0 417.0 99.0
face 0.52 918.0 499.0 929.0 514.0
face 0.51 871.0 117.0 883.0 132.0
face 0.51 911.0 44.0 926.0 63.0
face 0.50 33.0 555.0 52.0 579.0
face 0.50 241.0 129.0 251.0 141.0
face 0.50 761.0 589.0 775.0 606.0
face 0.49 570.0 96.0 580.0 109.0
face 0.49 13.0 55.0 23.0 67.0
face 0.49 599.0 53.0 609.0 65.0
face 0.49 66.0 107.0 77.0 120.0
face 0.49 321.0 59.0 332.0 74.0
face 0.48 591.0 75.0 605.0 90.0
face 0.48 174.0 53.0 184.0 66.0
face 0.47 934.0 111.0 943.0 123.0
face 0.47 843.0 56.0 854.0 70.0
face 0.47 881.0 47.0 890.0 58.0
face 0.47 722.0 30.0 733.0 43.0
face 0.46 765.0 0.0 777.0 11.0
face 0.46 872.0 21.0 882.0 32.0
face 0.46 737.0 621.0 754.0 641.0
face 0.46 871.0 76.0 882.0 88.0
face 0.45 959.0 114.0 971.0 128.0
face 0.44 117.0 46.0 127.0 57.0
face 0.44 768.0 664.0 778.0 677.0
face 0.44 932.0 82.0 946.0 100.0
face 0.43 213.0 72.0 224.0 85.0
face 0.43 746.0 63.0 755.0 74.0
face 0.43 781.0 503.0 807.0 535.0
face 0.42 390.0 37.0 399.0 49.0
face 0.42 553.0 63.0 562.0 75.0
face 0.41 885.0 95.0 898.0 111.0
face 0.41 363.0 102.0 378.0 119.0
face 0.41 955.0 75.0 965.0 89.0
face 0.41 410.0 255.0 420.0 266.0
face 0.41 454.0 37.0 465.0 51.0
face 0.41 173.0 123.0 186.0 136.0
face 0.40 984.0 77.0 993.0 88.0
face 0.40 87.0 22.0 97.0 34.0
face 0.40 343.0 121.0 353.0 133.0
face 0.40 7.0 78.0 17.0 91.0
face 0.40 150.0 66.0 161.0 79.0
face 0.40 950.0 151.0 959.0 162.0
face 0.40 796.0 109.0 806.0 121.0
face 0.40 263.0 6.0 273.0 19.0
face 0.39 743.0 3.0 753.0 16.0
face 0.39 904.0 82.0 914.0 95.0
face 0.39 134.0 107.0 144.0 120.0
face 0.39 336.0 87.0 346.0 99.0
face 0.39 836.0 566.0 849.0 583.0
face 0.39 919.0 30.0 929.0 41.0
face 0.39 821.0 1.0 832.0 12.0
face 0.39 608.0 30.0 618.0 42.0
face 0.39 195.0 108.0 206.0 121.0
face 0.38 48.0 87.0 57.0 98.0
face 0.38 25.0 14.0 37.0 29.0
face 0.38 985.0 38.0 997.0 53.0
face 0.38 800.0 35.0 811.0 49.0
face 0.38 622.0 0.0 636.0 14.0
face 0.38 930.0 492.0 944.0 509.0
face 0.38 965.0 63.0 975.0 74.0
face 0.38 870.0 38.0 880.0 50.0
face 0.38 136.0 130.0 146.0 142.0
face 0.38 717.0 78.0 728.0 91.0
face 0.38 405.0 22.0 415.0 34.0
face 0.38 818.0 150.0 837.0 170.0
face 0.38 799.0 3.0 812.0 17.0
face 0.38 104.0 60.0 114.0 72.0
face 0.37 104.0 556.0 116.0 570.0
face 0.37 216.0 95.0 225.0 106.0
face 0.37 55.0 94.0 65.0 106.0
face 0.37 957.0 70.0 967.0 82.0
face 0.37 823.0 39.0 833.0 51.0
face 0.37 585.0 109.0 597.0 123.0
face 0.37 159.0 71.0 169.0 83.0
face 0.37 223.0 94.0 233.0 106.0
face 0.37 911.0 38.0 922.0 52.0
face 0.37 174.0 46.0 185.0 59.0
face 0.37 278.0 61.0 290.0 74.0
face 0.37 846.0 36.0 856.0 48.0
face 0.37 311.0 2.0 326.0 18.0
face 0.37 335.0 46.0 346.0 60.0
face 0.37 461.0 38.0 472.0 51.0
face 0.37 497.0 38.0 507.0 50.0
face 0.37 830.0 644.0 846.0 664.0
face 0.37 174.0 61.0 184.0 73.0
face 0.37 267.0 111.0 277.0 123.0
face 0.37 679.0 133.0 694.0 149.0
face 0.37 445.0 76.0 458.0 89.0
face 0.37 720.0 120.0 730.0 133.0
face 0.37 429.0 20.0 439.0 31.0
face 0.37 702.0 46.0 711.0 57.0
face 0.37 662.0 60.0 671.0 72.0
face 0.37 79.0 71.0 88.0 82.0
face 0.37 864.0 43.0 874.0 55.0
face 0.37 861.0 100.0 871.0 112.0
face 0.37 359.0 87.0 369.0 99.0
face 0.37 894.0 93.0 904.0 106.0
face 0.37 927.0 149.0 937.0 161.0
face 0.37 166.0 70.0 176.0 83.0
face 0.37 969.0 133.0 981.0 148.0
face 0.37 166.0 78.0 177.0 92.0
face 0.37 255.0 127.0 264.0 138.0
face 0.36 96.0 20.0 107.0 33.0
face 0.36 472.0 31.0 481.0 42.0
face 0.36 206.0 87.0 215.0 100.0
face 0.36 413.0 266.0 427.0 286.0
face 0.36 161.0 77.0 171.0 88.0
face 0.36 887.0 36.0 897.0 49.0
face 0.36 265.0 70.0 274.0 82.0
face 0.36 809.0 93.0 817.0 104.0
face 0.36 823.0 119.0 833.0 131.0
face 0.36 960.0 95.0 970.0 106.0
face 0.36 664.0 90.0 674.0 103.0
face 0.36 30.0 122.0 45.0 139.0
face 0.36 934.0 104.0 944.0 116.0
face 0.36 573.0 73.0 587.0 90.0
face 0.36 671.0 5.0 685.0 21.0
face 0.36 495.0 21.0 505.0 33.0
face 0.36 589.0 12.0 603.0 27.0
face 0.36 703.0 125.0 713.0 136.0
face 0.36 30.0 54.0 40.0 66.0
face 0.36 952.0 101.0 962.0 112.0
face 0.36 121.0 71.0 131.0 84.0
face 0.36 600.0 102.0 610.0 114.0
face 0.36 487.0 54.0 497.0 66.0
face 0.36 644.0 55.0 658.0 70.0
face 0.36 479.0 30.0 488.0 42.0
face 0.36 249.0 21.0 259.0 34.0
face 0.36 364.0 29.0 377.0 44.0
face 0.36 304.0 83.0 314.0 96.0
face 0.36 113.0 40.0 122.0 51.0
face 0.36 950.0 125.0 960.0 139.0
face 0.36 224.0 88.0 233.0 99.0
face 0.36 911.0 142.0 921.0 153.0
face 0.36 807.0 102.0 818.0 115.0
face 0.36 792.0 105.0 802.0 116.0
face 0.36 97.0 152.0 107.0 163.0
face 0.36 319.0 22.0 329.0 34.0
face 0.36 141.0 127.0 151.0 139.0
face 0.36 31.0 166.0 42.0 177.0
face 0.36 280.0 46.0 290.0 58.0
face 0.36 232.0 119.0 241.0 129.0
face 0.36 928.0 117.0 938.0 129.0
face 0.36 696.0 15.0 705.0 27.0
face 0.36 769.0 101.0 778.0 113.0
face 0.36 894.0 109.0 906.0 122.0
face 0.36 759.0 60.0 770.0 72.0
face 0.36 360.0 31.0 370.0 42.0
face 0.36 96.0 87.0 105.0 97.0
face 0.36 344.0 60.0 354.0 74.0
face 0.36 63.0 95.0 72.0 106.0
face 0.36 462.0 32.0 472.0 43.0
face 0.36 655.0 54.0 666.0 67.0
face 0.36 110.0 104.0 119.0 115.0
face 0.36 792.0 86.0 801.0 98.0
face 0.36 425.0 16.0 435.0 28.0
face 0.36 543.0 622.0 553.0 634.0
face 0.36 54.0 88.0 64.0 100.0
face 0.36 471.0 39.0 481.0 51.0
face 0.36 941.0 53.0 951.0 65.0
face 0.36 365.0 93.0 377.0 106.0
face 0.36 112.0 30.0 120.0 41.0
face 0.36 102.0 4.0 114.0 18.0
face 0.36 920.0 142.0 930.0 155.0
face 0.36 824.0 30.0 834.0 42.0
face 0.36 184.0 605.0 197.0 622.0
face 0.36 373.0 21.0 385.0 36.0
face 0.36 179.0 38.0 190.0 51.0
face 0.36 320.0 121.0 329.0 131.0
face 0.36 420.0 58.0 434.0 74.0
face 0.36 509.0 107.0 521.0 121.0
face 0.36 911.0 31.0 921.0 42.0
face 0.36 912.0 104.0 921.0 115.0
face 0.36 22.0 597.0 32.0 611.0
face 0.36 120.0 30.0 129.0 41.0
face 0.36 769.0 128.0 779.0 140.0
face 0.36 124.0 77.0 134.0 88.0
face 0.36 964.0 95.0 975.0 109.0
face 0.36 223.0 30.0 234.0 42.0
face 0.36 903.0 111.0 912.0 122.0
face 0.36 192.0 46.0 200.0 57.0
face 0.36 505.0 108.0 514.0 119.0
face 0.36 296.0 52.0 306.0 64.0
face 0.36 336.0 30.0 345.0 42.0
face 0.36 1005.0 36.0 1015.0 49.0
face 0.36 8.0 72.0 18.0 83.0
face 0.36 841.0 39.0 851.0 50.0
face 0.36 88.0 566.0 98.0 578.0
face 0.36 92.0 565.0 105.0 580.0
face 0.36 519.0 109.0 529.0 120.0
face 0.36 998.0 124.0 1012.0 142.0
face 0.36 815.0 103.0 824.0 114.0
face 0.36 918.0 38.0 929.0 52.0
face 0.36 19.0 141.0 31.0 156.0
face 0.36 183.0 45.0 192.0 56.0
face 0.36 55.0 100.0 67.0 115.0
face 0.36 478.0 14.0 487.0 26.0
face 0.36 1004.0 148.0 1015.0 161.0
face 0.36 753.0 93.0 762.0 104.0
face 0.36 86.0 573.0 98.0 586.0
face 0.36 624.0 72.0 633.0 82.0
face 0.36 958.0 172.0 969.0 186.0
face 0.36 679.0 28.0 689.0 40.0
face 0.36 959.0 86.0 969.0 98.0
face 0.36 488.0 48.0 496.0 59.0
face 0.36 232.0 25.0 242.0 35.0
face 0.36 143.0 15.0 152.0 27.0
face 0.36 272.0 63.0 282.0 74.0
face 0.36 245.0 127.0 255.0 138.0
face 0.36 920.0 94.0 930.0 106.0
face 0.36 855.0 61.0 865.0 73.0
face 0.36 159.0 55.0 169.0 66.0
face 0.36 215.0 5.0 225.0 17.0
face 0.36 734.0 118.0 745.0 130.0
face 0.36 55.0 109.0 65.0 121.0
face 0.36 518.0 39.0 529.0 51.0
face 0.36 952.0 118.0 962.0 130.0
face 0.36 855.0 31.0 865.0 42.0
face 0.36 933.0 19.0 943.0 32.0
face 0.36 929.0 102.0 938.0 114.0
face 0.36 93.0 110.0 104.0 122.0
face 0.36 880.0 30.0 890.0 42.0
face 0.36 175.0 70.0 184.0 81.0
face 0.36 336.0 39.0 347.0 52.0
face 0.35 31.0 63.0 41.0 76.0
face 0.35 737.0 80.0 747.0 92.0
face 0.35 69.0 92.0 81.0 107.0
face 0.35 878.0 22.0 887.0 33.0
face 0.35 95.0 560.0 105.0 571.0
face 0.35 449.0 47.0 458.0 58.0
face 0.35 736.0 102.0 746.0 113.0
face 0.35 247.0 29.0 257.0 41.0
face 0.35 286.0 62.0 296.0 74.0
face 0.35 96.0 94.0 105.0 104.0
face 0.35 598.0 72.0 609.0 85.0
face 0.35 150.0 573.0 161.0 588.0
face 0.35 726.0 23.0 736.0 35.0
face 0.35 641.0 61.0 651.0 73.0
face 0.35 126.0 23.0 138.0 37.0
face 0.35 879.0 109.0 889.0 123.0
face 0.35 885.0 109.0 896.0 122.0
face 0.35 828.0 38.0 839.0 51.0
face 0.35 954.0 110.0 963.0 122.0
face 0.35 608.0 23.0 617.0 34.0
face 0.35 224.0 79.0 233.0 89.0
face 0.35 583.0 0.0 595.0 13.0
face 0.35 24.0 102.0 34.0 115.0
face 0.35 232.0 63.0 241.0 74.0
face 0.35 236.0 70.0 248.0 84.0
face 0.35 503.0 23.0 512.0 34.0
face 0.35 798.0 23.0 808.0 35.0
face 0.35 239.0 77.0 248.0 89.0
face 0.35 479.0 63.0 488.0 74.0
face 0.35 855.0 38.0 865.0 49.0
face 0.35 336.0 15.0 346.0 27.0
face 0.35 222.0 100.0 233.0 113.0
face 0.35 882.0 95.0 891.0 107.0
face 0.35 656.0 48.0 665.0 59.0
face 0.35 280.0 39.0 290.0 50.0
face 0.35 0.0 36.0 9.0 50.0
face 0.35 551.0 102.0 561.0 113.0
face 0.35 358.0 80.0 368.0 91.0
face 0.35 336.0 22.0 346.0 34.0
face 0.35 191.0 72.0 201.0 82.0
face 0.35 150.0 54.0 162.0 68.0
face 0.35 5.0 156.0 17.0 170.0
face 0.35 382.0 47.0 392.0 58.0
face 0.35 31.0 88.0 41.0 99.0
face 0.35 720.0 23.0 730.0 36.0
face 0.35 839.0 45.0 850.0 57.0
face 0.35 88.0 104.0 99.0 117.0
face 0.35 377.0 48.0 387.0 59.0
face 0.35 86.0 558.0 99.0 572.0
face 0.35 342.0 15.0 353.0 26.0
face 0.35 351.0 69.0 360.0 81.0
face 0.35 672.0 55.0 683.0 68.0
face 0.35 246.0 38.0 256.0 49.0
face 0.35 599.0 60.0 609.0 72.0
face 0.35 311.0 104.0 321.0 115.0
face 0.35 83.0 110.0 101.0 130.0
face 0.35 783.0 32.0 795.0 47.0
face 0.35 80.0 111.0 91.0 124.0
face 0.35 352.0 86.0 362.0 98.0
face 0.35 87.0 71.0 96.0 81.0
face 0.35 631.0 111.0 642.0 124.0
face 0.35 1003.0 618.0 1019.0 638.0
face 0.35 190.0 94.0 200.0 106.0
face 0.35 76.0 565.0 89.0 581.0
face 0.35 904.0 53.0 915.0 67.0
face 0.35 102.0 167.0 112.0 178.0
face 0.35 399.0 120.0 409.0 131.0
face 0.35 223.0 37.0 234.0 50.0
face 0.35 887.0 118.0 897.0 129.0
face 0.35 919.0 126.0 929.0 138.0
face 0.35 230.0 87.0 240.0 98.0
face 0.35 103.0 79.0 112.0 90.0
face 0.35 911.0 127.0 922.0 139.0
face 0.35 382.0 22.0 392.0 34.0
face 0.35 870.0 5.0 881.0 17.0
face 0.35 807.0 110.0 817.0 121.0
face 0.35 912.0 116.0 922.0 128.0
face 0.35 806.0 31.0 815.0 42.0
face 0.35 238.0 27.0 250.0 42.0
face 0.35 882.0 101.0 892.0 114.0
face 0.35 824.0 112.0 833.0 122.0
face 0.35 64.0 72.0 73.0 85.0
face 0.35 401.0 16.0 410.0 27.0
face 0.35 56.0 15.0 65.0 26.0
face 0.35 191.0 78.0 203.0 90.0
face 0.35 959.0 101.0 970.0 113.0
face 0.35 847.0 78.0 857.0 89.0
face 0.35 896.0 87.0 906.0 99.0
face 0.35 400.0 27.0 412.0 41.0
face 0.35 566.0 37.0 575.0 48.0
face 0.35 224.0 24.0 233.0 35.0
face 0.35 87.0 86.0 98.0 99.0
face 0.35 878.0 5.0 891.0 19.0
face 0.35 496.0 31.0 506.0 43.0
face 0.35 144.0 63.0 154.0 75.0
face 0.35 846.0 69.0 856.0 81.0
face 0.35 750.0 24.0 760.0 35.0
face 0.35 677.0 61.0 688.0 74.0
face 0.35 271.0 37.0 280.0 48.0
face 0.35 367.0 24.0 377.0 35.0
face 0.35 512.0 45.0 522.0 57.0
face 0.35 832.0 110.0 841.0 121.0
face 0.35 182.0 125.0 192.0 136.0
face 0.35 231.0 69.0 242.0 81.0
face 0.35 368.0 78.0 378.0 89.0
face 0.35 816.0 -1.0 827.0 10.0
face 0.35 190.0 86.0 201.0 99.0
face 0.35 229.0 94.0 239.0 105.0
face 0.35 428.0 60.0 440.0 75.0
face 0.35 528.0 77.0 537.0 88.0
face 0.35 877.0 71.0 888.0 83.0
face 0.35 734.0 46.0 744.0 58.0
face 0.35 181.0 31.0 190.0 42.0
face 0.35 727.0 64.0 737.0 75.0
face 0.35 767.0 274.0 776.0 283.0
face 0.35 102.0 86.0 112.0 97.0
face 0.35 143.0 33.0 154.0 46.0
face 0.35 304.0 70.0 314.0 82.0
face 0.35 967.0 21.0 977.0 34.0
face 0.35 48.0 93.0 58.0 105.0
face 0.35 295.0 59.0 307.0 74.0
face 0.35 534.0 29.0 545.0 42.0
face 0.35 527.0 29.0 540.0 44.0
face 0.35 167.0 605.0 177.0 618.0
face 0.35 773.0 0.0 785.0 11.0
face 0.35 472.0 63.0 481.0 75.0
face 0.35 88.0 54.0 97.0 64.0
face 0.35 712.0 93.0 723.0 106.0
face 0.35 31.0 159.0 41.0 171.0
face 0.35 44.0 158.0 57.0 172.0
face 0.35 876.0 13.0 888.0 28.0
face 0.35 440.0 4.0 450.0 16.0
face 0.35 199.0 78.0 209.0 90.0
