face 1.00 591.0 52.0 660.0 132.0
face 0.64 179.0 451.0 194.0 467.0
face 0.54 475.0 201.0 491.0 222.0
face 0.54 361.0 352.0 396.0 394.0
face 0.50 465.0 280.0 487.0 304.0
face 0.46 597.0 175.0 608.0 189.0
face 0.44 383.0 250.0 411.0 282.0
face 0.44 413.0 305.0 428.0 324.0
face 0.42 406.0 328.0 430.0 354.0
face 0.41 473.0 175.0 497.0 203.0
face 0.40 500.0 261.0 515.0 279.0
face 0.40 549.0 242.0 565.0 260.0
face 0.39 492.0 161.0 507.0 181.0
face 0.39 405.0 302.0 443.0 350.0
face 0.39 325.0 419.0 341.0 440.0
face 0.38 524.0 244.0 535.0 258.0
face 0.38 542.0 261.0 553.0 273.0
face 0.37 444.0 268.0 458.0 286.0
face 0.37 590.0 200.0 599.0 212.0
face 0.36 381.0 347.0 393.0 361.0
face 0.36 572.0 207.0 584.0 221.0
face 0.36 550.0 163.0 564.0 180.0
face 0.36 566.0 164.0 579.0 179.0
face 0.36 585.0 200.0 594.0 211.0
face 0.36 495.0 226.0 508.0 241.0
face 0.36 27.0 49.0 56.0 86.0
face 0.36 510.0 243.0 523.0 259.0
face 0.36 578.0 65.0 594.0 88.0
face 0.35 431.0 310.0 442.0 322.0
face 0.35 535.0 263.0 547.0 277.0
face 0.35 454.0 275.0 466.0 292.0
face 0.35 462.0 279.0 473.0 293.0
face 0.35 558.0 159.0 569.0 171.0
