face 1.00 224.0 96.0 268.0 155.0
face 0.77 415.0 0.0 479.0 58.0
face 0.73 184.0 151.0 214.0 189.0
face 0.49 221.0 8.0 237.0 29.0
face 0.41 167.0 281.0 206.0 340.0
face 0.40 266.0 36.0 290.0 67.0
face 0.40 247.0 149.0 270.0 177.0
face 0.37 196.0 91.0 210.0 109.0
face 0.37 173.0 235.0 188.0 251.0
face 0.37 244.0 22.0 260.0 42.0
face 0.36 200.0 215.0 209.0 226.0
face 0.36 182.0 215.0 193.0 226.0
face 0.36 191.0 215.0 201.0 226.0
face 0.36 201.0 198.0 212.0 210.0
face 0.36 164.0 128.0 179.0 149.0
face 0.36 238.0 7.0 249.0 20.0
face 0.35 207.0 206.0 217.0 218.0
face 0.35 205.0 211.0 217.0 226.0
face 0.35 205.0 12.0 216.0 27.0
face 0.35 178.0 121.0 192.0 139.0
