face 1.00 580.0 159.0 621.0 218.0
face 0.70 647.0 287.0 657.0 300.0
face 0.66 664.0 284.0 675.0 297.0
face 0.64 680.0 171.0 695.0 188.0
face 0.56 743.0 350.0 752.0 362.0
face 0.51 740.0 185.0 751.0 197.0
face 0.51 715.0 178.0 727.0 192.0
face 0.50 672.0 304.0 684.0 318.0
face 0.40 769.0 282.0 784.0 299.0
face 0.39 686.0 322.0 698.0 336.0
face 0.39 678.0 315.0 692.0 333.0
face 0.39 846.0 492.0 857.0 504.0
face 0.38 660.0 311.0 671.0 324.0
face 0.37 870.0 531.0 882.0 546.0
face 0.37 813.0 454.0 826.0 471.0
face 0.37 975.0 635.0 990.0 651.0
face 0.37 789.0 204.0 805.0 222.0
face 0.37 667.0 325.0 681.0 341.0
face 0.36 758.0 365.0 769.0 377.0
face 0.36 709.0 263.0 718.0 274.0
face 0.36 757.0 341.0 767.0 352.0
face 0.36 855.0 510.0 864.0 522.0
face 0.36 784.0 230.0 794.0 242.0
face 0.36 833.0 473.0 846.0 490.0
face 0.36 862.0 518.0 871.0 529.0
face 0.36 790.0 228.0 803.0 243.0
face 0.36 775.0 245.0 786.0 258.0
face 0.36 797.0 431.0 809.0 443.0
face 0.36 656.0 418.0 667.0 432.0
face 0.35 798.0 229.0 808.0 242.0
face 0.35 796.0 252.0 807.0 266.0
face 0.35 863.0 525.0 876.0 540.0
face 0.35 671.0 294.0 680.0 305.0
face 0.35 607.0 205.0 618.0 219.0
face 0.35 773.0 346.0 783.0 359.0
face 0.35 771.0 213.0 785.0 229.0
face 0.35 848.0 509.0 859.0 522.0
face 0.35 797.0 444.0 811.0 460.0
