face 1.00 373.0 79.0 455.0 170.0
face 0.65 839.0 48.0 867.0 82.0
face 0.63 931.0 493.0 1023.0 587.0
face 0.59 595.0 36.0 643.0 93.0
face 0.44 111.0 235.0 123.0 250.0
face 0.41 71.0 402.0 116.0 468.0
face 0.41 151.0 110.0 199.0 174.0
face 0.40 214.0 104.0 225.0 117.0
face 0.38 327.0 253.0 338.0 266.0
face 0.38 246.0 85.0 259.0 100.0
face 0.36 255.0 91.0 266.0 103.0
face 0.36 215.0 87.0 224.0 98.0
face 0.36 230.0 93.0 241.0 105.0
face 0.35 231.0 102.0 242.0 114.0
face 0.35 246.0 80.0 256.0 92.0
face 0.35 214.0 94.0 224.0 105.0
face 0.35 222.0 420.0 236.0 438.0
face 0.35 223.0 87.0 233.0 98.0
face 0.35 262.0 92.0 272.0 106.0
