face 1.00 627.0 138.0 768.0 337.0
face 1.00 146.0 49.0 199.0 115.0
face 0.89 963.0 569.0 977.0 587.0
face 0.63 95.0 348.0 115.0 374.0
face 0.62 827.0 35.0 848.0 62.0
face 0.58 378.0 194.0 399.0 221.0
face 0.52 751.0 493.0 778.0 527.0
face 0.51 855.0 152.0 871.0 171.0
face 0.48 945.0 310.0 978.0 347.0
face 0.45 598.0 197.0 623.0 230.0
face 0.42 845.0 214.0 888.0 270.0
face 0.42 142.0 193.0 181.0 239.0
face 0.39 634.0 511.0 674.0 554.0
face 0.38 166.0 519.0 178.0 533.0
face 0.38 213.0 35.0 243.0 76.0
face 0.38 846.0 41.0 860.0 59.0
face 0.38 951.0 565.0 964.0 581.0
face 0.37 862.0 36.0 876.0 54.0
face 0.37 982.0 573.0 992.0 587.0
face 0.37 238.0 525.0 249.0 539.0
face 0.36 839.0 37.0 850.0 51.0
face 0.36 518.0 10.0 534.0 29.0
face 0.36 479.0 13.0 494.0 32.0
face 0.36 471.0 460.0 484.0 476.0
face 0.36 38.0 200.0 52.0 219.0
face 0.36 519.0 129.0 532.0 145.0
face 0.36 297.0 0.0 320.0 25.0
face 0.36 758.0 432.0 773.0 449.0
face 0.35 766.0 495.0 777.0 509.0
face 0.35 597.0 446.0 609.0 459.0
face 0.35 430.0 113.0 444.0 133.0
face 0.35 477.0 180.0 491.0 196.0
face 0.35 887.0 356.0 901.0 372.0
