face 1.00 15.0 307.0 41.0 337.0
face 1.00 334.0 283.0 358.0 311.0
face 0.99 864.0 299.0 881.0 318.0
face 0.99 479.0 293.0 503.0 323.0
face 0.99 95.0 327.0 123.0 359.0
face 0.99 54.0 320.0 80.0 349.0
face 0.99 612.0 329.0 638.0 358.0
face 0.98 708.0 284.0 722.0 302.0
face 0.98 763.0 305.0 780.0 325.0
face 0.95 253.0 279.0 279.0 310.0
face 0.81 166.0 290.0 205.0 329.0
face 0.80 745.0 290.0 762.0 311.0
face 0.78 277.0 295.0 295.0 318.0
face 0.75 1.0 315.0 13.0 336.0
face 0.73 807.0 295.0 818.0 308.0
face 0.70 954.0 306.0 968.0 322.0
face 0.69 839.0 300.0 851.0 315.0
face 0.68 454.0 304.0 475.0 330.0
face 0.64 941.0 295.0 951.0 308.0
face 0.63 474.0 371.0 492.0 391.0
face 0.58 364.0 527.0 380.0 547.0
face 0.57 561.0 273.0 578.0 292.0
face 0.55 684.0 294.0 701.0 316.0
face 0.51 906.0 315.0 924.0 335.0
face 0.49 14.0 567.0 42.0 600.0
face 0.48 274.0 563.0 299.0 593.0
face 0.48 988.0 365.0 1004.0 383.0
face 0.48 896.0 303.0 906.0 316.0
face 0.47 941.0 380.0 955.0 398.0
face 0.47 94.0 531.0 108.0 547.0
face 0.46 979.0 367.0 996.0 387.0
face 0.46 774.0 400.0 788.0 416.0
face 0.45 348.0 532.0 368.0 560.0
face 0.44 1013.0 303.0 1023.0 317.0
face 0.44 825.0 310.0 837.0 324.0
face 0.42 382.0 247.0 401.0 275.0
face 0.42 996.0 318.0 1007.0 332.0
face 0.41 863.0 333.0 876.0 350.0
face 0.41 39.0 524.0 55.0 545.0
face 0.40 225.0 324.0 249.0 353.0
face 0.39 74.0 537.0 90.0 557.0
face 0.39 802.0 318.0 815.0 336.0
face 0.39 189.0 285.0 230.0 331.0
face 0.39 398.0 283.0 425.0 320.0
face 0.39 355.0 306.0 369.0 325.0
face 0.38 503.0 399.0 513.0 412.0
face 0.38 423.0 356.0 434.0 370.0
face 0.38 52.0 370.0 66.0 389.0
face 0.38 119.0 547.0 144.0 575.0
face 0.38 823.0 304.0 832.0 316.0
face 0.37 815.0 308.0 827.0 322.0
face 0.37 186.0 565.0 209.0 593.0
face 0.37 790.0 300.0 803.0 315.0
face 0.37 670.0 387.0 683.0 403.0
face 0.37 374.0 315.0 390.0 331.0
face 0.37 829.0 315.0 841.0 329.0
face 0.37 985.0 341.0 997.0 356.0
face 0.37 645.0 427.0 660.0 447.0
face 0.37 626.0 330.0 645.0 351.0
face 0.37 814.0 302.0 825.0 313.0
face 0.36 348.0 187.0 363.0 205.0
face 0.36 657.0 467.0 673.0 487.0
face 0.36 252.0 518.0 266.0 536.0
face 0.36 896.0 314.0 909.0 332.0
face 0.36 202.0 301.0 219.0 321.0
face 0.36 458.0 285.0 473.0 303.0
face 0.36 831.0 294.0 845.0 308.0
face 0.36 120.0 322.0 133.0 340.0
face 0.36 720.0 303.0 730.0 316.0
face 0.36 363.0 346.0 377.0 366.0
face 0.36 704.0 301.0 714.0 314.0
face 0.35 831.0 304.0 843.0 318.0
face 0.35 883.0 331.0 899.0 349.0
face 0.35 920.0 343.0 932.0 356.0
face 0.35 798.0 299.0 809.0 313.0
face 0.35 317.0 276.0 331.0 294.0
face 0.35 237.0 301.0 249.0 314.0
face 0.35 925.0 301.0 939.0 316.0
face 0.35 799.0 308.0 810.0 322.0
face 0.35 823.0 317.0 835.0 330.0
face 0.35 608.0 334.0 619.0 348.0
face 0.35 539.0 285.0 553.0 303.0
face 0.35 819.0 318.0 841.0 344.0
face 0.35 879.0 307.0 890.0 321.0
