face 0.88 777.0 239.0 789.0 254.0
face 0.87 832.0 235.0 845.0 251.0
face 0.75 111.0 197.0 124.0 214.0
face 0.70 377.0 120.0 403.0 155.0
face 0.68 774.0 248.0 799.0 284.0
face 0.53 917.0 235.0 929.0 250.0
face 0.49 747.0 149.0 768.0 173.0
face 0.46 69.0 268.0 84.0 287.0
face 0.45 960.0 283.0 986.0 311.0
face 0.43 129.0 205.0 140.0 220.0
face 0.40 828.0 390.0 880.0 460.0
face 0.39 270.0 161.0 338.0 235.0
face 0.37 878.0 136.0 908.0 173.0
face 0.37 813.0 101.0 828.0 118.0
face 0.36 103.0 189.0 115.0 204.0
face 0.36 103.0 183.0 113.0 195.0
face 0.36 109.0 191.0 121.0 205.0
face 0.35 66.0 161.0 83.0 183.0
face 0.35 884.0 219.0 899.0 237.0
face 0.35 23.0 133.0 37.0 149.0
face 0.35 889.0 245.0 899.0 257.0
face 0.35 702.0 111.0 714.0 125.0
