face 0.83 233.0 228.0 250.0 249.0
face 0.67 708.0 97.0 726.0 119.0
face 0.60 339.0 156.0 381.0 214.0
face 0.50 541.0 267.0 573.0 301.0
face 0.47 229.0 496.0 245.0 516.0
face 0.45 805.0 502.0 820.0 519.0
face 0.45 764.0 82.0 782.0 104.0
face 0.41 437.0 379.0 452.0 398.0
face 0.40 758.0 108.0 771.0 123.0
face 0.40 5.0 260.0 22.0 281.0
face 0.39 462.0 340.0 478.0 360.0
face 0.39 787.0 498.0 803.0 517.0
face 0.39 522.0 440.0 603.0 535.0
face 0.38 376.0 504.0 387.0 518.0
face 0.37 324.0 473.0 340.0 492.0
face 0.37 830.0 38.0 844.0 53.0
face 0.36 773.0 96.0 788.0 116.0
face 0.36 204.0 558.0 218.0 575.0
face 0.35 419.0 594.0 433.0 611.0
face 0.35 798.0 501.0 810.0 515.0
face 0.35 137.0 254.0 153.0 271.0
face 0.35 973.0 117.0 986.0 133.0
