face 0.64 549.0 332.0 591.0 385.0
face 0.57 391.0 113.0 402.0 126.0
face 0.57 455.0 100.0 466.0 114.0
face 0.44 728.0 552.0 751.0 579.0
face 0.43 515.0 305.0 608.0 418.0
face 0.42 655.0 131.0 799.0 262.0
face 0.38 342.0 570.0 358.0 589.0
face 0.38 306.0 517.0 323.0 537.0
face 0.38 894.0 635.0 910.0 649.0
face 0.38 963.0 604.0 977.0 623.0
face 0.37 957.0 397.0 968.0 412.0
face 0.37 927.0 257.0 939.0 274.0
face 0.37 500.0 74.0 514.0 93.0
face 0.37 901.0 509.0 911.0 522.0
face 0.37 375.0 117.0 388.0 132.0
face 0.36 475.0 107.0 488.0 124.0
face 0.36 216.0 419.0 230.0 434.0
face 0.36 490.0 51.0 503.0 70.0
face 0.36 838.0 613.0 849.0 627.0
face 0.36 919.0 527.0 929.0 538.0
face 0.36 404.0 180.0 418.0 197.0
face 0.35 422.0 636.0 436.0 649.0
face 0.35 479.0 68.0 489.0 82.0
face 0.35 375.0 111.0 384.0 123.0
