face 0.61 526.0 340.0 539.0 355.0
face 0.59 222.0 452.0 233.0 465.0
face 0.57 122.0 477.0 134.0 493.0
face 0.52 149.0 439.0 159.0 451.0
face 0.48 575.0 430.0 585.0 443.0
face 0.46 887.0 524.0 897.0 538.0
face 0.46 99.0 464.0 115.0 487.0
face 0.45 390.0 124.0 402.0 139.0
face 0.43 58.0 491.0 71.0 507.0
face 0.43 71.0 372.0 85.0 389.0
face 0.41 28.0 481.0 40.0 500.0
face 0.41 358.0 412.0 369.0 425.0
face 0.41 733.0 463.0 743.0 475.0
face 0.41 94.0 461.0 107.0 478.0
face 0.41 680.0 484.0 692.0 499.0
face 0.41 143.0 389.0 154.0 402.0
face 0.40 655.0 486.0 667.0 500.0
face 0.40 101.0 462.0 111.0 474.0
face 0.40 164.0 477.0 176.0 494.0
face 0.40 172.0 430.0 182.0 442.0
face 0.40 262.0 640.0 279.0 660.0
face 0.40 743.0 519.0 768.0 552.0
face 0.39 69.0 468.0 83.0 486.0
face 0.39 284.0 430.0 294.0 443.0
face 0.39 719.0 475.0 730.0 488.0
face 0.39 166.0 446.0 177.0 457.0
face 0.39 272.0 423.0 281.0 433.0
face 0.39 298.0 430.0 306.0 441.0
face 0.39 279.0 424.0 289.0 435.0
face 0.39 438.0 404.0 448.0 416.0
face 0.39 242.0 416.0 251.0 428.0
face 0.39 232.0 437.0 241.0 448.0
face 0.39 239.0 421.0 248.0 432.0
face 0.38 208.0 445.0 217.0 458.0
face 0.38 89.0 462.0 98.0 473.0
face 0.38 284.0 437.0 295.0 451.0
face 0.38 239.0 405.0 248.0 417.0
face 0.38 951.0 668.0 963.0 681.0
face 0.38 734.0 490.0 746.0 504.0
face 0.38 144.0 443.0 156.0 457.0
face 0.38 214.0 420.0 226.0 435.0
face 0.38 184.0 447.0 193.0 458.0
face 0.38 216.0 413.0 226.0 426.0
face 0.38 151.0 486.0 162.0 498.0
face 0.38 646.0 460.0 656.0 472.0
face 0.38 151.0 468.0 162.0 481.0
face 0.38 302.0 431.0 311.0 441.0
face 0.38 630.0 460.0 640.0 472.0
face 0.38 167.0 439.0 178.0 451.0
face 0.38 285.0 446.0 295.0 458.0
face 0.38 271.0 405.0 281.0 417.0
face 0.38 229.0 405.0 241.0 417.0
face 0.38 111.0 494.0 121.0 506.0
face 0.38 255.0 454.0 264.0 464.0
face 0.37 272.0 447.0 281.0 458.0
face 0.37 128.0 462.0 139.0 474.0
face 0.37 590.0 446.0 601.0 457.0
face 0.37 327.0 422.0 338.0 435.0
face 0.37 657.0 481.0 666.0 492.0
face 0.37 159.0 470.0 171.0 483.0
face 0.37 256.0 398.0 265.0 410.0
face 0.37 78.0 446.0 91.0 460.0
face 0.37 127.0 414.0 136.0 425.0
face 0.37 272.0 428.0 281.0 439.0
face 0.37 238.0 446.0 249.0 459.0
face 0.37 112.0 375.0 122.0 386.0
face 0.37 583.0 453.0 594.0 466.0
face 0.37 174.0 435.0 184.0 448.0
face 0.37 142.0 453.0 152.0 464.0
face 0.37 173.0 423.0 184.0 435.0
face 0.37 908.0 663.0 918.0 675.0
face 0.37 302.0 436.0 313.0 450.0
face 0.37 702.0 460.0 713.0 473.0
face 0.37 136.0 456.0 146.0 467.0
face 0.37 144.0 430.0 153.0 442.0
face 0.37 160.0 447.0 170.0 457.0
face 0.37 199.0 436.0 211.0 450.0
face 0.37 166.0 453.0 177.0 466.0
face 0.37 73.0 454.0 82.0 465.0
face 0.37 335.0 414.0 344.0 425.0
face 0.37 213.0 436.0 226.0 451.0
face 0.37 696.0 463.0 706.0 474.0
face 0.37 132.0 468.0 143.0 480.0
face 0.37 203.0 498.0 221.0 520.0
face 0.37 224.0 438.0 233.0 449.0
face 0.37 207.0 398.0 216.0 408.0
face 0.37 121.0 428.0 130.0 439.0
face 0.37 115.0 380.0 126.0 393.0
face 0.37 39.0 467.0 49.0 479.0
face 0.37 648.0 437.0 659.0 449.0
face 0.37 228.0 454.0 239.0 466.0
face 0.37 52.0 450.0 64.0 466.0
face 0.37 646.0 452.0 659.0 467.0
face 0.37 144.0 472.0 154.0 483.0
face 0.37 616.0 484.0 627.0 497.0
face 0.37 88.0 439.0 98.0 451.0
face 0.37 695.0 507.0 705.0 520.0
face 0.37 101.0 437.0 114.0 452.0
face 0.37 535.0 436.0 545.0 448.0
face 0.37 694.0 468.0 705.0 481.0
face 0.37 111.0 455.0 122.0 466.0
face 0.37 320.0 413.0 329.0 424.0
face 0.37 96.0 479.0 105.0 490.0
face 0.37 70.0 444.0 82.0 458.0
face 0.37 137.0 448.0 146.0 457.0
face 0.37 671.0 463.0 680.0 474.0
face 0.37 680.0 424.0 690.0 436.0
face 0.36 687.0 462.0 697.0 473.0
face 0.36 160.0 429.0 169.0 440.0
face 0.36 143.0 424.0 152.0 434.0
face 0.36 97.0 424.0 106.0 435.0
face 0.36 206.0 413.0 219.0 428.0
face 0.36 245.0 447.0 256.0 459.0
face 0.36 127.0 471.0 138.0 483.0
face 0.36 321.0 423.0 330.0 434.0
face 0.36 719.0 462.0 728.0 473.0
face 0.36 215.0 408.0 224.0 419.0
face 0.36 712.0 477.0 724.0 490.0
face 0.36 705.0 486.0 714.0 497.0
face 0.36 272.0 453.0 281.0 465.0
face 0.36 961.0 326.0 973.0 342.0
face 0.36 234.0 424.0 243.0 434.0
face 0.36 236.0 429.0 248.0 442.0
face 0.36 175.0 454.0 186.0 466.0
face 0.36 281.0 448.0 290.0 459.0
face 0.36 591.0 415.0 599.0 425.0
face 0.36 160.0 454.0 170.0 466.0
face 0.36 200.0 422.0 209.0 432.0
face 0.36 110.0 476.0 121.0 489.0
face 0.36 71.0 438.0 81.0 450.0
face 0.36 286.0 424.0 295.0 434.0
face 0.36 607.0 447.0 617.0 458.0
face 0.36 96.0 438.0 105.0 450.0
face 0.36 328.0 416.0 337.0 426.0
face 0.36 705.0 480.0 714.0 491.0
face 0.36 73.0 430.0 83.0 441.0
face 0.36 320.0 430.0 330.0 442.0
face 0.36 175.0 472.0 184.0 484.0
face 0.36 200.0 463.0 209.0 474.0
face 0.36 709.0 459.0 721.0 473.0
face 0.36 727.0 493.0 738.0 505.0
face 0.36 96.0 446.0 105.0 457.0
face 0.36 132.0 477.0 144.0 490.0
face 0.36 182.0 439.0 193.0 453.0
face 0.36 200.0 415.0 210.0 426.0
face 0.36 310.0 438.0 321.0 450.0
face 0.36 262.0 452.0 275.0 466.0
face 0.36 136.0 439.0 145.0 449.0
face 0.36 191.0 415.0 200.0 425.0
face 0.36 503.0 390.0 513.0 402.0
face 0.36 127.0 447.0 135.0 456.0
face 0.36 246.0 469.0 255.0 480.0
face 0.36 351.0 421.0 361.0 432.0
face 0.36 100.0 429.0 112.0 444.0
face 0.36 200.0 391.0 209.0 401.0
face 0.36 727.0 469.0 738.0 482.0
face 0.36 95.0 455.0 105.0 467.0
face 0.36 53.0 476.0 65.0 489.0
face 0.36 424.0 379.0 434.0 391.0
face 0.36 136.0 431.0 145.0 442.0
face 0.36 255.0 372.0 264.0 384.0
face 0.36 94.0 487.0 106.0 501.0
face 0.36 239.0 438.0 249.0 450.0
face 0.36 664.0 422.0 673.0 432.0
face 0.36 182.0 374.0 191.0 385.0
face 0.36 271.0 440.0 281.0 451.0
face 0.36 656.0 472.0 666.0 482.0
face 0.36 78.0 438.0 89.0 450.0
face 0.36 648.0 446.0 658.0 459.0
face 0.36 189.0 438.0 201.0 451.0
face 0.36 120.0 455.0 130.0 466.0
face 0.36 64.0 476.0 76.0 489.0
face 0.36 214.0 447.0 225.0 459.0
face 0.36 701.0 500.0 712.0 515.0
face 0.36 648.0 478.0 661.0 492.0
face 0.36 600.0 431.0 609.0 442.0
face 0.36 297.0 426.0 305.0 435.0
face 0.36 79.0 461.0 89.0 473.0
face 0.36 688.0 470.0 698.0 481.0
face 0.36 256.0 432.0 265.0 442.0
face 0.36 303.0 424.0 313.0 435.0
face 0.36 631.0 467.0 642.0 483.0
face 0.36 124.0 421.0 136.0 436.0
face 0.36 160.0 462.0 171.0 475.0
face 0.36 621.0 478.0 631.0 490.0
face 0.36 248.0 453.0 258.0 465.0
face 0.36 191.0 423.0 201.0 433.0
face 0.36 266.0 424.0 275.0 433.0
face 0.36 910.0 397.0 920.0 409.0
face 0.36 297.0 436.0 307.0 448.0
face 0.36 600.0 454.0 610.0 466.0
face 0.36 663.0 491.0 674.0 504.0
face 0.36 217.0 454.0 228.0 466.0
face 0.36 665.0 454.0 673.0 465.0
face 0.36 223.0 422.0 231.0 433.0
face 0.36 296.0 406.0 306.0 417.0
face 0.36 191.0 430.0 202.0 443.0
face 0.36 257.0 438.0 266.0 448.0
face 0.36 585.0 448.0 595.0 459.0
face 0.36 264.0 431.0 273.0 441.0
face 0.36 751.0 511.0 763.0 526.0
face 0.36 631.0 430.0 641.0 443.0
face 0.36 231.0 447.0 241.0 458.0
face 0.36 703.0 495.0 712.0 506.0
face 0.36 624.0 431.0 633.0 442.0
face 0.36 272.0 415.0 282.0 427.0
face 0.36 288.0 408.0 297.0 418.0
face 0.36 303.0 444.0 313.0 456.0
face 0.36 248.0 406.0 257.0 417.0
face 0.36 166.0 472.0 176.0 484.0
face 0.36 679.0 471.0 689.0 481.0
face 0.36 594.0 471.0 603.0 483.0
face 0.36 596.0 436.0 610.0 452.0
face 0.36 511.0 421.0 521.0 432.0
face 0.36 175.0 415.0 185.0 427.0
face 0.35 309.0 430.0 321.0 444.0
face 0.35 110.0 439.0 120.0 450.0
face 0.35 223.0 431.0 233.0 443.0
face 0.35 32.0 470.0 42.0 481.0
face 0.35 222.0 415.0 232.0 426.0
face 0.35 533.0 406.0 543.0 418.0
face 0.35 725.0 500.0 740.0 517.0
face 0.35 108.0 462.0 120.0 476.0
face 0.35 143.0 462.0 155.0 475.0
face 0.35 687.0 479.0 696.0 491.0
face 0.35 38.0 380.0 50.0 395.0
face 0.35 238.0 484.0 252.0 502.0
face 0.35 309.0 444.0 321.0 458.0
face 0.35 255.0 462.0 264.0 473.0
face 0.35 207.0 406.0 218.0 419.0
face 0.35 224.0 398.0 233.0 410.0
face 0.35 696.0 496.0 706.0 506.0
face 0.35 280.0 416.0 289.0 427.0
face 0.35 176.0 447.0 186.0 458.0
face 0.35 120.0 446.0 129.0 456.0
face 0.35 656.0 423.0 665.0 433.0
face 0.35 118.0 495.0 129.0 507.0
face 0.35 701.0 468.0 713.0 482.0
face 0.35 176.0 462.0 186.0 474.0
face 0.35 151.0 434.0 160.0 445.0
face 0.35 613.0 422.0 624.0 435.0
face 0.35 103.0 445.0 113.0 456.0
face 0.35 288.0 414.0 296.0 424.0
face 0.35 47.0 484.0 61.0 500.0
face 0.35 143.0 477.0 154.0 490.0
face 0.35 592.0 422.0 601.0 432.0
face 0.35 22.0 395.0 32.0 408.0
face 0.35 502.0 440.0 512.0 451.0
face 0.35 182.0 391.0 191.0 402.0
face 0.35 456.0 399.0 465.0 410.0
face 0.35 64.0 444.0 74.0 455.0
face 0.35 256.0 470.0 266.0 482.0
face 0.35 159.0 439.0 168.0 450.0
face 0.35 262.0 399.0 271.0 409.0
face 0.35 86.0 388.0 99.0 401.0
face 0.35 640.0 447.0 649.0 458.0
face 0.35 166.0 463.0 176.0 473.0
face 0.35 686.0 423.0 696.0 434.0
face 0.35 200.0 407.0 209.0 417.0
face 0.35 112.0 431.0 121.0 441.0
face 0.35 189.0 454.0 199.0 466.0
face 0.35 309.0 421.0 320.0 435.0
face 0.35 263.0 447.0 273.0 458.0
face 0.35 239.0 366.0 249.0 377.0
face 0.35 86.0 429.0 98.0 444.0
face 0.35 231.0 390.0 240.0 400.0
face 0.35 671.0 422.0 682.0 435.0
face 0.35 740.0 430.0 752.0 443.0
face 0.35 712.0 471.0 722.0 483.0
face 0.35 624.0 437.0 634.0 449.0
face 0.35 263.0 439.0 273.0 450.0
face 0.35 649.0 486.0 660.0 498.0
face 0.35 240.0 463.0 250.0 474.0
face 0.35 742.0 436.0 754.0 450.0
face 0.35 72.0 462.0 82.0 474.0
face 0.35 120.0 462.0 129.0 473.0
face 0.35 646.0 467.0 659.0 481.0
face 0.35 62.0 372.0 75.0 388.0
face 0.35 255.0 414.0 265.0 425.0
face 0.35 206.0 429.0 220.0 445.0
face 0.35 654.0 431.0 664.0 443.0
face 0.35 111.0 447.0 121.0 457.0
face 0.35 878.0 511.0 888.0 523.0
face 0.35 431.0 391.0 440.0 402.0
face 0.35 127.0 457.0 137.0 467.0
face 0.35 719.0 446.0 728.0 457.0
face 0.35 687.0 456.0 696.0 467.0
face 0.35 333.0 421.0 343.0 433.0
face 0.35 888.0 399.0 897.0 409.0
face 0.35 717.0 453.0 729.0 468.0
face 0.35 519.0 439.0 529.0 450.0
face 0.35 249.0 398.0 259.0 410.0
face 0.35 239.0 454.0 249.0 464.0
face 0.35 294.0 443.0 306.0 458.0
face 0.35 72.0 423.0 82.0 435.0
face 0.35 639.0 437.0 649.0 450.0
face 0.35 695.0 477.0 705.0 488.0
face 0.35 23.0 507.0 37.0 524.0
face 0.35 391.0 392.0 400.0 403.0
face 0.35 256.0 424.0 264.0 434.0
face 0.35 671.0 509.0 682.0 521.0
face 0.35 662.0 446.0 674.0 461.0
face 0.35 158.0 484.0 169.0 498.0
face 0.35 50.0 492.0 62.0 507.0
face 0.35 264.0 406.0 274.0 418.0
face 0.35 492.0 547.0 507.0 565.0
face 0.35 501.0 446.0 514.0 460.0
face 0.35 456.0 414.0 465.0 425.0
face 0.35 247.0 440.0 256.0 450.0
