face 1.00 924.0 386.0 1013.0 493.0
face 1.00 30.0 399.0 125.0 514.0
face 1.00 719.0 353.0 792.0 451.0
face 1.00 383.0 390.0 453.0 480.0
face 1.00 195.0 387.0 271.0 493.0
face 1.00 350.0 158.0 406.0 222.0
face 1.00 497.0 384.0 562.0 469.0
face 1.00 646.0 138.0 700.0 210.0
face 1.00 474.0 103.0 529.0 182.0
face 1.00 810.0 103.0 872.0 176.0
face 0.93 217.0 66.0 271.0 135.0
face 0.65 115.0 683.0 157.0 733.0
face 0.55 246.0 14.0 270.0 44.0
face 0.54 566.0 182.0 576.0 195.0
face 0.54 82.0 591.0 119.0 649.0
face 0.53 21.0 72.0 32.0 84.0
face 0.48 298.0 -1.0 372.0 74.0
face 0.47 445.0 351.0 456.0 364.0
face 0.45 495.0 256.0 505.0 268.0
face 0.45 483.0 400.0 506.0 428.0
face 0.43 538.0 170.0 561.0 200.0
face 0.43 653.0 309.0 664.0 322.0
face 0.41 5.0 538.0 44.0 618.0
face 0.40 666.0 324.0 682.0 341.0
face 0.40 486.0 373.0 497.0 386.0
face 0.40 486.0 412.0 498.0 427.0
face 0.40 800.0 412.0 824.0 441.0
face 0.39 648.0 309.0 658.0 322.0
face 0.39 547.0 418.0 563.0 440.0
face 0.39 262.0 482.0 275.0 499.0
face 0.38 668.0 640.0 684.0 662.0
face 0.38 78.0 222.0 91.0 238.0
face 0.37 660.0 308.0 672.0 323.0
face 0.37 432.0 179.0 445.0 195.0
face 0.36 30.0 102.0 42.0 117.0
face 0.36 639.0 299.0 650.0 316.0
face 0.36 672.0 310.0 682.0 322.0
face 0.36 486.0 313.0 497.0 325.0
face 0.36 478.0 310.0 492.0 325.0
face 0.36 512.0 334.0 521.0 346.0
face 0.36 550.0 238.0 560.0 250.0
face 0.36 465.0 350.0 475.0 362.0
face 0.35 772.0 606.0 868.0 712.0
face 0.35 536.0 231.0 546.0 242.0
face 0.35 441.0 142.0 464.0 166.0
face 0.35 505.0 349.0 532.0 382.0
face 0.35 469.0 199.0 480.0 210.0
face 0.35 37.0 682.0 51.0 700.0
face 0.35 488.0 197.0 498.0 208.0
face 0.35 59.0 230.0 73.0 247.0
face 0.35 526.0 223.0 535.0 233.0
face 0.35 965.0 420.0 976.0 433.0
face 0.35 672.0 318.0 683.0 331.0
face 0.35 24.0 102.0 35.0 115.0
face 0.35 520.0 248.0 530.0 259.0
face 0.35 837.0 382.0 852.0 398.0
face 0.35 521.0 222.0 530.0 233.0
face 0.35 536.0 224.0 545.0 235.0
face 0.35 525.0 164.0 538.0 180.0
