face 1.00 627.0 70.0 669.0 126.0
face 1.00 628.0 827.0 658.0 865.0
face 1.00 566.0 827.0 596.0 866.0
face 1.00 717.0 41.0 772.0 119.0
face 1.00 720.0 841.0 759.0 888.0
face 1.00 510.0 840.0 550.0 889.0
face 1.00 415.0 64.0 444.0 102.0
face 1.00 252.0 614.0 277.0 648.0
face 1.00 392.0 320.0 412.0 343.0
face 1.00 618.0 279.0 639.0 306.0
face 1.00 148.0 566.0 162.0 583.0
face 0.99 252.0 320.0 270.0 346.0
face 0.99 402.0 602.0 427.0 635.0
face 0.98 313.0 616.0 336.0 645.0
face 0.97 376.0 55.0 398.0 82.0
face 0.95 475.0 591.0 506.0 632.0
face 0.94 496.0 64.0 540.0 136.0
face 0.89 886.0 351.0 897.0 365.0
face 0.88 467.0 316.0 495.0 358.0
face 0.84 335.0 285.0 365.0 328.0
face 0.83 536.0 291.0 558.0 320.0
face 0.82 693.0 271.0 717.0 303.0
face 0.81 348.0 72.0 372.0 104.0
face 0.80 141.0 852.0 154.0 867.0
face 0.78 310.0 57.0 337.0 96.0
face 0.77 10.0 824.0 27.0 843.0
face 0.75 492.0 60.0 506.0 79.0
face 0.73 181.0 101.0 191.0 113.0
face 0.69 568.0 90.0 589.0 121.0
face 0.64 204.0 557.0 219.0 575.0
face 0.54 643.0 620.0 655.0 634.0
face 0.52 977.0 347.0 998.0 375.0
face 0.50 394.0 861.0 407.0 877.0
face 0.49 445.0 70.0 471.0 105.0
face 0.46 160.0 909.0 262.0 1023.0
face 0.46 13.0 310.0 25.0 324.0
face 0.45 649.0 605.0 659.0 617.0
face 0.45 986.0 318.0 999.0 335.0
face 0.44 990.0 44.0 1001.0 58.0
face 0.43 542.0 285.0 553.0 300.0
face 0.43 406.0 862.0 420.0 877.0
face 0.42 837.0 850.0 855.0 871.0
face 0.40 828.0 324.0 845.0 344.0
face 0.40 186.0 561.0 202.0 578.0
face 0.39 462.0 699.0 487.0 726.0
face 0.39 446.0 421.0 457.0 435.0
face 0.38 689.0 729.0 712.0 757.0
face 0.38 457.0 849.0 481.0 877.0
face 0.38 119.0 573.0 130.0 588.0
face 0.37 0.0 315.0 11.0 332.0
face 0.37 730.0 669.0 750.0 690.0
face 0.37 654.0 607.0 663.0 618.0
face 0.36 33.0 314.0 58.0 346.0
face 0.36 503.0 125.0 529.0 161.0
face 0.36 169.0 84.0 179.0 97.0
face 0.36 709.0 700.0 720.0 714.0
face 0.36 97.0 117.0 108.0 129.0
face 0.36 148.0 921.0 185.0 972.0
face 0.35 157.0 95.0 168.0 109.0
face 0.35 332.0 876.0 345.0 893.0
face 0.35 419.0 692.0 433.0 711.0
face 0.35 143.0 599.0 155.0 613.0
face 0.35 478.0 60.0 491.0 77.0
face 0.35 342.0 869.0 355.0 885.0
face 0.35 173.0 851.0 188.0 871.0
face 0.35 672.0 606.0 681.0 617.0
face 0.35 126.0 573.0 136.0 585.0
face 0.35 135.0 591.0 145.0 603.0
