face 1.00 361.0 90.0 499.0 254.0
face 0.52 458.0 397.0 472.0 416.0
face 0.45 160.0 489.0 259.0 575.0
face 0.43 417.0 771.0 434.0 791.0
face 0.43 573.0 381.0 587.0 399.0
face 0.43 495.0 399.0 505.0 411.0
face 0.40 581.0 306.0 598.0 327.0
face 0.40 551.0 276.0 567.0 294.0
face 0.39 526.0 307.0 540.0 325.0
face 0.39 318.0 794.0 331.0 812.0
face 0.38 502.0 853.0 513.0 866.0
face 0.38 574.0 798.0 598.0 829.0
face 0.38 405.0 883.0 417.0 897.0
face 0.38 478.0 382.0 491.0 398.0
face 0.38 502.0 339.0 514.0 353.0
face 0.37 494.0 860.0 510.0 879.0
face 0.37 510.0 359.0 521.0 372.0
face 0.37 367.0 316.0 379.0 332.0
face 0.37 511.0 308.0 523.0 325.0
face 0.37 518.0 836.0 531.0 851.0
face 0.37 539.0 804.0 554.0 822.0
face 0.37 581.0 826.0 595.0 845.0
face 0.36 510.0 876.0 520.0 888.0
face 0.36 563.0 293.0 579.0 310.0
face 0.36 382.0 517.0 396.0 535.0
face 0.36 598.0 209.0 609.0 223.0
face 0.36 375.0 339.0 387.0 355.0
face 0.36 439.0 335.0 450.0 347.0
face 0.36 327.0 885.0 338.0 898.0
face 0.36 60.0 30.0 75.0 47.0
face 0.36 496.0 341.0 506.0 353.0
face 0.36 462.0 877.0 473.0 891.0
face 0.36 510.0 838.0 524.0 853.0
face 0.36 540.0 338.0 553.0 354.0
face 0.36 419.0 338.0 434.0 357.0
face 0.36 542.0 813.0 553.0 826.0
face 0.36 478.0 376.0 489.0 387.0
face 0.36 516.0 796.0 531.0 815.0
face 0.36 540.0 357.0 553.0 374.0
face 0.35 566.0 380.0 578.0 394.0
face 0.35 366.0 907.0 379.0 923.0
face 0.35 446.0 359.0 457.0 372.0
face 0.35 438.0 358.0 450.0 371.0
face 0.35 457.0 390.0 466.0 401.0
face 0.35 312.0 869.0 321.0 881.0
face 0.35 447.0 398.0 458.0 410.0
face 0.35 496.0 855.0 507.0 868.0
face 0.35 431.0 325.0 441.0 336.0
face 0.35 478.0 862.0 490.0 877.0
face 0.35 454.0 324.0 468.0 341.0
face 0.35 431.0 351.0 442.0 363.0
face 0.35 446.0 795.0 457.0 809.0
face 0.35 471.0 381.0 482.0 394.0
face 0.35 507.0 898.0 523.0 916.0
face 0.35 438.0 351.0 449.0 363.0
face 0.35 488.0 862.0 498.0 875.0
face 0.35 509.0 334.0 519.0 346.0
face 0.35 512.0 400.0 522.0 412.0
face 0.35 424.0 382.0 434.0 395.0
face 0.35 511.0 327.0 521.0 338.0
face 0.35 505.0 359.0 515.0 371.0
face 0.35 478.0 396.0 489.0 410.0
