face 1.00 430.0 107.0 536.0 246.0
face 0.75 954.0 179.0 970.0 198.0
face 0.59 353.0 120.0 371.0 142.0
face 0.52 626.0 223.0 643.0 246.0
face 0.52 173.0 103.0 189.0 124.0
face 0.51 236.0 201.0 251.0 220.0
face 0.50 168.0 545.0 183.0 563.0
face 0.49 75.0 591.0 95.0 618.0
face 0.49 367.0 673.0 410.0 723.0
face 0.47 206.0 39.0 218.0 53.0
face 0.46 206.0 637.0 218.0 652.0
face 0.46 102.0 88.0 112.0 101.0
face 0.45 182.0 235.0 197.0 255.0
face 0.44 676.0 265.0 692.0 283.0
face 0.43 436.0 18.0 451.0 39.0
face 0.43 83.0 43.0 98.0 63.0
face 0.43 313.0 1036.0 408.0 1171.0
face 0.42 136.0 327.0 146.0 339.0
face 0.42 12.0 187.0 25.0 203.0
face 0.41 664.0 4.0 717.0 66.0
face 0.41 278.0 570.0 292.0 589.0
face 0.40 70.0 568.0 85.0 586.0
face 0.40 399.0 54.0 410.0 67.0
face 0.40 129.0 91.0 142.0 108.0
face 0.40 155.0 96.0 169.0 115.0
face 0.40 46.0 645.0 62.0 662.0
face 0.39 275.0 108.0 289.0 126.0
face 0.39 211.0 91.0 224.0 107.0
face 0.39 691.0 356.0 707.0 377.0
face 0.38 306.0 215.0 351.0 273.0
face 0.38 166.0 737.0 180.0 755.0
face 0.38 218.0 920.0 232.0 938.0
face 0.38 240.0 625.0 254.0 643.0
face 0.38 274.0 205.0 294.0 232.0
face 0.38 374.0 44.0 385.0 57.0
face 0.38 226.0 553.0 245.0 576.0
face 0.38 682.0 103.0 713.0 143.0
face 0.38 26.0 122.0 43.0 142.0
face 0.37 134.0 172.0 149.0 189.0
face 0.37 219.0 643.0 233.0 660.0
face 0.37 205.0 360.0 218.0 377.0
face 0.37 193.0 546.0 211.0 567.0
face 0.37 138.0 77.0 152.0 93.0
face 0.37 48.0 374.0 62.0 391.0
face 0.37 206.0 272.0 218.0 287.0
face 0.37 263.0 110.0 274.0 124.0
face 0.36 36.0 82.0 49.0 99.0
face 0.36 229.0 180.0 239.0 193.0
face 0.36 229.0 479.0 242.0 496.0
face 0.36 230.0 109.0 241.0 123.0
face 0.36 247.0 174.0 258.0 186.0
face 0.36 170.0 70.0 184.0 87.0
face 0.36 235.0 102.0 249.0 118.0
face 0.36 254.0 221.0 265.0 235.0
face 0.36 176.0 576.0 187.0 592.0
face 0.36 43.0 404.0 56.0 421.0
face 0.36 135.0 28.0 146.0 41.0
face 0.36 703.0 20.0 749.0 83.0
face 0.36 212.0 638.0 227.0 655.0
face 0.36 208.0 88.0 218.0 101.0
face 0.36 395.0 68.0 407.0 84.0
face 0.36 1.0 395.0 14.0 414.0
face 0.36 52.0 156.0 65.0 172.0
face 0.36 253.0 106.0 267.0 121.0
face 0.36 42.0 51.0 57.0 68.0
face 0.36 95.0 30.0 105.0 43.0
face 0.36 128.0 86.0 138.0 100.0
face 0.36 141.0 41.0 156.0 59.0
face 0.36 219.0 74.0 234.0 91.0
face 0.36 371.0 11.0 384.0 27.0
face 0.36 334.0 34.0 350.0 55.0
face 0.36 53.0 910.0 83.0 944.0
face 0.36 215.0 391.0 227.0 404.0
face 0.35 77.0 139.0 91.0 157.0
face 0.35 101.0 26.0 114.0 42.0
face 0.35 157.0 75.0 171.0 91.0
face 0.35 24.0 63.0 35.0 76.0
face 0.35 77.0 0.0 92.0 14.0
face 0.35 213.0 275.0 227.0 291.0
face 0.35 152.0 213.0 165.0 229.0
face 0.35 125.0 21.0 136.0 35.0
face 0.35 29.0 68.0 40.0 81.0
face 0.35 109.0 1068.0 125.0 1088.0
face 0.35 51.0 4.0 65.0 19.0
face 0.35 303.0 18.0 327.0 47.0
face 0.35 187.0 589.0 202.0 606.0
face 0.35 134.0 197.0 145.0 210.0
face 0.35 72.0 133.0 82.0 146.0
face 0.35 238.0 378.0 252.0 395.0
face 0.35 36.0 194.0 51.0 214.0
face 0.35 693.0 529.0 717.0 563.0
face 0.35 224.0 36.0 234.0 49.0
face 0.35 141.0 509.0 156.0 527.0
face 0.35 223.0 109.0 236.0 126.0
face 0.35 102.0 46.0 113.0 58.0
face 0.35 214.0 124.0 227.0 140.0
face 0.35 628.0 108.0 673.0 165.0
face 0.35 47.0 20.0 59.0 35.0
face 0.35 63.0 44.0 74.0 58.0
face 0.35 240.0 174.0 250.0 185.0
face 0.35 175.0 23.0 185.0 35.0
