face 1.00 407.0 46.0 495.0 165.0
face 1.00 853.0 171.0 947.0 283.0
face 1.00 178.0 235.0 285.0 368.0
face 1.00 581.0 273.0 668.0 378.0
face 0.78 735.0 29.0 756.0 54.0
face 0.71 655.0 644.0 681.0 670.0
face 0.58 805.0 418.0 964.0 593.0
face 0.48 564.0 598.0 602.0 642.0
face 0.43 303.0 210.0 319.0 230.0
face 0.43 664.0 36.0 694.0 75.0
face 0.42 982.0 4.0 996.0 21.0
face 0.41 896.0 157.0 944.0 212.0
face 0.40 21.0 249.0 119.0 381.0
face 0.40 839.0 253.0 852.0 270.0
face 0.37 82.0 322.0 100.0 344.0
face 0.37 598.0 35.0 624.0 70.0
face 0.36 992.0 58.0 1004.0 73.0
face 0.36 1013.0 61.0 1024.0 75.0
face 0.36 2.0 55.0 25.0 85.0
face 0.35 970.0 97.0 985.0 115.0
face 0.35 653.0 271.0 665.0 287.0
face 0.35 121.0 286.0 133.0 300.0
face 0.35 2.0 84.0 19.0 105.0
