face 1.00 193.0 59.0 274.0 175.0
face 1.00 725.0 63.0 795.0 165.0
face 0.77 14.0 533.0 26.0 547.0
face 0.66 28.0 476.0 42.0 493.0
face 0.47 328.0 180.0 354.0 211.0
face 0.47 527.0 620.0 662.0 730.0
face 0.41 22.0 525.0 33.0 539.0
face 0.40 355.0 101.0 379.0 129.0
face 0.39 593.0 670.0 616.0 700.0
face 0.38 166.0 364.0 179.0 382.0
face 0.38 707.0 865.0 725.0 886.0
face 0.38 691.0 380.0 708.0 399.0
face 0.37 789.0 886.0 810.0 913.0
face 0.37 49.0 590.0 65.0 609.0
face 0.36 323.0 100.0 339.0 119.0
face 0.36 298.0 376.0 318.0 398.0
face 0.36 178.0 344.0 201.0 373.0
face 0.35 305.0 110.0 316.0 123.0
face 0.35 41.0 191.0 64.0 217.0
