face 1.00 161.0 164.0 262.0 300.0
face 1.00 695.0 82.0 793.0 231.0
face 1.00 476.0 162.0 535.0 242.0
face 0.99 289.0 188.0 308.0 212.0
face 0.99 237.0 119.0 293.0 210.0
face 0.70 264.0 176.0 286.0 206.0
face 0.42 213.0 669.0 227.0 681.0
face 0.41 571.0 191.0 586.0 208.0
face 0.39 270.0 343.0 282.0 358.0
face 0.37 254.0 350.0 265.0 363.0
face 0.37 254.0 356.0 267.0 373.0
face 0.36 325.0 482.0 339.0 498.0
face 0.36 250.0 320.0 275.0 346.0
face 0.36 567.0 196.0 579.0 210.0
face 0.36 634.0 245.0 649.0 263.0
face 0.36 256.0 332.0 266.0 345.0
face 0.36 335.0 498.0 349.0 514.0
face 0.35 278.0 325.0 290.0 338.0
face 0.35 339.0 651.0 354.0 671.0
face 0.35 582.0 194.0 594.0 209.0
face 0.35 560.0 199.0 571.0 212.0
face 0.35 349.0 493.0 360.0 507.0
