face 1.00 538.0 222.0 654.0 442.0
face 0.98 565.0 522.0 826.0 804.0
face 0.56 341.0 667.0 461.0 836.0
face 0.55 271.0 90.0 292.0 117.0
face 0.46 990.0 258.0 1005.0 277.0
face 0.42 554.0 102.0 578.0 132.0
face 0.41 130.0 91.0 154.0 119.0
face 0.41 247.0 78.0 305.0 138.0
face 0.41 227.0 333.0 244.0 353.0
face 0.39 734.0 46.0 746.0 60.0
face 0.39 204.0 17.0 216.0 33.0
face 0.38 853.0 180.0 888.0 225.0
face 0.38 183.0 145.0 198.0 164.0
face 0.38 983.0 215.0 997.0 230.0
face 0.37 218.0 285.0 231.0 301.0
face 0.37 645.0 177.0 659.0 196.0
face 0.37 46.0 128.0 73.0 167.0
face 0.37 1.0 538.0 92.0 675.0
face 0.36 28.0 196.0 44.0 213.0
face 0.35 901.0 269.0 916.0 289.0
face 0.35 44.0 20.0 55.0 33.0
face 0.35 478.0 142.0 490.0 155.0
face 0.35 336.0 230.0 347.0 243.0
face 0.35 837.0 202.0 850.0 218.0
face 0.35 64.0 223.0 85.0 249.0
