face 1.00 406.0 154.0 522.0 343.0
face 0.72 593.0 261.0 634.0 321.0
face 0.63 678.0 363.0 689.0 378.0
face 0.59 254.0 308.0 367.0 431.0
face 0.44 962.0 14.0 974.0 29.0
face 0.43 777.0 461.0 790.0 477.0
face 0.43 519.0 375.0 530.0 388.0
face 0.41 911.0 184.0 921.0 196.0
face 0.41 106.0 480.0 122.0 502.0
face 0.40 534.0 367.0 547.0 383.0
face 0.40 156.0 132.0 171.0 152.0
face 0.37 711.0 415.0 722.0 429.0
face 0.37 197.0 94.0 208.0 107.0
face 0.36 534.0 283.0 549.0 300.0
face 0.36 605.0 276.0 619.0 294.0
face 0.36 586.0 259.0 604.0 281.0
face 0.36 621.0 179.0 638.0 200.0
face 0.35 87.0 63.0 98.0 75.0
