face 0.90 819.0 613.0 875.0 671.0
face 0.60 188.0 466.0 362.0 649.0
face 0.58 404.0 280.0 439.0 324.0
face 0.49 168.0 160.0 293.0 308.0
face 0.47 632.0 603.0 643.0 618.0
face 0.46 311.0 292.0 410.0 409.0
face 0.42 392.0 281.0 419.0 311.0
face 0.39 421.0 196.0 448.0 227.0
face 0.38 132.0 421.0 151.0 441.0
face 0.38 951.0 623.0 965.0 643.0
face 0.37 733.0 339.0 745.0 354.0
face 0.37 442.0 280.0 474.0 320.0
face 0.36 36.0 531.0 51.0 548.0
face 0.35 606.0 628.0 619.0 643.0
face 0.35 727.0 340.0 738.0 353.0
