face 1.00 448.0 936.0 485.0 981.0
face 0.87 434.0 1163.0 448.0 1180.0
face 0.72 884.0 755.0 902.0 777.0
face 0.71 839.0 871.0 849.0 883.0
face 0.64 306.0 2.0 332.0 29.0
face 0.57 501.0 1064.0 512.0 1076.0
face 0.56 431.0 977.0 444.0 993.0
face 0.55 433.0 1040.0 458.0 1069.0
face 0.49 792.0 714.0 807.0 732.0
face 0.46 439.0 1265.0 448.0 1275.0
face 0.44 904.0 745.0 931.0 778.0
face 0.44 770.0 916.0 782.0 932.0
face 0.43 303.0 56.0 314.0 68.0
face 0.43 711.0 711.0 720.0 722.0
face 0.41 338.0 3.0 365.0 33.0
face 0.41 861.0 836.0 873.0 850.0
face 0.39 272.0 181.0 283.0 194.0
face 0.39 822.0 794.0 835.0 810.0
face 0.38 921.0 911.0 941.0 937.0
face 0.37 213.0 1397.0 228.0 1410.0
face 0.37 430.0 39.0 441.0 50.0
face 0.37 443.0 21.0 457.0 36.0
face 0.37 398.0 51.0 413.0 68.0
face 0.37 853.0 855.0 864.0 867.0
face 0.37 423.0 39.0 434.0 51.0
face 0.37 328.0 55.0 337.0 66.0
face 0.37 792.0 992.0 805.0 1009.0
face 0.37 416.0 1277.0 425.0 1290.0
face 0.37 818.0 965.0 847.0 997.0
face 0.37 396.0 38.0 411.0 56.0
face 0.37 419.0 1269.0 430.0 1283.0
face 0.37 418.0 1230.0 430.0 1246.0
face 0.36 479.0 1230.0 488.0 1241.0
face 0.36 725.0 724.0 735.0 736.0
face 0.36 862.0 869.0 873.0 883.0
face 0.36 470.0 19.0 482.0 33.0
face 0.36 312.0 45.0 322.0 56.0
face 0.36 448.0 40.0 458.0 52.0
face 0.36 821.0 843.0 832.0 856.0
face 0.36 407.0 28.0 422.0 42.0
face 0.36 455.0 1166.0 466.0 1179.0
face 0.36 382.0 133.0 392.0 146.0
face 0.36 438.0 1150.0 449.0 1163.0
face 0.36 222.0 56.0 234.0 68.0
face 0.36 911.0 948.0 921.0 959.0
face 0.36 480.0 1062.0 492.0 1076.0
face 0.36 453.0 37.0 464.0 51.0
face 0.36 334.0 56.0 344.0 66.0
face 0.36 431.0 1095.0 441.0 1108.0
face 0.36 318.0 44.0 328.0 55.0
face 0.36 590.0 1094.0 602.0 1107.0
face 0.36 478.0 16.0 490.0 28.0
face 0.36 278.0 71.0 288.0 84.0
face 0.36 464.0 31.0 473.0 43.0
face 0.36 448.0 1318.0 458.0 1330.0
face 0.36 308.0 70.0 319.0 83.0
face 0.36 878.0 931.0 889.0 945.0
face 0.36 806.0 729.0 819.0 745.0
face 0.36 848.0 878.0 858.0 889.0
face 0.36 159.0 69.0 170.0 80.0
face 0.36 869.0 862.0 882.0 877.0
face 0.36 164.0 173.0 176.0 187.0
face 0.36 877.0 709.0 887.0 721.0
face 0.36 344.0 39.0 355.0 51.0
face 0.36 710.0 735.0 721.0 748.0
face 0.36 392.0 45.0 402.0 57.0
face 0.36 367.0 48.0 377.0 59.0
face 0.36 432.0 1307.0 443.0 1320.0
face 0.36 847.0 853.0 858.0 868.0
face 0.36 320.0 143.0 330.0 155.0
face 0.36 455.0 1260.0 467.0 1274.0
face 0.36 906.0 734.0 916.0 745.0
face 0.36 880.0 855.0 890.0 867.0
face 0.36 364.0 134.0 376.0 148.0
face 0.36 454.0 1158.0 464.0 1171.0
face 0.36 359.0 48.0 369.0 59.0
face 0.35 445.0 1188.0 456.0 1202.0
face 0.35 419.0 1088.0 432.0 1103.0
face 0.35 141.0 82.0 155.0 99.0
face 0.35 839.0 853.0 850.0 866.0
face 0.35 527.0 22.0 540.0 37.0
face 0.35 311.0 142.0 321.0 153.0
face 0.35 782.0 846.0 792.0 858.0
face 0.35 901.0 917.0 913.0 932.0
face 0.35 480.0 38.0 490.0 49.0
face 0.35 239.0 68.0 251.0 81.0
face 0.35 854.0 876.0 864.0 888.0
face 0.35 462.0 1172.0 473.0 1185.0
face 0.35 287.0 47.0 297.0 58.0
face 0.35 895.0 708.0 905.0 720.0
face 0.35 455.0 32.0 465.0 43.0
face 0.35 472.0 39.0 481.0 50.0
face 0.35 398.0 141.0 408.0 153.0
face 0.35 454.0 1252.0 465.0 1266.0
face 0.35 449.0 1248.0 459.0 1259.0
face 0.35 465.0 23.0 474.0 34.0
face 0.35 902.0 704.0 911.0 715.0
face 0.35 213.0 77.0 224.0 90.0
face 0.35 363.0 141.0 373.0 154.0
face 0.35 407.0 47.0 417.0 59.0
face 0.35 464.0 38.0 473.0 49.0
face 0.35 863.0 703.0 872.0 714.0
face 0.35 454.0 1247.0 463.0 1258.0
face 0.35 439.0 27.0 452.0 42.0
face 0.35 335.0 62.0 346.0 74.0
face 0.35 926.0 944.0 936.0 956.0
face 0.35 447.0 1151.0 456.0 1161.0
face 0.35 182.0 164.0 194.0 178.0
face 0.35 480.0 1224.0 489.0 1235.0
face 0.35 782.0 920.0 793.0 930.0
face 0.35 893.0 716.0 905.0 731.0
face 0.35 487.0 30.0 497.0 43.0
face 0.35 359.0 54.0 369.0 65.0
face 0.35 486.0 1015.0 496.0 1028.0
face 0.35 294.0 148.0 306.0 163.0
face 0.35 879.0 861.0 890.0 874.0
face 0.35 471.0 30.0 480.0 41.0
face 0.35 871.0 856.0 880.0 867.0
face 0.35 455.0 1151.0 464.0 1161.0
