face 1.00 330.0 510.0 386.0 573.0
face 0.56 767.0 111.0 791.0 137.0
face 0.50 990.0 293.0 1002.0 307.0
face 0.41 329.0 293.0 341.0 307.0
face 0.39 667.0 330.0 683.0 348.0
face 0.39 373.0 366.0 387.0 383.0
face 0.38 427.0 363.0 440.0 378.0
face 0.38 287.0 364.0 299.0 379.0
face 0.38 544.0 293.0 560.0 310.0
face 0.37 871.0 294.0 881.0 307.0
face 0.36 983.0 274.0 997.0 292.0
face 0.36 852.0 294.0 863.0 308.0
face 0.35 950.0 302.0 961.0 314.0
face 0.35 951.0 309.0 962.0 322.0
face 0.35 979.0 307.0 994.0 326.0
face 0.35 742.0 189.0 753.0 201.0
face 0.35 314.0 313.0 329.0 331.0
face 0.35 952.0 317.0 963.0 330.0
face 0.35 984.0 284.0 994.0 298.0
face 0.35 15.0 356.0 27.0 371.0
