face 0.90 982.0 597.0 1006.0 628.0
face 0.90 710.0 116.0 734.0 145.0
face 0.73 631.0 107.0 710.0 204.0
face 0.68 170.0 536.0 186.0 557.0
face 0.51 518.0 278.0 530.0 292.0
face 0.48 838.0 84.0 854.0 105.0
face 0.47 843.0 319.0 855.0 335.0
face 0.43 348.0 317.0 365.0 337.0
face 0.40 976.0 56.0 987.0 68.0
face 0.39 655.0 69.0 704.0 122.0
face 0.39 948.0 53.0 961.0 70.0
face 0.38 197.0 438.0 210.0 452.0
face 0.38 382.0 251.0 396.0 268.0
face 0.38 372.0 244.0 386.0 262.0
face 0.38 829.0 571.0 844.0 588.0
face 0.38 956.0 189.0 970.0 208.0
face 0.37 950.0 47.0 961.0 60.0
face 0.37 112.0 574.0 126.0 590.0
face 0.37 595.0 273.0 612.0 294.0
face 0.37 213.0 485.0 224.0 498.0
face 0.37 341.0 295.0 396.0 353.0
face 0.37 1012.0 131.0 1024.0 148.0
face 0.37 438.0 252.0 453.0 268.0
face 0.37 282.0 521.0 295.0 539.0
face 0.36 919.0 77.0 929.0 90.0
face 0.36 374.0 287.0 385.0 300.0
face 0.36 861.0 76.0 875.0 93.0
face 0.36 950.0 197.0 962.0 211.0
face 0.36 337.0 254.0 348.0 266.0
face 0.36 272.0 628.0 285.0 644.0
face 0.35 919.0 60.0 931.0 75.0
face 0.35 1007.0 331.0 1020.0 348.0
face 0.35 421.0 487.0 435.0 507.0
face 0.35 807.0 107.0 864.0 164.0
face 0.35 967.0 134.0 978.0 146.0
face 0.35 926.0 77.0 937.0 88.0
face 0.35 937.0 86.0 946.0 97.0
face 0.35 111.0 642.0 127.0 660.0
face 0.35 136.0 554.0 148.0 571.0
face 0.35 359.0 330.0 372.0 346.0
face 0.35 911.0 69.0 921.0 82.0
