face 1.00 767.0 130.0 812.0 189.0
face 0.96 699.0 139.0 733.0 185.0
face 0.78 873.0 240.0 898.0 266.0
face 0.75 266.0 176.0 350.0 254.0
face 0.61 212.0 618.0 227.0 637.0
face 0.60 283.0 244.0 296.0 260.0
face 0.58 609.0 738.0 626.0 756.0
face 0.55 668.0 245.0 683.0 264.0
face 0.54 924.0 342.0 939.0 360.0
face 0.52 823.0 238.0 847.0 265.0
face 0.47 208.0 141.0 221.0 158.0
face 0.46 490.0 284.0 504.0 300.0
face 0.45 231.0 646.0 242.0 659.0
face 0.44 120.0 662.0 148.0 692.0
face 0.43 917.0 347.0 932.0 364.0
face 0.43 111.0 368.0 123.0 381.0
face 0.42 559.0 614.0 570.0 628.0
face 0.42 625.0 564.0 646.0 588.0
face 0.40 981.0 14.0 993.0 29.0
face 0.40 221.0 88.0 232.0 100.0
face 0.40 989.0 136.0 1005.0 158.0
face 0.39 402.0 275.0 420.0 295.0
face 0.39 290.0 754.0 306.0 768.0
face 0.39 927.0 85.0 937.0 98.0
face 0.38 934.0 358.0 947.0 374.0
face 0.38 446.0 328.0 462.0 348.0
face 0.38 21.0 541.0 33.0 556.0
face 0.37 13.0 257.0 28.0 276.0
face 0.37 702.0 67.0 716.0 84.0
face 0.37 573.0 500.0 584.0 513.0
face 0.37 638.0 46.0 648.0 59.0
face 0.37 943.0 88.0 953.0 99.0
face 0.37 175.0 719.0 189.0 735.0
face 0.37 979.0 1.0 992.0 13.0
face 0.37 136.0 103.0 146.0 115.0
face 0.37 855.0 69.0 864.0 81.0
face 0.37 958.0 73.0 971.0 90.0
face 0.37 955.0 747.0 973.0 766.0
face 0.36 79.0 623.0 89.0 635.0
face 0.36 389.0 342.0 406.0 364.0
face 0.36 190.0 696.0 200.0 708.0
face 0.36 615.0 245.0 624.0 256.0
face 0.36 576.0 134.0 585.0 146.0
face 0.36 319.0 718.0 330.0 731.0
face 0.36 542.0 30.0 553.0 44.0
face 0.36 314.0 175.0 348.0 220.0
face 0.36 132.0 179.0 145.0 195.0
face 0.36 924.0 70.0 934.0 82.0
face 0.36 517.0 277.0 528.0 291.0
face 0.36 191.0 676.0 202.0 688.0
face 0.36 22.0 408.0 36.0 426.0
face 0.36 203.0 155.0 220.0 176.0
face 0.36 535.0 261.0 545.0 273.0
face 0.36 558.0 485.0 570.0 499.0
face 0.35 646.0 567.0 659.0 583.0
face 0.35 71.0 622.0 84.0 636.0
face 0.35 845.0 75.0 859.0 92.0
face 0.35 414.0 678.0 425.0 692.0
face 0.35 863.0 86.0 874.0 101.0
face 0.35 343.0 125.0 355.0 138.0
face 0.35 829.0 76.0 842.0 91.0
face 0.35 287.0 435.0 299.0 449.0
face 0.35 622.0 732.0 634.0 746.0
face 0.35 909.0 77.0 919.0 91.0
face 0.35 45.0 403.0 61.0 423.0
face 0.35 973.0 460.0 985.0 473.0
face 0.35 565.0 615.0 575.0 627.0
face 0.35 703.0 77.0 713.0 90.0
face 0.35 621.0 19.0 634.0 36.0
face 0.35 928.0 356.0 939.0 370.0
face 0.35 599.0 142.0 609.0 154.0
face 0.35 519.0 22.0 529.0 33.0
face 0.35 110.0 390.0 121.0 403.0
