face 0.65 616.0 316.0 660.0 364.0
face 0.62 371.0 174.0 410.0 222.0
face 0.57 825.0 322.0 892.0 399.0
face 0.53 278.0 202.0 315.0 243.0
face 0.50 498.0 189.0 530.0 234.0
face 0.50 207.0 526.0 233.0 557.0
face 0.49 285.0 645.0 298.0 659.0
face 0.46 430.0 239.0 441.0 253.0
face 0.46 336.0 400.0 359.0 426.0
face 0.44 501.0 625.0 517.0 644.0
face 0.43 308.0 324.0 324.0 343.0
face 0.43 229.0 556.0 240.0 570.0
face 0.42 742.0 556.0 758.0 575.0
face 0.41 457.0 690.0 474.0 710.0
face 0.41 704.0 239.0 715.0 250.0
face 0.41 254.0 521.0 268.0 539.0
face 0.40 143.0 639.0 154.0 652.0
face 0.40 213.0 228.0 225.0 242.0
face 0.39 229.0 504.0 243.0 524.0
face 0.39 154.0 202.0 170.0 222.0
face 0.39 78.0 323.0 103.0 350.0
face 0.38 987.0 78.0 1000.0 94.0
face 0.38 338.0 242.0 355.0 261.0
face 0.38 977.0 99.0 988.0 112.0
face 0.38 710.0 587.0 727.0 609.0
face 0.37 342.0 446.0 354.0 460.0
face 0.37 413.0 278.0 426.0 295.0
face 0.37 226.0 242.0 244.0 263.0
face 0.36 522.0 662.0 531.0 673.0
face 0.36 526.0 656.0 536.0 667.0
face 0.36 543.0 640.0 552.0 651.0
face 0.36 357.0 439.0 368.0 451.0
face 0.36 357.0 286.0 372.0 302.0
face 0.36 478.0 638.0 488.0 649.0
face 0.36 349.0 444.0 361.0 459.0
face 0.36 398.0 379.0 412.0 395.0
face 0.36 344.0 268.0 355.0 281.0
face 0.36 384.0 294.0 394.0 307.0
face 0.36 536.0 652.0 547.0 665.0
face 0.36 596.0 482.0 609.0 500.0
face 0.35 94.0 525.0 105.0 537.0
face 0.35 158.0 438.0 168.0 451.0
face 0.35 269.0 645.0 280.0 658.0
face 0.35 982.0 109.0 994.0 123.0
face 0.35 310.0 684.0 322.0 699.0
face 0.35 190.0 219.0 202.0 233.0
face 0.35 607.0 607.0 616.0 618.0
face 0.35 316.0 310.0 330.0 326.0
face 0.35 399.0 397.0 410.0 412.0
face 0.35 390.0 395.0 403.0 412.0
face 0.35 431.0 252.0 441.0 265.0
face 0.35 566.0 647.0 577.0 659.0
face 0.35 422.0 252.0 435.0 269.0
face 0.35 401.0 647.0 412.0 659.0
face 0.35 33.0 497.0 45.0 513.0
face 0.35 58.0 483.0 73.0 501.0
face 0.35 359.0 659.0 373.0 675.0
face 0.35 609.0 624.0 618.0 635.0
face 0.35 614.0 325.0 626.0 339.0
face 0.35 228.0 412.0 244.0 431.0
face 0.35 400.0 371.0 414.0 387.0
face 0.35 142.0 422.0 154.0 436.0
face 0.35 184.0 675.0 194.0 688.0
