face 1.00 452.0 199.0 676.0 468.0
face 0.71 52.0 173.0 102.0 244.0
face 0.61 700.0 349.0 723.0 377.0
face 0.51 674.0 381.0 699.0 410.0
face 0.46 940.0 798.0 988.0 858.0
face 0.45 538.0 945.0 632.0 1033.0
face 0.42 89.0 82.0 109.0 106.0
face 0.42 598.0 85.0 613.0 105.0
face 0.42 238.0 404.0 254.0 423.0
face 0.41 674.0 426.0 689.0 445.0
face 0.40 937.0 43.0 955.0 65.0
face 0.39 453.0 393.0 468.0 411.0
face 0.38 376.0 1048.0 418.0 1089.0
face 0.37 224.0 340.0 238.0 358.0
face 0.36 547.0 920.0 564.0 942.0
face 0.35 625.0 89.0 639.0 106.0
face 0.35 35.0 822.0 49.0 840.0
face 0.35 530.0 728.0 598.0 845.0
