face 0.99 736.0 324.0 773.0 364.0
face 0.92 432.0 352.0 468.0 394.0
face 0.55 753.0 590.0 766.0 606.0
face 0.48 928.0 175.0 938.0 188.0
face 0.48 346.0 147.0 358.0 163.0
face 0.42 413.0 381.0 427.0 398.0
face 0.39 895.0 71.0 905.0 83.0
face 0.38 167.0 98.0 181.0 115.0
face 0.38 573.0 626.0 588.0 643.0
face 0.38 61.0 139.0 77.0 158.0
face 0.37 300.0 146.0 314.0 164.0
face 0.36 582.0 630.0 593.0 643.0
face 0.36 590.0 572.0 604.0 589.0
face 0.36 907.0 13.0 923.0 31.0
face 0.36 926.0 60.0 941.0 76.0
face 0.36 92.0 163.0 110.0 183.0
face 0.36 605.0 125.0 616.0 138.0
face 0.36 893.0 86.0 906.0 101.0
face 0.36 549.0 525.0 560.0 539.0
face 0.35 870.0 87.0 884.0 102.0
face 0.35 408.0 77.0 418.0 89.0
face 0.35 341.0 164.0 353.0 178.0
face 0.35 848.0 37.0 861.0 52.0
face 0.35 194.0 196.0 209.0 213.0
face 0.35 579.0 550.0 593.0 567.0
face 0.35 902.0 55.0 913.0 67.0
face 0.35 495.0 60.0 507.0 75.0
face 0.35 523.0 486.0 537.0 502.0
face 0.35 397.0 45.0 409.0 61.0
face 0.35 535.0 96.0 546.0 109.0
face 0.35 846.0 20.0 860.0 37.0
face 0.35 136.0 196.0 146.0 209.0
