face 1.00 449.0 216.0 557.0 371.0
face 1.00 640.0 389.0 732.0 518.0
face 0.96 625.0 127.0 743.0 287.0
face 0.93 177.0 32.0 195.0 56.0
face 0.86 86.0 233.0 103.0 253.0
face 0.80 124.0 110.0 147.0 142.0
face 0.53 116.0 128.0 241.0 287.0
face 0.51 247.0 204.0 298.0 252.0
face 0.50 619.0 377.0 641.0 405.0
face 0.44 446.0 461.0 462.0 480.0
face 0.43 731.0 240.0 745.0 261.0
face 0.42 626.0 369.0 676.0 430.0
face 0.40 69.0 213.0 117.0 270.0
face 0.40 186.0 307.0 252.0 380.0
face 0.40 625.0 244.0 647.0 273.0
face 0.39 105.0 289.0 144.0 333.0
face 0.37 801.0 600.0 847.0 658.0
face 0.37 684.0 384.0 702.0 401.0
face 0.37 722.0 388.0 738.0 408.0
face 0.35 698.0 268.0 713.0 284.0
face 0.35 199.0 332.0 211.0 347.0
