face 1.00 732.0 387.0 763.0 424.0
face 0.69 488.0 128.0 508.0 152.0
face 0.54 523.0 92.0 548.0 123.0
face 0.50 745.0 132.0 766.0 158.0
face 0.49 793.0 396.0 841.0 451.0
face 0.47 487.0 71.0 497.0 83.0
face 0.45 254.0 68.0 266.0 83.0
face 0.45 817.0 302.0 838.0 327.0
face 0.44 451.0 408.0 467.0 430.0
face 0.43 764.0 194.0 778.0 212.0
face 0.42 240.0 3.0 255.0 19.0
face 0.42 766.0 319.0 777.0 332.0
face 0.42 682.0 570.0 698.0 591.0
face 0.42 106.0 111.0 124.0 133.0
face 0.40 786.0 491.0 797.0 507.0
face 0.39 261.0 586.0 273.0 602.0
face 0.39 591.0 383.0 615.0 412.0
face 0.38 717.0 10.0 731.0 28.0
face 0.38 106.0 50.0 120.0 66.0
face 0.38 422.0 67.0 435.0 84.0
face 0.38 619.0 244.0 635.0 268.0
face 0.38 564.0 746.0 588.0 770.0
face 0.38 432.0 52.0 445.0 69.0
face 0.38 594.0 35.0 610.0 54.0
face 0.38 328.0 78.0 338.0 91.0
face 0.38 209.0 588.0 230.0 620.0
face 0.37 557.0 137.0 572.0 157.0
face 0.37 380.0 66.0 395.0 84.0
face 0.37 20.0 86.0 35.0 103.0
face 0.37 794.0 415.0 818.0 445.0
face 0.37 654.0 10.0 669.0 29.0
face 0.36 583.0 348.0 595.0 362.0
face 0.36 748.0 514.0 764.0 534.0
face 0.36 110.0 255.0 120.0 267.0
face 0.36 130.0 508.0 151.0 532.0
face 0.36 31.0 597.0 45.0 614.0
face 0.36 731.0 177.0 744.0 195.0
face 0.36 223.0 261.0 233.0 273.0
face 0.36 682.0 369.0 699.0 393.0
face 0.36 581.0 141.0 592.0 153.0
face 0.36 205.0 255.0 215.0 267.0
face 0.36 40.0 443.0 51.0 456.0
face 0.36 334.0 244.0 344.0 257.0
face 0.36 654.0 220.0 666.0 234.0
face 0.36 55.0 47.0 67.0 60.0
face 0.36 111.0 260.0 123.0 275.0
face 0.36 679.0 219.0 690.0 233.0
face 0.36 103.0 342.0 113.0 354.0
face 0.35 662.0 143.0 673.0 155.0
face 0.35 531.0 548.0 544.0 565.0
face 0.35 460.0 67.0 473.0 84.0
face 0.35 746.0 34.0 761.0 53.0
face 0.35 352.0 54.0 361.0 66.0
face 0.35 741.0 540.0 757.0 559.0
face 0.35 878.0 556.0 891.0 571.0
face 0.35 47.0 46.0 58.0 59.0
face 0.35 102.0 102.0 114.0 115.0
face 0.35 735.0 152.0 745.0 165.0
face 0.35 710.0 230.0 720.0 242.0
face 0.35 125.0 408.0 136.0 420.0
face 0.35 240.0 546.0 252.0 561.0
face 0.35 541.0 9.0 555.0 27.0
face 0.35 168.0 221.0 179.0 234.0
face 0.35 454.0 178.0 466.0 193.0
