face 1.00 364.0 137.0 572.0 416.0
face 0.71 418.0 433.0 443.0 466.0
face 0.55 295.0 403.0 387.0 510.0
face 0.54 577.0 400.0 633.0 460.0
face 0.52 685.0 1165.0 742.0 1233.0
face 0.49 475.0 612.0 490.0 632.0
face 0.49 215.0 357.0 239.0 386.0
face 0.43 327.0 818.0 359.0 860.0
face 0.42 216.0 471.0 245.0 510.0
face 0.40 242.0 236.0 258.0 256.0
face 0.38 314.0 1324.0 331.0 1346.0
face 0.38 740.0 345.0 755.0 365.0
face 0.38 492.0 79.0 510.0 100.0
face 0.37 324.0 447.0 370.0 499.0
face 0.37 632.0 497.0 670.0 544.0
face 0.37 726.0 588.0 736.0 600.0
face 0.36 490.0 552.0 589.0 657.0
face 0.36 285.0 159.0 298.0 175.0
face 0.36 213.0 525.0 226.0 542.0
face 0.36 343.0 453.0 358.0 470.0
face 0.36 703.0 338.0 715.0 353.0
face 0.36 230.0 548.0 241.0 562.0
face 0.36 220.0 524.0 233.0 539.0
face 0.35 698.0 270.0 714.0 288.0
face 0.35 210.0 572.0 225.0 591.0
face 0.35 677.0 290.0 705.0 324.0
face 0.35 252.0 489.0 269.0 509.0
face 0.35 348.0 461.0 360.0 475.0
face 0.35 791.0 532.0 806.0 552.0
face 0.35 726.0 1195.0 738.0 1211.0
