face 1.00 692.0 633.0 741.0 736.0
face 1.00 812.0 357.0 901.0 472.0
face 1.00 374.0 551.0 444.0 643.0
face 0.65 159.0 916.0 252.0 1034.0
face 0.63 861.0 1156.0 889.0 1190.0
face 0.56 5.0 600.0 38.0 635.0
face 0.55 746.0 1202.0 769.0 1228.0
face 0.55 592.0 951.0 604.0 965.0
face 0.52 645.0 929.0 690.0 984.0
face 0.52 127.0 621.0 138.0 635.0
face 0.49 606.0 951.0 621.0 967.0
face 0.45 972.0 1037.0 986.0 1055.0
face 0.42 726.0 295.0 756.0 328.0
face 0.42 61.0 1152.0 72.0 1165.0
face 0.41 636.0 954.0 649.0 972.0
face 0.37 734.0 1301.0 748.0 1320.0
face 0.36 329.0 1115.0 340.0 1130.0
face 0.36 27.0 540.0 44.0 562.0
face 0.36 997.0 730.0 1021.0 758.0
face 0.36 665.0 932.0 680.0 951.0
face 0.36 657.0 956.0 670.0 974.0
face 0.36 293.0 1068.0 305.0 1083.0
face 0.35 144.0 616.0 168.0 643.0
face 0.35 501.0 1140.0 526.0 1171.0
