face 1.00 419.0 262.0 462.0 310.0
face 1.00 307.0 334.0 329.0 361.0
face 0.95 643.0 374.0 663.0 398.0
face 0.71 107.0 568.0 133.0 599.0
face 0.60 930.0 385.0 945.0 405.0
face 0.59 580.0 399.0 615.0 441.0
face 0.54 126.0 409.0 141.0 428.0
face 0.52 590.0 313.0 605.0 332.0
face 0.48 589.0 411.0 600.0 426.0
face 0.45 885.0 389.0 898.0 407.0
face 0.43 305.0 384.0 339.0 433.0
face 0.40 904.0 91.0 918.0 108.0
face 0.39 430.0 50.0 441.0 66.0
face 0.37 999.0 415.0 1012.0 432.0
face 0.37 627.0 381.0 641.0 397.0
face 0.36 972.0 355.0 987.0 377.0
face 0.36 1011.0 448.0 1024.0 469.0
face 0.36 829.0 383.0 845.0 405.0
face 0.36 891.0 388.0 908.0 405.0
face 0.35 607.0 412.0 617.0 427.0
face 0.35 716.0 332.0 731.0 352.0
