face 1.00 741.0 87.0 780.0 139.0
face 1.00 243.0 90.0 278.0 142.0
face 0.93 968.0 157.0 990.0 183.0
face 0.92 346.0 78.0 381.0 123.0
face 0.88 861.0 81.0 898.0 139.0
face 0.67 497.0 88.0 519.0 118.0
face 0.66 765.0 142.0 777.0 157.0
face 0.49 764.0 162.0 777.0 179.0
face 0.44 726.0 206.0 736.0 219.0
face 0.42 86.0 496.0 110.0 521.0
face 0.41 755.0 373.0 768.0 389.0
face 0.39 766.0 388.0 776.0 401.0
face 0.39 190.0 323.0 205.0 345.0
face 0.38 774.0 157.0 787.0 173.0
face 0.37 748.0 398.0 762.0 414.0
face 0.37 829.0 320.0 846.0 341.0
face 0.37 89.0 63.0 104.0 83.0
face 0.36 775.0 150.0 786.0 164.0
face 0.35 181.0 268.0 193.0 285.0
face 0.35 941.0 263.0 965.0 294.0
face 0.35 59.0 75.0 74.0 93.0
face 0.35 743.0 319.0 753.0 331.0
