face 1.00 129.0 187.0 179.0 263.0
face 1.00 288.0 197.0 321.0 252.0
face 0.99 812.0 132.0 853.0 195.0
face 0.87 365.0 196.0 389.0 228.0
face 0.69 630.0 348.0 885.0 562.0
face 0.59 256.0 404.0 266.0 416.0
face 0.43 117.0 205.0 137.0 233.0
face 0.42 244.0 522.0 262.0 546.0
face 0.41 541.0 211.0 556.0 231.0
face 0.41 252.0 254.0 264.0 270.0
face 0.40 496.0 225.0 523.0 258.0
face 0.39 286.0 363.0 338.0 431.0
face 0.39 586.0 698.0 602.0 717.0
face 0.38 320.0 219.0 335.0 236.0
face 0.37 382.0 198.0 395.0 216.0
face 0.37 178.0 396.0 196.0 417.0
face 0.36 173.0 326.0 185.0 339.0
face 0.36 469.0 271.0 480.0 282.0
face 0.35 463.0 262.0 473.0 273.0
face 0.35 181.0 340.0 198.0 359.0
face 0.35 471.0 261.0 482.0 275.0
face 0.35 219.0 383.0 233.0 397.0
face 0.35 193.0 347.0 208.0 364.0
face 0.35 439.0 361.0 454.0 380.0
