face 1.00 39.0 365.0 74.0 417.0
face 0.94 196.0 75.0 210.0 91.0
face 0.92 717.0 200.0 734.0 221.0
face 0.91 336.0 407.0 363.0 443.0
face 0.90 304.0 107.0 315.0 120.0
face 0.88 332.0 118.0 343.0 131.0
face 0.87 498.0 353.0 531.0 395.0
face 0.85 416.0 107.0 430.0 124.0
face 0.83 303.0 85.0 314.0 97.0
face 0.79 563.0 170.0 575.0 184.0
face 0.78 465.0 147.0 477.0 162.0
face 0.77 110.0 60.0 121.0 73.0
face 0.75 392.0 137.0 404.0 151.0
face 0.75 857.0 262.0 871.0 277.0
face 0.75 827.0 240.0 847.0 263.0
face 0.74 526.0 184.0 536.0 196.0
face 0.73 746.0 236.0 758.0 250.0
face 0.73 540.0 191.0 552.0 205.0
face 0.73 504.0 124.0 515.0 138.0
face 0.71 828.0 267.0 840.0 281.0
face 0.67 742.0 210.0 753.0 224.0
face 0.66 900.0 246.0 915.0 264.0
face 0.63 992.0 315.0 1014.0 341.0
face 0.62 733.0 220.0 745.0 235.0
face 0.62 205.0 94.0 216.0 107.0
face 0.60 823.0 305.0 858.0 344.0
face 0.60 823.0 239.0 833.0 252.0
face 0.59 435.0 151.0 447.0 166.0
face 0.59 582.0 166.0 592.0 180.0
face 0.59 228.0 103.0 238.0 114.0
face 0.58 349.0 132.0 361.0 146.0
face 0.58 385.0 118.0 394.0 130.0
face 0.57 922.0 244.0 936.0 260.0
face 0.54 432.0 128.0 442.0 139.0
face 0.54 512.0 164.0 523.0 177.0
face 0.54 284.0 116.0 295.0 129.0
face 0.53 411.0 393.0 438.0 430.0
face 0.53 767.0 290.0 789.0 315.0
face 0.53 606.0 163.0 617.0 178.0
face 0.52 646.0 202.0 657.0 217.0
face 0.52 608.0 190.0 619.0 204.0
face 0.52 4.0 327.0 38.0 367.0
face 0.51 764.0 206.0 775.0 218.0
face 0.51 261.0 69.0 274.0 85.0
face 0.51 352.0 110.0 363.0 122.0
face 0.50 541.0 168.0 555.0 187.0
face 0.50 389.0 167.0 407.0 190.0
face 0.50 725.0 192.0 738.0 208.0
face 0.50 462.0 134.0 472.0 146.0
face 0.48 517.0 159.0 531.0 175.0
face 0.47 613.0 124.0 624.0 138.0
face 0.46 367.0 109.0 378.0 123.0
face 0.45 256.0 110.0 266.0 123.0
face 0.45 518.0 117.0 528.0 130.0
face 0.45 320.0 88.0 330.0 100.0
face 0.44 664.0 187.0 674.0 200.0
face 0.44 203.0 555.0 216.0 573.0
face 0.44 687.0 372.0 701.0 392.0
face 0.43 180.0 72.0 189.0 84.0
face 0.43 438.0 468.0 448.0 482.0
face 0.43 698.0 224.0 714.0 243.0
face 0.43 764.0 287.0 779.0 305.0
face 0.42 525.0 318.0 541.0 342.0
face 0.42 757.0 227.0 768.0 241.0
face 0.42 326.0 94.0 336.0 106.0
face 0.42 597.0 179.0 610.0 194.0
face 0.41 402.0 119.0 412.0 131.0
face 0.41 982.0 323.0 1023.0 383.0
face 0.40 846.0 341.0 858.0 356.0
face 0.40 909.0 248.0 920.0 261.0
face 0.40 790.0 349.0 804.0 368.0
face 0.39 561.0 191.0 572.0 205.0
face 0.39 525.0 160.0 536.0 173.0
face 0.39 134.0 47.0 143.0 59.0
face 0.39 592.0 182.0 603.0 195.0
face 0.39 54.0 44.0 64.0 56.0
face 0.39 839.0 317.0 850.0 331.0
face 0.39 739.0 173.0 752.0 190.0
face 0.39 870.0 245.0 883.0 260.0
face 0.39 278.0 77.0 289.0 92.0
face 0.39 795.0 360.0 810.0 379.0
face 0.39 308.0 123.0 321.0 139.0
face 0.39 280.0 111.0 291.0 124.0
face 0.39 712.0 165.0 722.0 177.0
face 0.38 829.0 315.0 842.0 329.0
face 0.38 766.0 222.0 779.0 238.0
face 0.38 213.0 399.0 252.0 447.0
face 0.38 477.0 38.0 487.0 51.0
face 0.38 9.0 35.0 46.0 80.0
face 0.38 302.0 28.0 318.0 47.0
face 0.38 142.0 60.0 153.0 73.0
face 0.38 497.0 157.0 507.0 168.0
face 0.38 631.0 197.0 641.0 208.0
face 0.38 799.0 238.0 812.0 253.0
face 0.38 606.0 183.0 618.0 198.0
face 0.38 669.0 212.0 681.0 225.0
face 0.38 430.0 159.0 445.0 176.0
face 0.38 611.0 156.0 622.0 170.0
face 0.38 519.0 149.0 529.0 161.0
face 0.37 772.0 226.0 786.0 243.0
face 0.37 679.0 204.0 689.0 217.0
face 0.37 310.0 103.0 320.0 115.0
face 0.37 591.0 157.0 601.0 169.0
face 0.37 351.0 104.0 360.0 116.0
face 0.37 511.0 171.0 522.0 185.0
face 0.37 344.0 110.0 356.0 123.0
face 0.37 520.0 143.0 530.0 155.0
face 0.37 871.0 253.0 882.0 267.0
face 0.37 358.0 134.0 368.0 145.0
face 0.37 109.0 644.0 123.0 660.0
face 0.37 344.0 119.0 353.0 130.0
face 0.37 286.0 84.0 297.0 98.0
face 0.37 476.0 116.0 488.0 132.0
face 0.37 536.0 165.0 547.0 177.0
face 0.37 335.0 101.0 344.0 113.0
face 0.37 239.0 590.0 250.0 604.0
face 0.37 768.0 238.0 778.0 249.0
face 0.37 502.0 158.0 512.0 170.0
face 0.37 405.0 126.0 415.0 137.0
face 0.37 332.0 94.0 343.0 107.0
face 0.37 551.0 197.0 562.0 210.0
face 0.36 753.0 224.0 763.0 236.0
face 0.36 317.0 111.0 327.0 122.0
face 0.36 174.0 94.0 185.0 105.0
face 0.36 438.0 132.0 448.0 144.0
face 0.36 782.0 230.0 792.0 243.0
face 0.36 791.0 238.0 802.0 249.0
face 0.36 287.0 93.0 297.0 106.0
face 0.36 598.0 159.0 609.0 171.0
face 0.36 618.0 263.0 636.0 288.0
face 0.36 319.0 102.0 329.0 114.0
face 0.36 830.0 251.0 842.0 266.0
face 0.36 583.0 161.0 594.0 173.0
face 0.36 485.0 117.0 497.0 132.0
face 0.36 877.0 245.0 891.0 260.0
face 0.36 670.0 182.0 680.0 195.0
face 0.36 383.0 142.0 393.0 153.0
face 0.36 471.0 134.0 481.0 146.0
face 0.36 886.0 246.0 897.0 258.0
face 0.36 790.0 315.0 803.0 332.0
face 0.36 373.0 110.0 383.0 122.0
face 0.36 791.0 284.0 805.0 299.0
face 0.36 69.0 38.0 82.0 53.0
face 0.36 513.0 152.0 523.0 163.0
face 0.36 390.0 128.0 399.0 138.0
face 0.36 375.0 134.0 386.0 146.0
face 0.36 293.0 119.0 303.0 130.0
face 0.36 703.0 189.0 717.0 206.0
face 0.36 471.0 112.0 482.0 123.0
face 0.36 775.0 287.0 786.0 301.0
face 0.36 182.0 84.0 193.0 97.0
face 0.36 664.0 206.0 674.0 218.0
face 0.36 224.0 117.0 235.0 130.0
face 0.36 549.0 173.0 559.0 185.0
face 0.36 852.0 243.0 866.0 259.0
face 0.36 182.0 46.0 191.0 57.0
face 0.36 344.0 102.0 353.0 113.0
face 0.36 590.0 164.0 600.0 178.0
face 0.36 862.0 306.0 878.0 323.0
face 0.36 344.0 128.0 354.0 139.0
face 0.36 512.0 143.0 522.0 155.0
face 0.36 172.0 586.0 188.0 605.0
face 0.36 295.0 85.0 305.0 97.0
face 0.36 408.0 142.0 418.0 155.0
face 0.36 296.0 102.0 306.0 114.0
face 0.36 735.0 238.0 745.0 249.0
face 0.36 831.0 342.0 841.0 355.0
face 0.36 536.0 173.0 547.0 186.0
face 0.36 614.0 183.0 624.0 195.0
face 0.36 477.0 135.0 488.0 147.0
face 0.36 159.0 55.0 168.0 66.0
face 0.36 575.0 172.0 586.0 186.0
face 0.36 780.0 284.0 794.0 302.0
face 0.36 207.0 108.0 221.0 125.0
face 0.36 140.0 19.0 152.0 33.0
face 0.36 425.0 158.0 436.0 171.0
face 0.36 279.0 102.0 289.0 115.0
face 0.36 726.0 413.0 737.0 427.0
face 0.36 265.0 142.0 275.0 156.0
face 0.36 219.0 625.0 235.0 644.0
face 0.36 271.0 75.0 282.0 90.0
face 0.36 168.0 93.0 179.0 106.0
face 0.36 943.0 39.0 957.0 56.0
face 0.36 676.0 180.0 691.0 198.0
face 0.36 510.0 181.0 520.0 193.0
face 0.36 184.0 64.0 193.0 76.0
face 0.36 30.0 39.0 41.0 51.0
face 0.36 248.0 120.0 259.0 132.0
face 0.36 63.0 35.0 75.0 50.0
face 0.36 581.0 140.0 595.0 156.0
face 0.36 384.0 134.0 397.0 148.0
face 0.36 630.0 174.0 640.0 187.0
face 0.36 805.0 244.0 815.0 257.0
face 0.36 45.0 614.0 57.0 628.0
face 0.36 136.0 69.0 145.0 81.0
face 0.36 647.0 192.0 657.0 204.0
face 0.36 368.0 93.0 377.0 104.0
face 0.36 232.0 636.0 242.0 649.0
face 0.36 286.0 102.0 296.0 114.0
face 0.36 527.0 175.0 537.0 189.0
face 0.36 600.0 166.0 612.0 179.0
face 0.36 71.0 62.0 84.0 77.0
face 0.36 710.0 358.0 723.0 375.0
face 0.36 86.0 62.0 98.0 76.0
face 0.36 367.0 134.0 376.0 145.0
face 0.36 911.0 308.0 922.0 322.0
face 0.36 359.0 116.0 368.0 128.0
face 0.36 447.0 36.0 458.0 50.0
face 0.36 376.0 143.0 386.0 154.0
face 0.36 432.0 119.0 443.0 133.0
face 0.36 128.0 52.0 138.0 66.0
face 0.35 207.0 88.0 218.0 101.0
face 0.35 478.0 125.0 488.0 138.0
face 0.35 775.0 213.0 786.0 226.0
face 0.35 242.0 596.0 254.0 611.0
face 0.35 11.0 38.0 22.0 51.0
face 0.35 854.0 239.0 865.0 251.0
face 0.35 213.0 118.0 225.0 131.0
face 0.35 359.0 104.0 369.0 115.0
face 0.35 798.0 230.0 810.0 245.0
face 0.35 424.0 150.0 434.0 162.0
face 0.35 535.0 160.0 545.0 171.0
face 0.35 334.0 86.0 344.0 98.0
face 0.35 360.0 128.0 369.0 140.0
face 0.35 199.0 38.0 209.0 49.0
face 0.35 478.0 140.0 490.0 154.0
face 0.35 343.0 95.0 353.0 106.0
face 0.35 815.0 237.0 828.0 252.0
face 0.35 230.0 118.0 242.0 130.0
face 0.35 78.0 53.0 89.0 64.0
face 0.35 726.0 175.0 735.0 186.0
face 0.35 525.0 141.0 536.0 154.0
face 0.35 407.0 149.0 418.0 162.0
face 0.35 518.0 174.0 529.0 186.0
face 0.35 472.0 51.0 483.0 64.0
face 0.35 494.0 118.0 504.0 129.0
face 0.35 247.0 61.0 257.0 72.0
face 0.35 159.0 61.0 168.0 74.0
face 0.35 598.0 151.0 608.0 162.0
face 0.35 295.0 94.0 305.0 106.0
face 0.35 152.0 38.0 160.0 50.0
face 0.35 230.0 582.0 240.0 596.0
face 0.35 143.0 78.0 154.0 92.0
face 0.35 503.0 142.0 513.0 153.0
face 0.35 855.0 302.0 866.0 316.0
face 0.35 103.0 39.0 113.0 51.0
face 0.35 407.0 133.0 417.0 146.0
face 0.35 717.0 361.0 732.0 382.0
face 0.35 495.0 164.0 505.0 177.0
face 0.35 263.0 86.0 273.0 99.0
face 0.35 117.0 55.0 128.0 68.0
face 0.35 726.0 183.0 737.0 196.0
face 0.35 215.0 53.0 229.0 69.0
face 0.35 496.0 134.0 506.0 146.0
face 0.35 732.0 355.0 751.0 375.0
face 0.35 536.0 23.0 546.0 35.0
face 0.35 832.0 53.0 842.0 65.0
face 0.35 756.0 30.0 769.0 47.0
face 0.35 127.0 21.0 138.0 35.0
face 0.35 23.0 0.0 37.0 12.0
face 0.35 318.0 125.0 328.0 137.0
face 0.35 223.0 95.0 233.0 106.0
face 0.35 662.0 62.0 672.0 73.0
face 0.35 566.0 161.0 577.0 174.0
face 0.35 511.0 318.0 535.0 345.0
face 0.35 848.0 239.0 858.0 252.0
face 0.35 900.0 313.0 918.0 333.0
face 0.35 472.0 126.0 482.0 139.0
face 0.35 487.0 134.0 497.0 146.0
face 0.35 150.0 62.0 161.0 74.0
face 0.35 456.0 126.0 465.0 138.0
face 0.35 791.0 244.0 802.0 257.0
face 0.35 766.0 312.0 777.0 325.0
face 0.35 456.0 142.0 466.0 155.0
face 0.35 192.0 557.0 203.0 570.0
face 0.35 878.0 238.0 889.0 252.0
face 0.35 191.0 93.0 201.0 106.0
face 0.35 523.0 53.0 535.0 67.0
face 0.35 646.0 182.0 656.0 194.0
