face 1.00 269.0 320.0 283.0 339.0
face 1.00 50.0 328.0 65.0 348.0
face 1.00 550.0 227.0 562.0 243.0
face 1.00 382.0 240.0 395.0 255.0
face 0.99 349.0 247.0 363.0 265.0
face 0.98 207.0 237.0 220.0 254.0
face 0.97 429.0 203.0 441.0 218.0
face 0.97 468.0 188.0 481.0 203.0
face 0.95 321.0 237.0 335.0 254.0
face 0.92 204.0 329.0 222.0 352.0
face 0.91 567.0 214.0 580.0 229.0
face 0.91 443.0 72.0 458.0 90.0
face 0.91 422.0 47.0 437.0 65.0
face 0.90 346.0 274.0 361.0 292.0
face 0.90 774.0 84.0 786.0 98.0
face 0.84 320.0 323.0 338.0 346.0
face 0.83 777.0 488.0 797.0 513.0
face 0.79 536.0 245.0 552.0 265.0
face 0.78 967.0 93.0 978.0 106.0
face 0.75 800.0 79.0 810.0 91.0
face 0.73 325.0 352.0 339.0 369.0
face 0.69 718.0 669.0 732.0 682.0
face 0.66 319.0 410.0 332.0 429.0
face 0.66 467.0 254.0 483.0 275.0
face 0.65 631.0 72.0 641.0 83.0
face 0.62 527.0 30.0 538.0 44.0
face 0.61 650.0 0.0 671.0 23.0
face 0.61 219.0 6.0 230.0 20.0
face 0.56 856.0 30.0 866.0 42.0
face 0.56 561.0 20.0 574.0 34.0
face 0.55 123.0 0.0 139.0 15.0
face 0.54 495.0 53.0 506.0 66.0
face 0.54 787.0 47.0 799.0 62.0
face 0.53 864.0 92.0 876.0 108.0
face 0.53 943.0 121.0 957.0 137.0
face 0.52 230.0 22.0 241.0 35.0
face 0.51 722.0 44.0 733.0 56.0
face 0.49 535.0 6.0 546.0 20.0
face 0.49 881.0 72.0 892.0 86.0
face 0.48 745.0 76.0 759.0 94.0
face 0.48 662.0 64.0 672.0 76.0
face 0.47 761.0 43.0 773.0 59.0
face 0.45 726.0 1.0 736.0 11.0
face 0.44 754.0 20.0 766.0 35.0
face 0.44 557.0 46.0 568.0 59.0
face 0.44 214.0 37.0 225.0 50.0
face 0.43 601.0 70.0 611.0 82.0
face 0.43 884.0 -1.0 912.0 28.0
face 0.42 869.0 106.0 883.0 123.0
face 0.42 775.0 24.0 787.0 41.0
face 0.41 181.0 51.0 193.0 64.0
face 0.41 245.0 640.0 256.0 652.0
face 0.41 979.0 0.0 994.0 13.0
face 0.41 1.0 628.0 13.0 644.0
face 0.41 576.0 32.0 586.0 44.0
face 0.40 338.0 5.0 349.0 17.0
face 0.40 672.0 43.0 685.0 59.0
face 0.40 501.0 236.0 513.0 252.0
face 0.40 367.0 37.0 378.0 50.0
face 0.39 332.0 355.0 347.0 372.0
face 0.39 73.0 54.0 86.0 69.0
face 0.39 51.0 4.0 81.0 41.0
face 0.38 925.0 27.0 938.0 44.0
face 0.38 768.0 20.0 780.0 33.0
face 0.38 206.0 23.0 215.0 34.0
face 0.38 355.0 658.0 374.0 681.0
face 0.38 371.0 263.0 383.0 276.0
face 0.38 102.0 87.0 114.0 102.0
face 0.38 639.0 14.0 650.0 28.0
face 0.38 264.0 55.0 274.0 67.0
face 0.38 248.0 44.0 260.0 59.0
face 0.37 389.0 261.0 404.0 278.0
face 0.37 749.0 70.0 759.0 83.0
face 0.37 734.0 61.0 744.0 73.0
face 0.37 420.0 230.0 434.0 247.0
face 0.37 530.0 42.0 545.0 61.0
face 0.37 640.0 86.0 650.0 98.0
face 0.37 591.0 22.0 601.0 35.0
face 0.37 719.0 84.0 729.0 96.0
face 0.37 182.0 15.0 192.0 27.0
face 0.37 332.0 252.0 346.0 269.0
face 0.36 35.0 332.0 50.0 348.0
face 0.36 153.0 3.0 171.0 23.0
face 0.36 782.0 29.0 792.0 42.0
face 0.36 771.0 589.0 784.0 604.0
face 0.36 199.0 36.0 212.0 55.0
face 0.36 566.0 15.0 577.0 29.0
face 0.36 783.0 70.0 794.0 82.0
face 0.36 774.0 16.0 784.0 29.0
face 0.36 440.0 215.0 451.0 227.0
face 0.36 300.0 344.0 316.0 362.0
face 0.36 437.0 50.0 451.0 65.0
face 0.36 607.0 16.0 616.0 26.0
face 0.36 119.0 69.0 130.0 81.0
face 0.36 830.0 77.0 842.0 89.0
face 0.36 836.0 69.0 849.0 84.0
face 0.36 726.0 61.0 739.0 76.0
face 0.36 734.0 78.0 744.0 91.0
face 0.36 621.0 92.0 632.0 106.0
face 0.36 22.0 47.0 33.0 62.0
face 0.36 718.0 63.0 727.0 75.0
face 0.36 728.0 70.0 738.0 81.0
face 0.36 298.0 324.0 311.0 341.0
face 0.36 332.0 266.0 347.0 284.0
face 0.36 52.0 74.0 67.0 93.0
face 0.36 934.0 0.0 946.0 12.0
face 0.36 447.0 198.0 459.0 210.0
face 0.36 46.0 101.0 61.0 120.0
face 0.36 176.0 45.0 187.0 58.0
face 0.36 220.0 13.0 231.0 26.0
face 0.36 30.0 30.0 41.0 43.0
face 0.36 783.0 38.0 793.0 50.0
face 0.36 783.0 102.0 794.0 115.0
face 0.36 692.0 47.0 705.0 61.0
face 0.36 135.0 3.0 147.0 17.0
face 0.36 790.0 94.0 800.0 106.0
face 0.36 766.0 96.0 775.0 107.0
face 0.36 543.0 29.0 553.0 41.0
face 0.36 751.0 63.0 761.0 75.0
face 0.36 4.0 42.0 17.0 61.0
face 0.36 447.0 190.0 458.0 202.0
face 0.36 328.0 649.0 338.0 660.0
face 0.36 597.0 30.0 607.0 42.0
face 0.36 88.0 62.0 99.0 76.0
face 0.36 26.0 110.0 44.0 131.0
face 0.36 614.0 4.0 625.0 16.0
face 0.36 308.0 652.0 322.0 668.0
face 0.36 751.0 55.0 760.0 65.0
face 0.35 575.0 42.0 588.0 60.0
face 0.35 541.0 -1.0 553.0 11.0
face 0.35 607.0 22.0 617.0 35.0
face 0.35 761.0 95.0 771.0 106.0
face 0.35 846.0 86.0 856.0 99.0
face 0.35 726.0 29.0 736.0 42.0
face 0.35 911.0 37.0 921.0 49.0
face 0.35 590.0 48.0 600.0 59.0
face 0.35 676.0 39.0 688.0 52.0
face 0.35 328.0 394.0 339.0 409.0
face 0.35 863.0 22.0 872.0 34.0
face 0.35 760.0 109.0 770.0 120.0
face 0.35 127.0 62.0 137.0 74.0
face 0.35 783.0 62.0 793.0 75.0
face 0.35 201.0 30.0 211.0 43.0
face 0.35 453.0 191.0 467.0 206.0
face 0.35 551.0 245.0 562.0 259.0
face 0.35 862.0 29.0 872.0 41.0
face 0.35 391.0 256.0 402.0 268.0
face 0.35 421.0 171.0 432.0 185.0
face 0.35 879.0 95.0 890.0 108.0
face 0.35 647.0 79.0 657.0 91.0
face 0.35 502.0 43.0 515.0 60.0
face 0.35 157.0 59.0 170.0 74.0
face 0.35 638.0 5.0 650.0 20.0
face 0.35 101.0 310.0 112.0 323.0
face 0.35 241.0 32.0 251.0 43.0
face 0.35 760.0 86.0 769.0 98.0
face 0.35 734.0 69.0 744.0 82.0
face 0.35 229.0 310.0 240.0 323.0
face 0.35 0.0 30.0 10.0 43.0
face 0.35 678.0 52.0 690.0 66.0
face 0.35 623.0 78.0 633.0 90.0
face 0.35 533.0 30.0 544.0 42.0
face 0.35 655.0 86.0 665.0 97.0
face 0.35 272.0 44.0 283.0 57.0
face 0.35 543.0 13.0 553.0 25.0
face 0.35 542.0 22.0 553.0 36.0
face 0.35 30.0 44.0 42.0 60.0
face 0.35 62.0 61.0 71.0 73.0
face 0.35 598.0 23.0 609.0 35.0
face 0.35 447.0 47.0 457.0 59.0
face 0.35 262.0 59.0 275.0 75.0
face 0.35 766.0 102.0 776.0 113.0
face 0.35 887.0 30.0 896.0 41.0
face 0.35 309.0 13.0 319.0 25.0
face 0.35 782.0 14.0 792.0 25.0
face 0.35 776.0 54.0 786.0 65.0
face 0.35 575.0 53.0 585.0 65.0
face 0.35 615.0 86.0 627.0 99.0
face 0.35 38.0 47.0 48.0 59.0
face 0.35 552.0 38.0 563.0 50.0
face 0.35 439.0 93.0 451.0 108.0
face 0.35 206.0 28.0 217.0 41.0
face 0.35 470.0 0.0 482.0 13.0
