face 1.00 472.0 88.0 542.0 177.0
face 1.00 108.0 16.0 140.0 57.0
face 1.00 251.0 51.0 287.0 94.0
face 1.00 609.0 141.0 649.0 191.0
face 1.00 236.0 113.0 278.0 161.0
face 1.00 112.0 134.0 148.0 180.0
face 1.00 772.0 135.0 816.0 186.0
face 0.99 907.0 127.0 942.0 173.0
face 0.99 807.0 -1.0 844.0 39.0
face 0.97 717.0 0.0 749.0 34.0
face 0.95 654.0 60.0 686.0 100.0
face 0.89 600.0 1.0 637.0 34.0
face 0.88 346.0 -3.0 387.0 30.0
face 0.79 317.0 171.0 367.0 240.0
face 0.74 438.0 53.0 465.0 97.0
face 0.72 225.0 2.0 258.0 34.0
face 0.72 480.0 -1.0 514.0 38.0
face 0.71 2.0 -1.0 38.0 38.0
face 0.71 934.0 17.0 965.0 53.0
face 0.66 826.0 98.0 849.0 131.0
face 0.59 587.0 35.0 609.0 64.0
face 0.59 159.0 131.0 187.0 164.0
face 0.48 454.0 303.0 541.0 409.0
face 0.43 668.0 348.0 695.0 380.0
face 0.42 306.0 2.0 329.0 28.0
face 0.39 875.0 27.0 893.0 47.0
face 0.39 689.0 446.0 713.0 473.0
face 0.38 514.0 345.0 541.0 378.0
face 0.37 458.0 401.0 494.0 445.0
face 0.36 753.0 61.0 767.0 77.0
face 0.36 747.0 48.0 795.0 102.0
