face 0.93 914.0 235.0 935.0 261.0
face 0.92 569.0 170.0 582.0 188.0
face 0.86 146.0 181.0 165.0 204.0
face 0.69 88.0 196.0 118.0 235.0
face 0.66 488.0 212.0 508.0 235.0
face 0.42 827.0 170.0 843.0 186.0
face 0.41 484.0 219.0 497.0 235.0
face 0.40 493.0 321.0 506.0 338.0
face 0.39 856.0 235.0 868.0 250.0
face 0.39 44.0 253.0 58.0 271.0
face 0.39 681.0 62.0 693.0 77.0
face 0.38 903.0 237.0 915.0 251.0
face 0.38 154.0 172.0 170.0 194.0
face 0.37 853.0 186.0 865.0 201.0
face 0.37 838.0 134.0 849.0 146.0
face 0.37 38.0 243.0 80.0 291.0
face 0.36 937.0 157.0 946.0 169.0
face 0.35 591.0 92.0 601.0 105.0
face 0.35 607.0 109.0 617.0 122.0
face 0.35 726.0 149.0 738.0 165.0
face 0.35 838.0 172.0 848.0 185.0
face 0.35 871.0 165.0 881.0 177.0
