face 0.99 183.0 253.0 205.0 277.0
face 0.93 555.0 246.0 571.0 265.0
face 0.56 0.0 301.0 11.0 316.0
face 0.49 664.0 360.0 674.0 371.0
face 0.48 244.0 386.0 272.0 418.0
face 0.47 448.0 277.0 461.0 293.0
face 0.44 718.0 197.0 728.0 209.0
face 0.39 624.0 213.0 634.0 225.0
face 0.38 914.0 307.0 936.0 335.0
face 0.38 284.0 374.0 307.0 406.0
face 0.37 548.0 341.0 560.0 357.0
face 0.36 624.0 189.0 636.0 204.0
face 0.36 215.0 366.0 226.0 379.0
face 0.36 6.0 301.0 15.0 313.0
face 0.36 781.0 422.0 796.0 443.0
face 0.36 294.0 382.0 306.0 396.0
face 0.35 624.0 155.0 636.0 169.0
face 0.35 231.0 357.0 241.0 369.0
face 0.35 679.0 357.0 689.0 369.0
face 0.35 222.0 333.0 232.0 346.0
face 0.35 662.0 20.0 674.0 34.0
face 0.35 644.0 19.0 657.0 34.0
face 0.35 724.0 229.0 737.0 245.0
face 0.35 238.0 366.0 249.0 378.0
face 0.35 720.0 223.0 730.0 235.0
face 0.35 296.0 393.0 309.0 409.0
face 0.35 206.0 326.0 217.0 339.0
face 0.35 198.0 310.0 208.0 321.0
face 0.35 720.0 151.0 729.0 161.0
face 0.35 78.0 332.0 90.0 346.0
face 0.35 567.0 310.0 577.0 323.0
face 0.35 655.0 21.0 665.0 33.0
face 0.35 878.0 334.0 889.0 347.0
