face 1.00 784.0 157.0 818.0 200.0
face 1.00 549.0 213.0 582.0 269.0
face 1.00 624.0 182.0 662.0 228.0
face 1.00 875.0 155.0 907.0 195.0
face 1.00 445.0 258.0 474.0 298.0
face 0.99 488.0 262.0 517.0 300.0
face 0.99 918.0 154.0 951.0 193.0
face 0.99 969.0 166.0 990.0 189.0
face 0.89 536.0 260.0 564.0 297.0
face 0.87 409.0 256.0 447.0 303.0
face 0.85 900.0 197.0 926.0 227.0
face 0.83 220.0 234.0 251.0 272.0
face 0.80 448.0 188.0 461.0 204.0
face 0.77 357.0 191.0 370.0 206.0
face 0.76 258.0 176.0 290.0 227.0
face 0.69 516.0 192.0 530.0 210.0
face 0.65 686.0 175.0 720.0 215.0
face 0.50 550.0 294.0 561.0 308.0
face 0.49 438.0 236.0 454.0 255.0
face 0.46 228.0 423.0 244.0 444.0
face 0.45 102.0 182.0 113.0 196.0
face 0.44 490.0 399.0 507.0 422.0
face 0.43 227.0 273.0 245.0 294.0
face 0.43 502.0 192.0 517.0 211.0
face 0.42 360.0 450.0 382.0 477.0
face 0.42 396.0 260.0 420.0 293.0
face 0.41 224.0 339.0 235.0 355.0
face 0.41 208.0 573.0 218.0 585.0
face 0.41 64.0 485.0 77.0 499.0
face 0.40 476.0 272.0 494.0 296.0
face 0.40 302.0 311.0 356.0 371.0
face 0.40 167.0 524.0 179.0 538.0
face 0.39 948.0 154.0 965.0 176.0
face 0.39 751.0 506.0 775.0 535.0
face 0.38 249.0 229.0 279.0 269.0
face 0.38 374.0 190.0 389.0 208.0
face 0.38 252.0 196.0 266.0 215.0
face 0.37 413.0 176.0 426.0 192.0
face 0.37 19.0 230.0 32.0 248.0
face 0.37 52.0 496.0 67.0 514.0
face 0.37 2.0 197.0 18.0 216.0
face 0.37 40.0 494.0 51.0 508.0
face 0.36 656.0 237.0 707.0 299.0
face 0.36 837.0 179.0 851.0 195.0
face 0.36 539.0 176.0 557.0 199.0
face 0.36 153.0 582.0 165.0 595.0
face 0.36 112.0 534.0 122.0 545.0
face 0.35 828.0 145.0 844.0 167.0
face 0.35 112.0 482.0 124.0 497.0
face 0.35 140.0 526.0 153.0 540.0
face 0.35 375.0 171.0 388.0 186.0
face 0.35 156.0 195.0 171.0 212.0
face 0.35 127.0 471.0 137.0 482.0
face 0.35 376.0 181.0 387.0 194.0
face 0.35 12.0 203.0 26.0 220.0
face 0.35 325.0 216.0 339.0 235.0
face 0.35 358.0 184.0 370.0 197.0
face 0.35 67.0 608.0 80.0 623.0
face 0.35 365.0 181.0 379.0 197.0
