face 1.00 389.0 205.0 612.0 467.0
face 0.46 618.0 861.0 737.0 969.0
face 0.43 114.0 926.0 132.0 947.0
face 0.43 157.0 1000.0 174.0 1020.0
face 0.41 86.0 941.0 100.0 960.0
face 0.40 108.0 1042.0 121.0 1059.0
face 0.38 174.0 911.0 185.0 923.0
face 0.38 169.0 994.0 200.0 1029.0
face 0.38 211.0 831.0 235.0 858.0
face 0.37 96.0 1070.0 107.0 1084.0
face 0.37 105.0 1053.0 114.0 1064.0
face 0.36 63.0 988.0 74.0 1002.0
face 0.36 589.0 187.0 601.0 203.0
face 0.36 125.0 911.0 136.0 925.0
face 0.36 174.0 989.0 186.0 1003.0
face 0.36 178.0 981.0 193.0 998.0
face 0.36 598.0 189.0 609.0 203.0
face 0.35 809.0 411.0 917.0 562.0
face 0.35 158.0 925.0 168.0 938.0
face 0.35 102.0 1063.0 112.0 1075.0
