face 1.00 902.0 144.0 979.0 243.0
face 0.88 457.0 174.0 559.0 325.0
face 0.82 582.0 245.0 610.0 279.0
face 0.68 675.0 311.0 689.0 328.0
face 0.66 802.0 133.0 818.0 153.0
face 0.64 142.0 120.0 157.0 140.0
face 0.57 437.0 336.0 460.0 366.0
face 0.48 211.0 83.0 225.0 100.0
face 0.48 820.0 329.0 836.0 348.0
face 0.48 905.0 139.0 917.0 156.0
face 0.47 530.0 69.0 542.0 85.0
face 0.47 178.0 18.0 191.0 35.0
face 0.46 818.0 95.0 834.0 115.0
face 0.46 833.0 133.0 847.0 151.0
face 0.45 246.0 326.0 257.0 340.0
face 0.45 891.0 0.0 909.0 21.0
face 0.45 269.0 370.0 317.0 432.0
face 0.43 441.0 18.0 455.0 35.0
face 0.42 656.0 19.0 676.0 43.0
face 0.42 725.0 66.0 740.0 84.0
face 0.42 939.0 21.0 955.0 41.0
face 0.41 164.0 81.0 187.0 109.0
face 0.41 620.0 18.0 634.0 36.0
face 0.40 293.0 86.0 305.0 101.0
face 0.40 132.0 84.0 148.0 105.0
face 0.40 880.0 175.0 890.0 189.0
face 0.39 592.0 63.0 615.0 91.0
face 0.39 749.0 101.0 761.0 115.0
face 0.39 23.0 13.0 34.0 26.0
face 0.39 517.0 1.0 532.0 19.0
face 0.39 41.0 61.0 57.0 78.0
face 0.38 722.0 341.0 736.0 359.0
face 0.38 978.0 27.0 994.0 47.0
face 0.38 735.0 285.0 746.0 298.0
face 0.38 766.0 111.0 777.0 125.0
face 0.38 710.0 291.0 725.0 308.0
face 0.38 309.0 54.0 319.0 66.0
face 0.37 213.0 319.0 226.0 336.0
face 0.37 709.0 8.0 724.0 26.0
face 0.37 159.0 0.0 173.0 13.0
face 0.37 606.0 53.0 618.0 66.0
face 0.37 260.0 350.0 270.0 362.0
face 0.37 346.0 87.0 361.0 107.0
face 0.37 396.0 308.0 419.0 342.0
face 0.37 339.0 0.0 353.0 14.0
face 0.36 307.0 458.0 323.0 477.0
face 0.36 835.0 -1.0 853.0 19.0
face 0.36 154.0 275.0 179.0 309.0
face 0.36 231.0 76.0 242.0 91.0
face 0.36 479.0 20.0 495.0 39.0
face 0.36 590.0 69.0 602.0 84.0
face 0.36 605.0 71.0 616.0 84.0
face 0.36 607.0 61.0 618.0 74.0
face 0.36 720.0 308.0 733.0 323.0
face 0.36 214.0 302.0 225.0 315.0
face 0.36 231.0 109.0 243.0 122.0
face 0.36 798.0 1.0 810.0 13.0
face 0.36 724.0 324.0 738.0 338.0
face 0.36 745.0 156.0 761.0 174.0
face 0.36 942.0 13.0 954.0 26.0
face 0.36 188.0 451.0 201.0 468.0
face 0.36 284.0 25.0 297.0 42.0
face 0.36 407.0 42.0 421.0 59.0
face 0.36 246.0 351.0 256.0 365.0
face 0.36 318.0 100.0 330.0 115.0
face 0.36 215.0 69.0 227.0 83.0
face 0.36 111.0 22.0 121.0 33.0
face 0.36 401.0 67.0 416.0 84.0
face 0.36 559.0 69.0 570.0 82.0
face 0.36 685.0 326.0 697.0 341.0
face 0.36 319.0 84.0 331.0 99.0
face 0.35 453.0 70.0 466.0 84.0
face 0.35 283.0 405.0 304.0 432.0
face 0.35 462.0 13.0 473.0 27.0
face 0.35 694.0 310.0 705.0 323.0
face 0.35 101.0 14.0 112.0 26.0
face 0.35 467.0 0.0 481.0 13.0
face 0.35 671.0 0.0 683.0 12.0
face 0.35 636.0 70.0 648.0 84.0
face 0.35 247.0 319.0 257.0 332.0
face 0.35 699.0 71.0 713.0 86.0
face 0.35 198.0 94.0 208.0 108.0
face 0.35 621.0 71.0 632.0 83.0
face 0.35 584.0 46.0 597.0 62.0
face 0.35 246.0 309.0 256.0 321.0
face 0.35 581.0 244.0 593.0 258.0
face 0.35 350.0 5.0 362.0 19.0
face 0.35 289.0 69.0 306.0 86.0
face 0.35 280.0 69.0 290.0 81.0
face 0.35 967.0 85.0 980.0 100.0
face 0.35 966.0 93.0 977.0 106.0
face 0.35 230.0 326.0 240.0 338.0
face 0.35 666.0 68.0 681.0 86.0
face 0.35 905.0 73.0 922.0 92.0
face 0.35 958.0 84.0 968.0 97.0
face 0.35 231.0 333.0 240.0 345.0
face 0.35 214.0 275.0 225.0 288.0
face 0.35 241.0 326.0 251.0 338.0
face 0.35 712.0 318.0 721.0 330.0
