face 1.00 559.0 87.0 596.0 140.0
face 1.00 469.0 129.0 503.0 171.0
face 1.00 171.0 140.0 202.0 178.0
face 0.74 620.0 129.0 662.0 179.0
face 0.69 331.0 543.0 349.0 563.0
face 0.64 562.0 571.0 577.0 588.0
face 0.58 680.0 669.0 706.0 703.0
face 0.58 750.0 694.0 760.0 707.0
face 0.58 357.0 556.0 368.0 570.0
face 0.52 359.0 579.0 374.0 596.0
face 0.51 738.0 675.0 752.0 691.0
face 0.47 425.0 584.0 451.0 613.0
face 0.45 783.0 670.0 794.0 683.0
face 0.43 447.0 579.0 473.0 608.0
face 0.43 470.0 540.0 486.0 560.0
face 0.42 270.0 653.0 281.0 667.0
face 0.42 72.0 583.0 83.0 597.0
face 0.41 449.0 621.0 458.0 634.0
face 0.41 823.0 678.0 835.0 693.0
face 0.41 798.0 624.0 809.0 637.0
face 0.41 340.0 532.0 355.0 552.0
face 0.40 514.0 586.0 527.0 602.0
face 0.40 462.0 583.0 473.0 596.0
face 0.40 414.0 551.0 427.0 565.0
face 0.39 316.0 596.0 327.0 610.0
face 0.39 548.0 675.0 562.0 694.0
face 0.39 556.0 711.0 574.0 733.0
face 0.38 622.0 643.0 634.0 657.0
face 0.38 613.0 627.0 625.0 641.0
face 0.38 565.0 642.0 582.0 663.0
face 0.38 960.0 14.0 970.0 27.0
face 0.37 524.0 674.0 538.0 690.0
face 0.37 446.0 548.0 461.0 566.0
face 0.37 360.0 632.0 370.0 644.0
face 0.37 5.0 605.0 18.0 621.0
face 0.37 75.0 679.0 90.0 698.0
face 0.37 631.0 630.0 641.0 643.0
face 0.37 366.0 629.0 377.0 642.0
face 0.37 483.0 582.0 496.0 596.0
face 0.37 582.0 580.0 593.0 594.0
face 0.37 288.0 570.0 302.0 586.0
face 0.37 524.0 698.0 539.0 716.0
face 0.37 165.0 652.0 177.0 667.0
face 0.37 437.0 634.0 452.0 655.0
face 0.37 775.0 702.0 787.0 717.0
face 0.37 576.0 581.0 586.0 593.0
face 0.37 367.0 622.0 378.0 634.0
face 0.36 177.0 668.0 189.0 685.0
face 0.36 326.0 573.0 336.0 585.0
face 0.36 752.0 679.0 761.0 690.0
face 0.36 612.0 595.0 625.0 609.0
face 0.36 140.0 643.0 155.0 661.0
face 0.36 622.0 595.0 634.0 609.0
face 0.36 584.0 567.0 594.0 579.0
face 0.36 495.0 531.0 506.0 546.0
face 0.36 637.0 124.0 652.0 143.0
face 0.36 374.0 621.0 384.0 633.0
face 0.36 160.0 654.0 170.0 668.0
face 0.36 584.0 574.0 594.0 586.0
face 0.36 367.0 615.0 378.0 627.0
face 0.36 751.0 688.0 761.0 700.0
face 0.36 822.0 693.0 833.0 706.0
face 0.36 397.0 556.0 409.0 570.0
face 0.36 527.0 566.0 537.0 578.0
face 0.36 532.0 581.0 543.0 594.0
face 0.36 590.0 579.0 602.0 594.0
face 0.36 626.0 635.0 640.0 651.0
face 0.36 598.0 579.0 611.0 594.0
face 0.36 71.0 100.0 82.0 114.0
face 0.36 511.0 582.0 522.0 596.0
face 0.36 366.0 596.0 377.0 609.0
face 0.36 16.0 95.0 25.0 107.0
face 0.36 503.0 581.0 515.0 595.0
face 0.36 742.0 683.0 753.0 695.0
face 0.36 567.0 604.0 578.0 618.0
face 0.36 532.0 613.0 545.0 629.0
face 0.36 368.0 646.0 378.0 657.0
face 0.36 29.0 604.0 42.0 619.0
face 0.36 479.0 588.0 490.0 601.0
face 0.36 430.0 581.0 442.0 595.0
face 0.36 401.0 594.0 418.0 615.0
face 0.36 344.0 606.0 354.0 618.0
face 0.36 508.0 513.0 523.0 530.0
face 0.36 956.0 19.0 968.0 34.0
face 0.36 383.0 604.0 393.0 617.0
face 0.36 350.0 605.0 362.0 620.0
face 0.36 24.0 604.0 34.0 616.0
face 0.36 44.0 573.0 61.0 594.0
face 0.36 361.0 622.0 370.0 633.0
face 0.36 319.0 668.0 333.0 686.0
face 0.35 582.0 589.0 592.0 601.0
face 0.35 528.0 720.0 537.0 731.0
face 0.35 519.0 574.0 530.0 586.0
face 0.35 438.0 612.0 450.0 625.0
face 0.35 533.0 684.0 546.0 699.0
face 0.35 343.0 612.0 355.0 627.0
face 0.35 309.0 660.0 320.0 674.0
face 0.35 345.0 599.0 354.0 610.0
face 0.35 471.0 583.0 481.0 595.0
face 0.35 352.0 500.0 363.0 517.0
face 0.35 37.0 597.0 48.0 610.0
face 0.35 350.0 598.0 360.0 610.0
face 0.35 547.0 506.0 563.0 524.0
face 0.35 493.0 581.0 505.0 595.0
face 0.35 159.0 645.0 169.0 658.0
face 0.35 573.0 690.0 588.0 708.0
face 0.35 838.0 678.0 849.0 690.0
face 0.35 386.0 657.0 407.0 681.0
face 0.35 344.0 518.0 355.0 530.0
face 0.35 487.0 541.0 498.0 553.0
face 0.35 327.0 606.0 337.0 617.0
face 0.35 255.0 580.0 266.0 596.0
face 0.35 800.0 574.0 810.0 587.0
face 0.35 334.0 606.0 345.0 619.0
face 0.35 742.0 708.0 753.0 721.0
face 0.35 808.0 564.0 818.0 579.0
face 0.35 455.0 572.0 466.0 585.0
face 0.35 814.0 637.0 825.0 649.0
face 0.35 728.0 694.0 739.0 708.0
face 0.35 502.0 646.0 513.0 658.0
face 0.35 221.0 101.0 234.0 116.0
face 0.35 366.0 638.0 376.0 650.0
face 0.35 768.0 702.0 778.0 713.0
face 0.35 815.0 686.0 827.0 700.0
face 0.35 575.0 590.0 586.0 603.0
face 0.35 759.0 678.0 769.0 690.0
face 0.35 767.0 677.0 778.0 691.0
face 0.35 535.0 694.0 545.0 706.0
face 0.35 693.0 652.0 706.0 667.0
face 0.35 829.0 677.0 840.0 690.0
face 0.35 535.0 599.0 545.0 610.0
face 0.35 559.0 611.0 571.0 625.0
face 0.35 511.0 596.0 522.0 610.0
