face 1.00 854.0 1182.0 893.0 1230.0
face 1.00 311.0 1007.0 368.0 1079.0
face 0.67 617.0 861.0 662.0 914.0
face 0.59 509.0 452.0 535.0 483.0
face 0.58 412.0 547.0 428.0 567.0
face 0.57 841.0 387.0 870.0 424.0
face 0.53 162.0 86.0 179.0 108.0
face 0.52 80.0 1080.0 126.0 1130.0
face 0.52 242.0 1229.0 256.0 1246.0
face 0.50 618.0 359.0 647.0 393.0
face 0.49 721.0 98.0 732.0 114.0
face 0.47 415.0 464.0 437.0 491.0
face 0.46 545.0 1002.0 632.0 1112.0
face 0.46 949.0 326.0 964.0 345.0
face 0.46 885.0 1103.0 898.0 1121.0
face 0.42 725.0 1315.0 749.0 1347.0
face 0.41 222.0 482.0 248.0 520.0
face 0.39 415.0 521.0 429.0 539.0
face 0.39 339.0 566.0 394.0 647.0
face 0.39 950.0 260.0 962.0 275.0
face 0.39 450.0 162.0 503.0 221.0
face 0.39 367.0 648.0 381.0 666.0
face 0.38 486.0 435.0 497.0 448.0
face 0.38 316.0 88.0 332.0 109.0
face 0.38 396.0 34.0 413.0 52.0
face 0.37 778.0 1118.0 824.0 1172.0
face 0.37 375.0 11.0 435.0 79.0
face 0.36 975.0 1178.0 988.0 1195.0
face 0.36 685.0 275.0 735.0 346.0
face 0.36 882.0 132.0 894.0 149.0
face 0.36 411.0 101.0 424.0 118.0
face 0.36 445.0 358.0 473.0 396.0
face 0.36 594.0 99.0 610.0 117.0
face 0.36 205.0 110.0 216.0 124.0
face 0.36 976.0 1116.0 987.0 1130.0
face 0.35 637.0 113.0 647.0 126.0
face 0.35 789.0 1047.0 802.0 1064.0
face 0.35 651.0 162.0 667.0 182.0
face 0.35 631.0 149.0 642.0 163.0
face 0.35 400.0 919.0 411.0 932.0
face 0.35 311.0 94.0 323.0 108.0
face 0.35 842.0 1205.0 856.0 1224.0
face 0.35 622.0 20.0 635.0 36.0
face 0.35 541.0 932.0 555.0 950.0
face 0.35 710.0 180.0 722.0 193.0
face 0.35 35.0 1022.0 50.0 1038.0
