face 1.00 571.0 334.0 669.0 440.0
face 0.99 901.0 648.0 946.0 702.0
face 0.73 462.0 741.0 521.0 815.0
face 0.63 763.0 718.0 823.0 791.0
face 0.48 948.0 1215.0 995.0 1259.0
face 0.48 288.0 706.0 316.0 737.0
face 0.43 996.0 946.0 1026.0 1014.0
face 0.42 136.0 824.0 164.0 861.0
face 0.42 999.0 593.0 1024.0 642.0
face 0.41 914.0 1239.0 930.0 1259.0
face 0.40 529.0 324.0 612.0 410.0
face 0.38 980.0 1161.0 997.0 1181.0
face 0.38 376.0 588.0 438.0 656.0
face 0.37 979.0 1140.0 1024.0 1186.0
face 0.36 651.0 445.0 666.0 463.0
face 0.35 524.0 604.0 649.0 698.0
face 0.35 389.0 565.0 401.0 580.0
