face 1.00 232.0 253.0 266.0 298.0
face 1.00 381.0 201.0 421.0 256.0
face 1.00 889.0 201.0 944.0 272.0
face 0.97 650.0 220.0 702.0 286.0
face 0.93 107.0 229.0 146.0 281.0
face 0.59 326.0 284.0 338.0 300.0
face 0.57 300.0 618.0 316.0 640.0
face 0.57 286.0 617.0 319.0 658.0
face 0.50 0.0 334.0 10.0 350.0
face 0.47 122.0 747.0 142.0 769.0
face 0.46 952.0 141.0 966.0 157.0
face 0.46 320.0 626.0 333.0 642.0
face 0.43 606.0 287.0 616.0 299.0
face 0.43 396.0 620.0 413.0 641.0
face 0.43 637.0 270.0 651.0 286.0
face 0.42 827.0 13.0 866.0 60.0
face 0.40 147.0 243.0 163.0 262.0
face 0.39 967.0 134.0 978.0 149.0
face 0.39 487.0 276.0 496.0 288.0
face 0.38 399.0 172.0 414.0 189.0
face 0.37 28.0 166.0 42.0 184.0
face 0.37 588.0 278.0 600.0 291.0
face 0.36 480.0 395.0 494.0 413.0
face 0.36 918.0 142.0 930.0 156.0
face 0.36 128.0 228.0 138.0 240.0
face 0.36 132.0 226.0 146.0 241.0
face 0.35 895.0 141.0 907.0 155.0
face 0.35 845.0 33.0 860.0 53.0
face 0.35 610.0 555.0 624.0 571.0
face 0.35 334.0 610.0 350.0 629.0
face 0.35 142.0 224.0 153.0 236.0
face 0.35 463.0 295.0 474.0 308.0
face 0.35 144.0 749.0 158.0 764.0
face 0.35 164.0 130.0 181.0 151.0
face 0.35 895.0 710.0 905.0 723.0
