face 1.00 715.0 384.0 806.0 495.0
face 1.00 212.0 191.0 258.0 245.0
face 1.00 529.0 170.0 566.0 217.0
face 1.00 647.0 202.0 687.0 248.0
face 1.00 361.0 173.0 414.0 244.0
face 1.00 404.0 212.0 474.0 296.0
face 0.99 539.0 298.0 602.0 395.0
face 0.98 890.0 332.0 943.0 407.0
face 0.98 700.0 244.0 766.0 343.0
face 0.96 960.0 275.0 998.0 323.0
face 0.95 289.0 163.0 347.0 237.0
face 0.94 144.0 193.0 197.0 257.0
face 0.93 211.0 281.0 244.0 328.0
face 0.85 995.0 238.0 1023.0 276.0
face 0.84 171.0 211.0 213.0 260.0
face 0.77 136.0 356.0 150.0 373.0
face 0.72 859.0 184.0 873.0 201.0
face 0.70 831.0 243.0 863.0 289.0
face 0.68 895.0 232.0 912.0 255.0
face 0.55 910.0 253.0 939.0 292.0
face 0.55 472.0 406.0 483.0 420.0
face 0.50 597.0 196.0 609.0 212.0
face 0.49 891.0 252.0 911.0 282.0
face 0.48 968.0 494.0 1023.0 565.0
face 0.45 638.0 197.0 652.0 217.0
face 0.44 955.0 199.0 970.0 215.0
face 0.44 60.0 243.0 76.0 263.0
face 0.42 53.0 200.0 81.0 238.0
face 0.42 902.0 200.0 912.0 211.0
face 0.40 22.0 474.0 37.0 492.0
face 0.39 982.0 203.0 996.0 219.0
face 0.39 602.0 160.0 617.0 180.0
face 0.39 943.0 180.0 958.0 200.0
face 0.38 657.0 144.0 674.0 163.0
face 0.38 101.0 340.0 115.0 359.0
face 0.38 601.0 339.0 617.0 360.0
face 0.38 123.0 292.0 139.0 312.0
face 0.37 93.0 244.0 106.0 258.0
face 0.37 886.0 194.0 897.0 209.0
face 0.37 964.0 228.0 977.0 243.0
face 0.37 821.0 72.0 839.0 94.0
face 0.36 123.0 4.0 140.0 23.0
face 0.36 768.0 186.0 779.0 200.0
face 0.36 93.0 395.0 107.0 412.0
face 0.36 119.0 350.0 130.0 363.0
face 0.35 107.0 333.0 120.0 348.0
face 0.35 98.0 422.0 116.0 446.0
face 0.35 152.0 379.0 165.0 396.0
face 0.35 125.0 348.0 138.0 365.0
face 0.35 894.0 198.0 905.0 210.0
face 0.35 727.0 176.0 738.0 188.0
face 0.35 108.0 252.0 122.0 270.0
face 0.35 127.0 553.0 140.0 570.0
face 0.35 119.0 365.0 130.0 377.0
face 0.35 96.0 341.0 107.0 356.0
face 0.35 78.0 403.0 89.0 417.0
face 0.35 193.0 588.0 204.0 602.0
