face 0.82 133.0 567.0 173.0 623.0
face 0.77 914.0 485.0 948.0 537.0
face 0.67 367.0 363.0 382.0 382.0
face 0.64 607.0 448.0 630.0 479.0
face 0.63 0.0 429.0 10.0 443.0
face 0.60 396.0 420.0 409.0 434.0
face 0.54 374.0 430.0 385.0 443.0
face 0.52 375.0 415.0 385.0 427.0
face 0.49 411.0 399.0 425.0 416.0
face 0.48 885.0 457.0 925.0 511.0
face 0.48 13.0 431.0 24.0 443.0
face 0.47 664.0 405.0 675.0 418.0
face 0.44 327.0 429.0 349.0 454.0
face 0.44 649.0 396.0 662.0 412.0
face 0.43 734.0 397.0 748.0 413.0
face 0.42 303.0 418.0 315.0 433.0
face 0.41 943.0 406.0 958.0 424.0
face 0.39 286.0 430.0 299.0 446.0
face 0.39 349.0 416.0 359.0 427.0
face 0.39 451.0 412.0 464.0 427.0
face 0.38 141.0 430.0 152.0 441.0
face 0.38 550.0 410.0 562.0 426.0
face 0.38 406.0 422.0 415.0 434.0
face 0.38 86.0 423.0 98.0 436.0
face 0.38 979.0 463.0 993.0 480.0
face 0.38 135.0 432.0 147.0 445.0
face 0.37 294.0 430.0 304.0 442.0
face 0.37 264.0 429.0 274.0 440.0
face 0.37 35.0 491.0 53.0 509.0
face 0.37 375.0 390.0 387.0 404.0
face 0.37 287.0 425.0 297.0 436.0
face 0.37 469.0 415.0 481.0 429.0
face 0.37 148.0 441.0 163.0 461.0
face 0.37 391.0 416.0 401.0 428.0
face 0.37 165.0 609.0 180.0 629.0
face 0.37 341.0 430.0 352.0 444.0
face 0.37 391.0 428.0 401.0 440.0
face 0.37 831.0 429.0 843.0 445.0
face 0.37 527.0 422.0 537.0 435.0
face 0.37 390.0 441.0 401.0 453.0
face 0.37 294.0 423.0 305.0 436.0
face 0.37 358.0 429.0 368.0 441.0
face 0.37 90.0 468.0 106.0 486.0
face 0.37 244.0 428.0 257.0 444.0
face 0.36 271.0 431.0 281.0 442.0
face 0.36 407.0 415.0 417.0 428.0
face 0.36 439.0 415.0 449.0 426.0
face 0.36 310.0 415.0 321.0 428.0
face 0.36 26.0 430.0 35.0 442.0
face 0.36 465.0 414.0 474.0 426.0
face 0.36 320.0 407.0 329.0 418.0
face 0.36 277.0 414.0 286.0 426.0
face 0.36 518.0 388.0 530.0 403.0
face 0.36 384.0 422.0 394.0 434.0
face 0.36 520.0 422.0 531.0 436.0
face 0.36 367.0 422.0 377.0 434.0
face 0.36 222.0 422.0 235.0 434.0
face 0.36 464.0 419.0 477.0 434.0
face 0.36 93.0 445.0 106.0 459.0
face 0.36 357.0 423.0 368.0 435.0
face 0.36 612.0 429.0 623.0 442.0
face 0.36 594.0 359.0 618.0 390.0
face 0.36 326.0 406.0 336.0 417.0
face 0.36 122.0 424.0 130.0 434.0
face 0.36 279.0 421.0 289.0 434.0
face 0.36 384.0 440.0 394.0 452.0
face 0.36 281.0 437.0 293.0 452.0
face 0.36 281.0 431.0 290.0 443.0
face 0.36 476.0 418.0 489.0 434.0
face 0.36 710.0 420.0 721.0 434.0
face 0.36 495.0 415.0 504.0 426.0
face 0.36 74.0 461.0 89.0 481.0
face 0.36 163.0 443.0 179.0 465.0
face 0.36 319.0 413.0 329.0 425.0
face 0.36 343.0 422.0 354.0 435.0
face 0.36 518.0 428.0 528.0 441.0
face 0.36 414.0 431.0 424.0 442.0
face 0.36 29.0 438.0 40.0 450.0
face 0.36 505.0 415.0 515.0 426.0
face 0.36 534.0 429.0 544.0 441.0
face 0.36 129.0 435.0 141.0 450.0
face 0.36 324.0 414.0 335.0 426.0
face 0.36 383.0 430.0 393.0 441.0
face 0.35 432.0 423.0 442.0 435.0
face 0.35 744.0 421.0 755.0 435.0
face 0.35 727.0 405.0 738.0 419.0
face 0.35 120.0 429.0 129.0 441.0
face 0.35 253.0 429.0 265.0 444.0
face 0.35 391.0 408.0 401.0 419.0
face 0.35 382.0 258.0 395.0 275.0
face 0.35 94.0 429.0 104.0 441.0
face 0.35 367.0 438.0 377.0 450.0
face 0.35 271.0 439.0 282.0 450.0
face 0.35 8.0 443.0 20.0 459.0
face 0.35 367.0 454.0 378.0 466.0
face 0.35 216.0 422.0 227.0 434.0
face 0.35 967.0 459.0 980.0 475.0
face 0.35 383.0 406.0 395.0 420.0
face 0.35 326.0 422.0 339.0 437.0
face 0.35 630.0 429.0 640.0 442.0
face 0.35 357.0 436.0 370.0 452.0
face 0.35 591.0 406.0 602.0 419.0
face 0.35 228.0 419.0 239.0 433.0
face 0.35 366.0 271.0 376.0 284.0
face 0.35 127.0 430.0 137.0 442.0
face 0.35 535.0 412.0 547.0 426.0
face 0.35 408.0 429.0 418.0 441.0
face 0.35 374.0 421.0 386.0 435.0
