face 1.00 722.0 420.0 955.0 700.0
face 1.00 283.0 708.0 439.0 894.0
face 0.44 309.0 39.0 323.0 56.0
face 0.43 8.0 427.0 236.0 684.0
face 0.38 364.0 37.0 379.0 55.0
face 0.38 448.0 42.0 462.0 57.0
face 0.38 696.0 78.0 705.0 89.0
face 0.37 454.0 885.0 466.0 899.0
face 0.36 758.0 77.0 769.0 89.0
face 0.36 792.0 78.0 801.0 89.0
face 0.36 390.0 373.0 400.0 385.0
face 0.36 191.0 78.0 202.0 91.0
face 0.36 619.0 243.0 636.0 263.0
face 0.36 223.0 78.0 233.0 90.0
face 0.35 1012.0 498.0 1024.0 517.0
face 0.35 448.0 150.0 462.0 165.0
face 0.35 574.0 78.0 583.0 89.0
face 0.35 195.0 2.0 211.0 20.0
face 0.35 107.0 486.0 161.0 544.0
face 0.35 392.0 366.0 402.0 379.0
face 0.35 775.0 79.0 784.0 90.0
face 0.35 229.0 20.0 241.0 34.0
face 0.35 224.0 22.0 234.0 34.0
