face 0.91 149.0 524.0 242.0 633.0
face 0.81 937.0 328.0 982.0 377.0
face 0.80 135.0 253.0 152.0 273.0
face 0.68 531.0 292.0 553.0 320.0
face 0.63 651.0 122.0 682.0 162.0
face 0.62 55.0 400.0 86.0 436.0
face 0.54 322.0 310.0 335.0 326.0
face 0.54 685.0 95.0 710.0 125.0
face 0.54 587.0 197.0 601.0 216.0
face 0.52 868.0 464.0 884.0 484.0
face 0.49 150.0 238.0 161.0 251.0
face 0.48 678.0 127.0 688.0 140.0
face 0.45 173.0 550.0 209.0 597.0
face 0.45 544.0 323.0 558.0 340.0
face 0.43 324.0 429.0 336.0 445.0
face 0.43 32.0 398.0 46.0 414.0
face 0.43 755.0 459.0 771.0 479.0
face 0.41 1011.0 123.0 1024.0 144.0
face 0.39 590.0 301.0 606.0 321.0
face 0.39 990.0 354.0 1011.0 381.0
face 0.39 625.0 340.0 662.0 387.0
face 0.39 803.0 34.0 816.0 51.0
face 0.38 560.0 426.0 573.0 444.0
face 0.38 80.0 293.0 91.0 307.0
face 0.37 566.0 405.0 577.0 419.0
face 0.37 636.0 132.0 650.0 148.0
face 0.36 804.0 558.0 820.0 577.0
face 0.36 846.0 502.0 857.0 516.0
face 0.36 342.0 269.0 359.0 286.0
face 0.36 897.0 142.0 907.0 154.0
face 0.36 870.0 110.0 881.0 122.0
face 0.36 157.0 246.0 168.0 258.0
face 0.35 631.0 542.0 643.0 557.0
face 0.35 149.0 258.0 164.0 275.0
face 0.35 581.0 251.0 593.0 266.0
face 0.35 780.0 29.0 794.0 46.0
face 0.35 365.0 83.0 380.0 100.0
face 0.35 613.0 510.0 629.0 532.0
face 0.35 834.0 512.0 851.0 533.0
face 0.35 324.0 133.0 336.0 147.0
face 0.35 386.0 128.0 403.0 151.0
face 0.35 438.0 349.0 452.0 366.0
face 0.35 980.0 124.0 992.0 139.0
face 0.35 615.0 550.0 626.0 563.0
face 0.35 887.0 117.0 897.0 129.0
