face 1.00 238.0 233.0 263.0 264.0
face 1.00 802.0 164.0 844.0 218.0
face 1.00 314.0 230.0 348.0 272.0
face 1.00 539.0 163.0 603.0 238.0
face 1.00 193.0 242.0 213.0 265.0
face 1.00 420.0 248.0 442.0 272.0
face 1.00 487.0 235.0 504.0 254.0
face 1.00 979.0 184.0 1014.0 228.0
face 0.99 160.0 250.0 177.0 270.0
face 0.99 745.0 243.0 765.0 271.0
face 0.98 706.0 247.0 722.0 266.0
face 0.97 508.0 243.0 523.0 259.0
face 0.96 140.0 251.0 155.0 269.0
face 0.95 856.0 232.0 881.0 262.0
face 0.90 293.0 244.0 306.0 260.0
face 0.79 691.0 250.0 705.0 266.0
face 0.62 646.0 240.0 657.0 253.0
face 0.60 122.0 244.0 136.0 259.0
face 0.59 678.0 237.0 688.0 249.0
face 0.59 1011.0 12.0 1024.0 32.0
face 0.57 586.0 240.0 612.0 266.0
face 0.54 576.0 348.0 811.0 566.0
face 0.48 335.0 288.0 356.0 316.0
face 0.42 375.0 254.0 386.0 267.0
face 0.42 964.0 200.0 981.0 220.0
face 0.42 360.0 241.0 373.0 258.0
face 0.41 350.0 47.0 362.0 61.0
face 0.41 672.0 240.0 683.0 252.0
face 0.41 53.0 238.0 65.0 252.0
face 0.38 456.0 246.0 469.0 261.0
face 0.38 192.0 364.0 229.0 415.0
face 0.38 694.0 222.0 705.0 234.0
face 0.37 405.0 242.0 418.0 258.0
face 0.37 601.0 242.0 617.0 263.0
face 0.36 62.0 245.0 73.0 257.0
face 0.36 968.0 40.0 981.0 57.0
face 0.36 855.0 30.0 865.0 43.0
face 0.36 871.0 156.0 882.0 169.0
face 0.36 935.0 15.0 945.0 26.0
face 0.36 278.0 236.0 290.0 251.0
face 0.36 332.0 50.0 345.0 67.0
face 0.35 132.0 230.0 143.0 242.0
face 0.35 118.0 188.0 130.0 201.0
face 0.35 217.0 254.0 230.0 269.0
face 0.35 103.0 252.0 116.0 267.0
face 0.35 77.0 228.0 88.0 242.0
face 0.35 415.0 102.0 426.0 115.0
