face 1.00 533.0 239.0 781.0 540.0
face 0.90 11.0 1285.0 73.0 1349.0
face 0.86 704.0 1259.0 725.0 1285.0
face 0.85 786.0 1113.0 807.0 1138.0
face 0.66 705.0 811.0 924.0 1058.0
face 0.61 445.0 570.0 633.0 775.0
face 0.56 427.0 1245.0 443.0 1265.0
face 0.50 333.0 1224.0 366.0 1259.0
face 0.50 499.0 1346.0 515.0 1362.0
face 0.47 100.0 1238.0 118.0 1260.0
face 0.44 411.0 1207.0 428.0 1228.0
face 0.44 425.0 669.0 516.0 758.0
face 0.41 514.0 1218.0 538.0 1248.0
face 0.41 451.0 1240.0 465.0 1261.0
face 0.40 378.0 1229.0 402.0 1260.0
face 0.40 155.0 1195.0 179.0 1225.0
face 0.40 447.0 1220.0 461.0 1237.0
face 0.39 483.0 1136.0 501.0 1158.0
face 0.39 606.0 1160.0 617.0 1173.0
face 0.38 508.0 1211.0 524.0 1231.0
face 0.37 754.0 1144.0 780.0 1182.0
face 0.37 452.0 1144.0 494.0 1189.0
face 0.37 456.0 1222.0 479.0 1251.0
face 0.37 459.0 1152.0 477.0 1175.0
face 0.37 806.0 1108.0 819.0 1125.0
face 0.36 430.0 1213.0 441.0 1226.0
face 0.36 796.0 1108.0 810.0 1128.0
face 0.36 598.0 1158.0 611.0 1173.0
face 0.36 437.0 1246.0 448.0 1259.0
face 0.36 587.0 1094.0 601.0 1111.0
face 0.35 580.0 1164.0 593.0 1180.0
face 0.35 598.0 1175.0 608.0 1187.0
face 0.35 589.0 1123.0 603.0 1141.0
face 0.35 758.0 1050.0 770.0 1064.0
face 0.35 454.0 1215.0 466.0 1228.0
face 0.35 326.0 925.0 342.0 944.0
face 0.35 615.0 1165.0 627.0 1179.0
face 0.35 596.0 1180.0 608.0 1196.0
face 0.35 591.0 1165.0 601.0 1177.0
