face 1.00 862.0 249.0 963.0 365.0
face 1.00 85.0 248.0 119.0 292.0
face 1.00 664.0 306.0 706.0 365.0
face 1.00 412.0 257.0 523.0 382.0
face 1.00 176.0 262.0 248.0 352.0
face 1.00 116.0 268.0 155.0 322.0
face 0.97 753.0 263.0 786.0 300.0
face 0.88 213.0 384.0 250.0 426.0
face 0.67 922.0 346.0 971.0 401.0
face 0.64 429.0 300.0 455.0 327.0
face 0.57 178.0 285.0 205.0 317.0
face 0.52 717.0 172.0 763.0 236.0
face 0.51 421.0 285.0 470.0 340.0
face 0.47 238.0 283.0 254.0 303.0
face 0.46 795.0 233.0 810.0 252.0
face 0.46 1005.0 238.0 1022.0 258.0
face 0.45 208.0 287.0 235.0 317.0
face 0.42 306.0 621.0 362.0 680.0
face 0.41 904.0 95.0 929.0 123.0
face 0.41 304.0 252.0 329.0 282.0
face 0.40 454.0 301.0 485.0 337.0
face 0.39 659.0 252.0 674.0 270.0
face 0.38 1012.0 121.0 1024.0 139.0
face 0.38 795.0 321.0 822.0 357.0
face 0.37 928.0 290.0 998.0 378.0
face 0.37 247.0 269.0 258.0 283.0
face 0.37 941.0 114.0 953.0 128.0
face 0.37 600.0 261.0 629.0 305.0
face 0.37 355.0 483.0 371.0 502.0
face 0.37 200.0 380.0 215.0 398.0
face 0.37 989.0 116.0 1005.0 134.0
face 0.36 811.0 277.0 833.0 305.0
face 0.36 341.0 359.0 367.0 396.0
face 0.36 780.0 212.0 797.0 233.0
face 0.36 410.0 157.0 426.0 177.0
face 0.36 28.0 699.0 58.0 735.0
face 0.35 997.0 221.0 1009.0 235.0
face 0.35 271.0 316.0 284.0 333.0
face 0.35 1006.0 206.0 1017.0 219.0
face 0.35 975.0 110.0 986.0 123.0
face 0.35 741.0 325.0 755.0 342.0
face 0.35 779.0 194.0 834.0 254.0
