face 1.00 747.0 86.0 775.0 127.0
face 1.00 764.0 51.0 792.0 87.0
face 1.00 425.0 82.0 451.0 116.0
face 1.00 142.0 84.0 175.0 126.0
face 1.00 815.0 94.0 847.0 138.0
face 1.00 545.0 85.0 580.0 134.0
face 0.99 628.0 113.0 655.0 146.0
face 0.98 1004.0 162.0 1020.0 182.0
face 0.98 372.0 91.0 402.0 130.0
face 0.98 963.0 183.0 978.0 201.0
face 0.97 300.0 78.0 327.0 109.0
face 0.96 998.0 133.0 1014.0 153.0
face 0.94 926.0 182.0 941.0 200.0
face 0.87 596.0 87.0 627.0 128.0
face 0.86 1001.0 180.0 1017.0 198.0
face 0.82 943.0 135.0 956.0 152.0
face 0.79 169.0 72.0 193.0 103.0
face 0.60 956.0 161.0 970.0 178.0
face 0.60 130.0 92.0 142.0 109.0
face 0.59 226.0 300.0 247.0 324.0
face 0.59 177.0 297.0 204.0 325.0
face 0.56 410.0 272.0 431.0 296.0
face 0.52 30.0 94.0 42.0 108.0
face 0.50 948.0 180.0 960.0 196.0
face 0.46 892.0 207.0 903.0 221.0
face 0.42 454.0 324.0 480.0 356.0
face 0.41 599.0 205.0 639.0 254.0
face 0.40 671.0 174.0 681.0 185.0
face 0.39 39.0 103.0 50.0 116.0
face 0.39 860.0 205.0 875.0 222.0
face 0.39 602.0 83.0 622.0 103.0
face 0.37 975.0 172.0 986.0 186.0
face 0.36 884.0 234.0 897.0 249.0
face 0.36 22.0 110.0 34.0 124.0
face 0.36 919.0 175.0 930.0 188.0
face 0.36 39.0 95.0 49.0 107.0
face 0.36 855.0 30.0 865.0 42.0
face 0.36 615.0 228.0 626.0 241.0
face 0.36 878.0 204.0 890.0 220.0
face 0.36 35.0 124.0 49.0 138.0
face 0.36 869.0 206.0 882.0 220.0
face 0.36 626.0 235.0 638.0 249.0
face 0.36 31.0 109.0 41.0 121.0
face 0.36 580.0 262.0 594.0 278.0
face 0.36 238.0 302.0 250.0 318.0
face 0.36 22.0 117.0 34.0 133.0
face 0.35 911.0 206.0 922.0 217.0
face 0.35 958.0 151.0 970.0 164.0
face 0.35 920.0 143.0 929.0 154.0
face 0.35 719.0 47.0 729.0 58.0
face 0.35 869.0 220.0 883.0 235.0
face 0.35 676.0 214.0 691.0 232.0
face 0.35 38.0 118.0 49.0 131.0
face 0.35 935.0 212.0 947.0 227.0
face 0.35 740.0 62.0 751.0 75.0
face 0.35 574.0 235.0 590.0 253.0
face 0.35 966.0 158.0 977.0 170.0
face 0.35 729.0 40.0 738.0 51.0
face 0.35 828.0 229.0 840.0 242.0
face 0.35 889.0 213.0 900.0 225.0
face 0.35 975.0 142.0 985.0 153.0
face 0.35 736.0 57.0 745.0 67.0
