face 1.00 588.0 151.0 626.0 207.0
face 1.00 301.0 169.0 343.0 226.0
face 1.00 412.0 143.0 451.0 194.0
face 1.00 154.0 163.0 185.0 213.0
face 1.00 917.0 226.0 932.0 245.0
face 0.99 499.0 205.0 522.0 237.0
face 0.99 70.0 197.0 96.0 229.0
face 0.94 656.0 203.0 672.0 225.0
face 0.87 261.0 200.0 277.0 222.0
face 0.73 526.0 210.0 548.0 238.0
face 0.72 758.0 210.0 771.0 229.0
face 0.53 622.0 195.0 637.0 215.0
face 0.50 530.0 244.0 544.0 261.0
face 0.50 445.0 281.0 465.0 304.0
face 0.44 165.0 17.0 190.0 50.0
face 0.40 685.0 213.0 701.0 231.0
face 0.40 256.0 134.0 267.0 148.0
face 0.40 604.0 580.0 621.0 601.0
face 0.40 438.0 157.0 450.0 172.0
face 0.38 783.0 247.0 795.0 261.0
face 0.37 871.0 29.0 880.0 40.0
face 0.37 240.0 180.0 252.0 194.0
face 0.37 172.0 220.0 189.0 240.0
face 0.36 433.0 169.0 452.0 193.0
face 0.36 863.0 15.0 873.0 26.0
face 0.36 388.0 120.0 403.0 140.0
face 0.36 422.0 69.0 432.0 81.0
face 0.36 628.0 5.0 644.0 23.0
face 0.36 502.0 19.0 514.0 34.0
face 0.36 508.0 197.0 522.0 217.0
face 0.35 519.0 221.0 531.0 235.0
face 0.35 518.0 212.0 530.0 227.0
face 0.35 398.0 124.0 410.0 138.0
face 0.35 614.0 190.0 625.0 203.0
face 0.35 423.0 110.0 433.0 121.0
face 0.35 935.0 14.0 951.0 30.0
face 0.35 763.0 238.0 778.0 256.0
face 0.35 534.0 36.0 545.0 49.0
face 0.35 439.0 111.0 449.0 123.0
face 0.35 436.0 117.0 449.0 132.0
face 0.35 559.0 44.0 569.0 56.0
face 0.35 469.0 60.0 479.0 72.0
face 0.35 936.0 30.0 947.0 43.0
face 0.35 359.0 45.0 370.0 58.0
face 0.35 925.0 20.0 938.0 35.0
