face 1.00 669.0 454.0 686.0 476.0
face 1.00 883.0 359.0 900.0 381.0
face 1.00 635.0 251.0 650.0 268.0
face 1.00 122.0 354.0 138.0 373.0
face 1.00 787.0 394.0 802.0 412.0
face 1.00 412.0 332.0 426.0 349.0
face 1.00 457.0 331.0 472.0 349.0
face 1.00 283.0 305.0 297.0 323.0
face 1.00 483.0 356.0 498.0 374.0
face 1.00 652.0 389.0 667.0 410.0
face 1.00 408.0 451.0 426.0 475.0
face 1.00 666.0 204.0 679.0 219.0
face 1.00 612.0 285.0 626.0 302.0
face 0.99 882.0 332.0 895.0 349.0
face 0.99 931.0 367.0 946.0 384.0
face 0.99 309.0 233.0 321.0 248.0
face 0.99 236.0 284.0 249.0 300.0
face 0.99 545.0 332.0 557.0 348.0
face 0.99 752.0 361.0 767.0 381.0
face 0.99 538.0 437.0 556.0 460.0
face 0.99 260.0 356.0 275.0 375.0
face 0.99 575.0 283.0 588.0 299.0
face 0.99 564.0 306.0 576.0 323.0
face 0.99 717.0 309.0 731.0 326.0
face 0.99 440.0 302.0 454.0 320.0
face 0.99 87.0 334.0 101.0 352.0
face 0.99 932.0 391.0 945.0 408.0
face 0.99 587.0 330.0 602.0 349.0
face 0.99 291.0 453.0 308.0 474.0
face 0.99 32.0 393.0 47.0 413.0
face 0.99 718.0 239.0 729.0 252.0
face 0.99 438.0 360.0 452.0 377.0
face 0.99 80.0 399.0 93.0 415.0
face 0.99 974.0 396.0 989.0 416.0
face 0.99 405.0 266.0 418.0 281.0
face 0.99 483.0 307.0 495.0 324.0
face 0.99 390.0 359.0 406.0 377.0
face 0.99 327.0 247.0 339.0 262.0
face 0.99 370.0 331.0 383.0 348.0
face 0.99 629.0 271.0 639.0 284.0
face 0.99 493.0 289.0 507.0 305.0
face 0.99 356.0 206.0 367.0 219.0
face 0.99 836.0 391.0 852.0 411.0
face 0.99 878.0 390.0 894.0 410.0
face 0.98 631.0 331.0 645.0 349.0
face 0.98 307.0 389.0 322.0 408.0
face 0.98 275.0 286.0 287.0 302.0
face 0.98 923.0 339.0 936.0 357.0
face 0.98 505.0 386.0 520.0 405.0
face 0.98 661.0 268.0 673.0 283.0
face 0.98 573.0 360.0 587.0 378.0
face 0.98 442.0 267.0 455.0 282.0
face 0.98 165.0 286.0 179.0 304.0
face 0.98 244.0 327.0 258.0 345.0
face 0.98 526.0 357.0 540.0 375.0
face 0.98 594.0 269.0 606.0 284.0
face 0.98 452.0 203.0 463.0 216.0
face 0.98 356.0 386.0 374.0 408.0
face 0.98 303.0 268.0 316.0 283.0
face 0.98 834.0 358.0 849.0 377.0
face 0.98 551.0 390.0 567.0 409.0
face 0.98 548.0 235.0 560.0 249.0
face 0.98 583.0 236.0 594.0 249.0
face 0.98 705.0 251.0 716.0 265.0
face 0.97 455.0 391.0 469.0 410.0
face 0.97 734.0 267.0 746.0 281.0
face 0.97 838.0 248.0 849.0 263.0
face 0.97 230.0 264.0 242.0 280.0
face 0.97 382.0 233.0 393.0 247.0
face 0.97 169.0 355.0 184.0 373.0
face 0.97 299.0 355.0 316.0 375.0
face 0.97 481.0 270.0 493.0 284.0
face 0.97 78.0 362.0 95.0 383.0
face 0.97 341.0 266.0 353.0 281.0
face 0.97 350.0 287.0 361.0 302.0
face 0.97 205.0 306.0 218.0 322.0
face 0.96 686.0 236.0 697.0 250.0
face 0.96 599.0 390.0 615.0 409.0
face 0.96 685.0 289.0 697.0 302.0
face 0.96 538.0 252.0 548.0 264.0
face 0.96 871.0 297.0 886.0 315.0
face 0.96 420.0 285.0 435.0 302.0
face 0.96 661.0 360.0 676.0 378.0
face 0.96 801.0 269.0 814.0 285.0
face 0.96 575.0 204.0 586.0 218.0
face 0.96 758.0 310.0 771.0 326.0
face 0.96 502.0 252.0 513.0 266.0
face 0.96 606.0 204.0 616.0 216.0
face 0.96 674.0 332.0 688.0 349.0
face 0.96 522.0 306.0 535.0 322.0
face 0.96 651.0 288.0 663.0 301.0
face 0.96 594.0 221.0 606.0 234.0
face 0.96 294.0 249.0 305.0 263.0
face 0.95 718.0 216.0 728.0 228.0
face 0.95 499.0 329.0 514.0 346.0
face 0.95 264.0 200.0 275.0 214.0
face 0.95 680.0 309.0 692.0 323.0
face 0.95 510.0 203.0 521.0 217.0
face 0.95 740.0 252.0 750.0 263.0
face 0.95 346.0 231.0 358.0 247.0
face 0.95 329.0 330.0 342.0 347.0
face 0.95 699.0 271.0 710.0 284.0
face 0.95 668.0 250.0 681.0 265.0
face 0.95 217.0 360.0 233.0 379.0
face 0.95 534.0 285.0 549.0 302.0
face 0.95 196.0 265.0 208.0 280.0
face 0.94 556.0 267.0 567.0 281.0
face 0.94 525.0 193.0 535.0 205.0
face 0.94 794.0 359.0 808.0 377.0
face 0.94 460.0 285.0 473.0 301.0
face 0.94 768.0 273.0 779.0 285.0
face 0.94 452.0 236.0 462.0 249.0
face 0.94 726.0 288.0 737.0 302.0
face 0.94 793.0 332.0 807.0 348.0
face 0.94 497.0 186.0 507.0 198.0
face 0.93 641.0 308.0 653.0 322.0
face 0.93 396.0 247.0 408.0 261.0
face 0.93 405.0 387.0 422.0 408.0
face 0.93 431.0 247.0 443.0 262.0
face 0.93 809.0 249.0 820.0 263.0
face 0.93 419.0 204.0 429.0 216.0
face 0.93 384.0 285.0 398.0 301.0
face 0.93 846.0 267.0 857.0 280.0
face 0.93 222.0 248.0 234.0 262.0
face 0.93 716.0 331.0 730.0 348.0
face 0.92 374.0 194.0 386.0 208.0
face 0.92 601.0 306.0 614.0 323.0
face 0.92 405.0 191.0 414.0 202.0
face 0.92 295.0 200.0 305.0 213.0
face 0.92 467.0 249.0 479.0 263.0
face 0.92 304.0 217.0 314.0 229.0
face 0.92 287.0 329.0 300.0 346.0
face 0.91 265.0 262.0 277.0 279.0
face 0.91 261.0 392.0 277.0 412.0
face 0.91 390.0 206.0 399.0 218.0
face 0.91 652.0 460.0 666.0 478.0
face 0.91 466.0 216.0 478.0 229.0
face 0.91 399.0 307.0 410.0 321.0
face 0.91 750.0 335.0 762.0 351.0
face 0.90 800.0 311.0 812.0 327.0
face 0.90 620.0 187.0 631.0 202.0
face 0.90 545.0 206.0 555.0 219.0
face 0.90 707.0 359.0 720.0 376.0
face 0.90 371.0 217.0 381.0 229.0
face 0.90 562.0 215.0 574.0 230.0
face 0.90 697.0 389.0 712.0 410.0
face 0.90 684.0 188.0 694.0 201.0
face 0.90 529.0 214.0 539.0 226.0
face 0.90 205.0 328.0 218.0 345.0
face 0.89 372.0 265.0 384.0 279.0
face 0.89 651.0 238.0 662.0 250.0
face 0.89 124.0 398.0 140.0 417.0
face 0.88 877.0 318.0 889.0 331.0
face 0.88 625.0 222.0 636.0 236.0
face 0.88 570.0 249.0 583.0 265.0
face 0.88 759.0 287.0 770.0 302.0
face 0.88 218.0 394.0 233.0 413.0
face 0.88 346.0 359.0 359.0 376.0
face 0.88 497.0 212.0 509.0 227.0
face 0.88 555.0 193.0 565.0 206.0
face 0.87 361.0 248.0 373.0 261.0
face 0.87 435.0 217.0 446.0 230.0
face 0.87 484.0 203.0 495.0 216.0
face 0.87 216.0 212.0 226.0 224.0
face 0.86 125.0 289.0 137.0 305.0
face 0.85 124.0 327.0 139.0 343.0
face 0.85 169.0 397.0 184.0 415.0
face 0.85 635.0 205.0 646.0 218.0
face 0.85 517.0 235.0 528.0 248.0
face 0.84 701.0 204.0 711.0 216.0
face 0.84 181.0 243.0 193.0 259.0
face 0.84 235.0 197.0 245.0 210.0
face 0.83 836.0 312.0 853.0 333.0
face 0.82 419.0 234.0 431.0 249.0
face 0.82 605.0 251.0 617.0 265.0
face 0.82 165.0 304.0 178.0 321.0
face 0.82 744.0 390.0 758.0 408.0
face 0.80 326.0 199.0 337.0 213.0
face 0.79 591.0 187.0 601.0 199.0
face 0.79 280.0 230.0 291.0 245.0
face 0.78 519.0 268.0 532.0 283.0
face 0.78 811.0 230.0 821.0 243.0
face 0.78 837.0 287.0 850.0 303.0
face 0.77 340.0 190.0 350.0 203.0
face 0.77 312.0 285.0 325.0 300.0
face 0.75 245.0 214.0 256.0 227.0
face 0.75 185.0 211.0 196.0 224.0
face 0.75 402.0 217.0 413.0 231.0
face 0.75 728.0 202.0 739.0 215.0
face 0.75 660.0 220.0 671.0 233.0
face 0.74 653.0 189.0 663.0 202.0
face 0.74 245.0 305.0 258.0 321.0
face 0.73 201.0 284.0 213.0 300.0
face 0.72 434.0 195.0 444.0 206.0
face 0.71 467.0 186.0 477.0 199.0
face 0.71 615.0 357.0 630.0 375.0
face 0.71 781.0 219.0 795.0 237.0
face 0.69 773.0 254.0 783.0 265.0
face 0.67 798.0 284.0 812.0 302.0
face 0.66 619.0 233.0 632.0 250.0
face 0.66 252.0 229.0 263.0 243.0
face 0.64 189.0 226.0 200.0 240.0
face 0.63 360.0 304.0 373.0 320.0
face 0.61 745.0 232.0 755.0 244.0
face 0.61 125.0 309.0 137.0 322.0
face 0.60 693.0 221.0 703.0 233.0
face 0.58 280.0 188.0 290.0 201.0
face 0.55 751.0 216.0 762.0 228.0
face 0.54 757.0 203.0 766.0 216.0
face 0.54 320.0 303.0 334.0 321.0
face 0.53 336.0 216.0 346.0 228.0
face 0.53 777.0 229.0 790.0 245.0
face 0.52 258.0 247.0 268.0 259.0
face 0.52 311.0 185.0 320.0 197.0
face 0.51 790.0 211.0 801.0 225.0
face 0.50 484.0 232.0 494.0 244.0
face 0.49 575.0 270.0 585.0 282.0
face 0.46 838.0 327.0 853.0 347.0
face 0.45 623.0 255.0 633.0 266.0
face 0.43 504.0 456.0 519.0 472.0
face 0.42 527.0 207.0 537.0 220.0
face 0.41 488.0 252.0 498.0 266.0
face 0.41 600.0 239.0 610.0 250.0
face 0.41 677.0 270.0 688.0 283.0
face 0.40 655.0 254.0 665.0 267.0
face 0.40 708.0 290.0 719.0 305.0
face 0.40 645.0 221.0 654.0 232.0
face 0.40 669.0 292.0 679.0 305.0
face 0.40 446.0 382.0 457.0 395.0
face 0.40 696.0 307.0 707.0 322.0
face 0.39 687.0 326.0 699.0 340.0
face 0.39 391.0 221.0 402.0 234.0
face 0.39 248.0 348.0 260.0 363.0
face 0.39 220.0 227.0 231.0 244.0
face 0.39 519.0 254.0 529.0 265.0
face 0.39 605.0 239.0 615.0 251.0
face 0.39 774.0 260.0 785.0 273.0
face 0.39 637.0 292.0 648.0 305.0
face 0.39 455.0 222.0 465.0 233.0
face 0.39 661.0 237.0 672.0 249.0
face 0.39 534.0 325.0 544.0 338.0
face 0.38 779.0 271.0 791.0 284.0
face 0.38 487.0 224.0 497.0 235.0
face 0.38 629.0 235.0 641.0 250.0
face 0.38 440.0 237.0 449.0 249.0
face 0.38 277.0 215.0 287.0 227.0
face 0.38 278.0 223.0 288.0 235.0
face 0.38 668.0 237.0 680.0 251.0
face 0.38 206.0 252.0 217.0 266.0
face 0.38 518.0 222.0 528.0 234.0
face 0.38 573.0 332.0 585.0 347.0
face 0.38 150.0 243.0 161.0 257.0
face 0.38 342.0 253.0 353.0 268.0
face 0.38 504.0 232.0 513.0 243.0
face 0.38 831.0 268.0 841.0 282.0
face 0.38 407.0 208.0 416.0 219.0
face 0.38 749.0 270.0 760.0 283.0
face 0.38 644.0 269.0 655.0 283.0
face 0.38 790.0 465.0 804.0 480.0
face 0.38 613.0 269.0 624.0 281.0
face 0.38 471.0 232.0 480.0 243.0
face 0.38 511.0 220.0 522.0 233.0
face 0.38 279.0 252.0 289.0 266.0
face 0.38 366.0 238.0 376.0 251.0
face 0.38 705.0 287.0 715.0 299.0
face 0.38 294.0 239.0 305.0 251.0
face 0.37 542.0 317.0 554.0 331.0
face 0.37 407.0 238.0 418.0 250.0
face 0.37 440.0 230.0 450.0 243.0
face 0.37 494.0 247.0 504.0 259.0
face 0.37 549.0 222.0 560.0 234.0
face 0.37 309.0 460.0 321.0 475.0
face 0.37 447.0 231.0 458.0 244.0
face 0.37 749.0 236.0 759.0 248.0
face 0.37 711.0 279.0 721.0 291.0
face 0.37 215.0 235.0 226.0 250.0
face 0.37 608.0 328.0 618.0 339.0
face 0.37 648.0 231.0 658.0 243.0
face 0.37 212.0 277.0 225.0 292.0
face 0.37 176.0 378.0 187.0 391.0
face 0.37 663.0 227.0 674.0 241.0
face 0.37 765.0 293.0 775.0 304.0
face 0.37 566.0 293.0 576.0 306.0
face 0.37 351.0 253.0 362.0 266.0
face 0.37 741.0 292.0 752.0 305.0
face 0.37 534.0 239.0 544.0 250.0
face 0.37 737.0 308.0 747.0 322.0
face 0.37 422.0 222.0 433.0 234.0
face 0.37 261.0 252.0 272.0 265.0
face 0.37 518.0 243.0 529.0 256.0
face 0.37 166.0 324.0 181.0 343.0
face 0.37 95.0 406.0 106.0 419.0
face 0.37 656.0 302.0 666.0 314.0
face 0.37 303.0 199.0 312.0 210.0
face 0.37 152.0 257.0 165.0 276.0
face 0.37 759.0 245.0 768.0 256.0
face 0.37 207.0 229.0 217.0 242.0
face 0.37 740.0 303.0 753.0 317.0
face 0.37 272.0 220.0 283.0 235.0
face 0.37 327.0 192.0 337.0 205.0
face 0.37 774.0 270.0 785.0 282.0
face 0.37 647.0 278.0 658.0 291.0
face 0.37 556.0 351.0 568.0 364.0
face 0.37 526.0 263.0 536.0 275.0
face 0.37 255.0 223.0 265.0 236.0
face 0.37 454.0 299.0 465.0 314.0
face 0.37 319.0 215.0 329.0 226.0
face 0.37 679.0 222.0 689.0 235.0
face 0.37 446.0 222.0 456.0 234.0
face 0.37 309.0 254.0 320.0 268.0
face 0.36 335.0 284.0 346.0 298.0
face 0.36 566.0 239.0 578.0 252.0
face 0.36 343.0 205.0 354.0 218.0
face 0.36 319.0 221.0 329.0 234.0
face 0.36 657.0 216.0 667.0 227.0
face 0.36 534.0 230.0 544.0 242.0
face 0.36 656.0 309.0 666.0 321.0
face 0.36 287.0 221.0 297.0 233.0
face 0.36 335.0 196.0 346.0 209.0
face 0.36 327.0 270.0 337.0 282.0
face 0.36 718.0 263.0 728.0 275.0
face 0.36 768.0 230.0 778.0 242.0
face 0.36 688.0 261.0 698.0 274.0
face 0.36 759.0 239.0 768.0 250.0
face 0.36 863.0 323.0 876.0 340.0
face 0.36 694.0 261.0 705.0 275.0
face 0.36 287.0 214.0 297.0 226.0
face 0.36 173.0 230.0 184.0 243.0
face 0.36 751.0 264.0 761.0 276.0
face 0.36 551.0 254.0 561.0 266.0
face 0.36 726.0 253.0 737.0 266.0
face 0.36 470.0 238.0 480.0 250.0
face 0.36 559.0 207.0 570.0 220.0
face 0.36 687.0 216.0 698.0 228.0
face 0.36 791.0 262.0 802.0 275.0
face 0.36 335.0 207.0 346.0 220.0
face 0.36 390.0 269.0 402.0 283.0
face 0.36 358.0 277.0 370.0 292.0
face 0.36 310.0 215.0 320.0 227.0
face 0.36 374.0 254.0 385.0 267.0
face 0.36 318.0 270.0 328.0 282.0
face 0.36 719.0 278.0 729.0 290.0
face 0.36 767.0 237.0 777.0 249.0
face 0.36 568.0 279.0 577.0 290.0
face 0.36 750.0 276.0 762.0 290.0
face 0.36 740.0 315.0 753.0 330.0
face 0.36 716.0 270.0 727.0 282.0
face 0.36 304.0 208.0 313.0 219.0
face 0.36 838.0 280.0 848.0 293.0
face 0.36 383.0 254.0 393.0 266.0
face 0.36 758.0 262.0 768.0 273.0
face 0.36 582.0 223.0 593.0 235.0
face 0.36 481.0 223.0 490.0 234.0
face 0.36 528.0 327.0 539.0 339.0
face 0.36 502.0 220.0 513.0 233.0
face 0.36 543.0 277.0 553.0 291.0
face 0.36 326.0 710.0 337.0 722.0
face 0.36 213.0 270.0 225.0 283.0
face 0.36 543.0 270.0 553.0 282.0
face 0.36 495.0 239.0 505.0 250.0
face 0.36 625.0 384.0 635.0 395.0
face 0.36 461.0 268.0 474.0 283.0
face 0.36 622.0 310.0 632.0 321.0
face 0.36 702.0 222.0 712.0 234.0
face 0.36 109.0 341.0 121.0 354.0
face 0.36 377.0 288.0 386.0 300.0
face 0.36 661.0 303.0 671.0 315.0
face 0.36 359.0 238.0 370.0 251.0
face 0.36 589.0 253.0 600.0 265.0
face 0.36 413.0 252.0 425.0 267.0
face 0.36 640.0 212.0 650.0 226.0
face 0.36 617.0 184.0 627.0 196.0
face 0.36 688.0 255.0 698.0 266.0
face 0.36 431.0 240.0 442.0 253.0
face 0.36 383.0 279.0 394.0 293.0
face 0.36 736.0 295.0 745.0 306.0
face 0.36 502.0 278.0 513.0 292.0
face 0.36 472.0 269.0 483.0 282.0
face 0.36 557.0 253.0 568.0 267.0
face 0.36 174.0 236.0 189.0 256.0
face 0.36 639.0 230.0 649.0 242.0
face 0.36 743.0 205.0 753.0 219.0
face 0.36 582.0 263.0 593.0 275.0
face 0.36 607.0 221.0 617.0 233.0
face 0.36 455.0 464.0 466.0 476.0
face 0.36 327.0 212.0 338.0 224.0
face 0.36 632.0 287.0 643.0 300.0
face 0.36 222.0 284.0 234.0 300.0
face 0.36 358.0 270.0 369.0 282.0
face 0.36 246.0 270.0 257.0 283.0
face 0.36 598.0 356.0 607.0 367.0
face 0.36 59.0 404.0 73.0 420.0
face 0.36 269.0 199.0 279.0 210.0
face 0.35 528.0 248.0 537.0 259.0
face 0.35 541.0 189.0 556.0 204.0
face 0.35 744.0 224.0 754.0 237.0
face 0.35 437.0 246.0 448.0 259.0
face 0.35 509.0 286.0 521.0 301.0
face 0.35 263.0 222.0 274.0 236.0
face 0.35 285.0 183.0 294.0 195.0
face 0.35 512.0 262.0 521.0 273.0
face 0.35 647.0 207.0 657.0 218.0
face 0.35 703.0 231.0 713.0 243.0
face 0.35 377.0 708.0 393.0 725.0
face 0.35 702.0 238.0 713.0 252.0
face 0.35 487.0 212.0 498.0 225.0
face 0.35 591.0 195.0 601.0 208.0
face 0.35 311.0 207.0 321.0 218.0
face 0.35 774.0 292.0 784.0 304.0
face 0.35 375.0 246.0 385.0 259.0
face 0.35 600.0 245.0 610.0 258.0
face 0.35 294.0 228.0 306.0 243.0
face 0.35 761.0 388.0 771.0 401.0
face 0.35 182.0 270.0 193.0 283.0
face 0.35 495.0 277.0 506.0 292.0
face 0.35 768.0 485.0 779.0 499.0
face 0.35 278.0 207.0 288.0 219.0
face 0.35 647.0 334.0 657.0 346.0
face 0.35 407.0 246.0 417.0 259.0
face 0.35 662.0 318.0 674.0 331.0
face 0.35 701.0 304.0 712.0 316.0
face 0.35 719.0 374.0 729.0 386.0
face 0.35 615.0 318.0 626.0 331.0
face 0.35 408.0 254.0 418.0 266.0
face 0.35 335.0 237.0 345.0 250.0
face 0.35 325.0 220.0 339.0 235.0
face 0.35 423.0 191.0 435.0 204.0
face 0.35 391.0 304.0 401.0 317.0
face 0.35 447.0 326.0 459.0 339.0
face 0.35 543.0 310.0 553.0 322.0
face 0.35 728.0 261.0 737.0 273.0
face 0.35 383.0 310.0 393.0 322.0
face 0.35 326.0 276.0 338.0 292.0
face 0.35 465.0 358.0 475.0 369.0
face 0.35 768.0 333.0 778.0 345.0
face 0.35 678.0 277.0 689.0 289.0
face 0.35 711.0 229.0 721.0 241.0
face 0.35 398.0 230.0 409.0 242.0
face 0.35 718.0 366.0 729.0 379.0
face 0.35 255.0 214.0 265.0 225.0
face 0.35 511.0 231.0 521.0 243.0
face 0.35 791.0 277.0 801.0 290.0
face 0.35 510.0 191.0 521.0 204.0
face 0.35 552.0 356.0 562.0 368.0
face 0.35 253.0 270.0 264.0 282.0
face 0.35 592.0 358.0 603.0 369.0
face 0.35 639.0 278.0 649.0 290.0
face 0.35 670.0 231.0 681.0 243.0
face 0.35 550.0 284.0 561.0 298.0
face 0.35 456.0 277.0 466.0 291.0
face 0.35 326.0 286.0 336.0 298.0
face 0.35 397.0 286.0 409.0 300.0
face 0.35 597.0 284.0 609.0 298.0
face 0.35 390.0 191.0 401.0 204.0
face 0.35 477.0 293.0 489.0 308.0
face 0.35 469.0 356.0 481.0 369.0
face 0.35 661.0 310.0 671.0 322.0
face 0.35 782.0 264.0 792.0 275.0
