face 1.00 183.0 98.0 248.0 195.0
face 1.00 881.0 77.0 943.0 153.0
face 0.99 754.0 97.0 786.0 138.0
face 0.98 446.0 130.0 496.0 199.0
face 0.93 641.0 129.0 701.0 210.0
face 0.87 386.0 132.0 404.0 156.0
face 0.67 635.0 399.0 743.0 552.0
face 0.52 366.0 151.0 411.0 200.0
face 0.41 268.0 172.0 285.0 193.0
face 0.40 765.0 174.0 813.0 240.0
face 0.38 765.0 132.0 779.0 150.0
face 0.38 760.0 142.0 772.0 156.0
face 0.36 827.0 95.0 880.0 163.0
face 0.36 711.0 467.0 737.0 500.0
face 0.35 406.0 118.0 418.0 131.0
