face 1.00 318.0 113.0 363.0 167.0
face 1.00 59.0 135.0 90.0 174.0
face 0.99 513.0 132.0 547.0 174.0
face 0.96 935.0 227.0 954.0 249.0
face 0.91 564.0 137.0 582.0 159.0
face 0.87 814.0 124.0 830.0 144.0
face 0.85 631.0 165.0 647.0 184.0
face 0.76 691.0 203.0 705.0 222.0
face 0.73 705.0 111.0 728.0 140.0
face 0.71 972.0 145.0 993.0 169.0
face 0.70 972.0 217.0 988.0 234.0
face 0.54 949.0 153.0 967.0 174.0
face 0.52 758.0 200.0 770.0 215.0
face 0.49 647.0 122.0 669.0 145.0
face 0.49 193.0 312.0 217.0 341.0
face 0.48 600.0 261.0 648.0 319.0
face 0.48 452.0 172.0 464.0 186.0
face 0.47 749.0 126.0 762.0 144.0
face 0.47 832.0 119.0 845.0 135.0
face 0.45 88.0 190.0 100.0 204.0
face 0.44 846.0 118.0 870.0 142.0
face 0.43 214.0 240.0 229.0 260.0
face 0.43 221.0 186.0 234.0 202.0
face 0.43 21.0 179.0 35.0 197.0
face 0.42 199.0 234.0 216.0 255.0
face 0.41 173.0 404.0 187.0 421.0
face 0.40 197.0 98.0 220.0 129.0
face 0.40 734.0 131.0 746.0 145.0
face 0.40 173.0 184.0 189.0 204.0
face 0.39 967.0 298.0 981.0 315.0
face 0.39 655.0 169.0 678.0 196.0
face 0.39 822.0 110.0 833.0 123.0
face 0.38 916.0 149.0 940.0 179.0
face 0.38 739.0 152.0 755.0 171.0
face 0.37 229.0 394.0 242.0 412.0
face 0.37 678.0 127.0 690.0 141.0
face 0.37 806.0 188.0 819.0 203.0
face 0.37 800.0 188.0 811.0 201.0
face 0.37 806.0 116.0 817.0 131.0
face 0.37 742.0 124.0 756.0 142.0
face 0.37 942.0 153.0 956.0 172.0
face 0.36 444.0 464.0 533.0 555.0
face 0.36 0.0 189.0 11.0 206.0
face 0.36 251.0 155.0 268.0 175.0
face 0.36 888.0 467.0 929.0 512.0
face 0.36 671.0 125.0 685.0 140.0
face 0.36 967.0 216.0 978.0 229.0
face 0.36 670.0 108.0 682.0 121.0
face 0.35 1005.0 157.0 1017.0 171.0
face 0.35 391.0 130.0 404.0 147.0
face 0.35 742.0 117.0 753.0 132.0
face 0.35 787.0 168.0 803.0 193.0
face 0.35 230.0 283.0 245.0 301.0
face 0.35 936.0 156.0 947.0 169.0
face 0.35 663.0 133.0 673.0 145.0
face 0.35 764.0 130.0 779.0 147.0
face 0.35 478.0 92.0 492.0 109.0
face 0.35 836.0 77.0 850.0 93.0
face 0.35 830.0 246.0 841.0 259.0
face 0.35 110.0 180.0 124.0 196.0
face 0.35 999.0 157.0 1010.0 170.0
