face 0.83 588.0 597.0 613.0 633.0
face 0.66 848.0 -5.0 933.0 136.0
face 0.61 673.0 3.0 794.0 124.0
face 0.50 47.0 241.0 61.0 259.0
face 0.49 389.0 523.0 402.0 540.0
face 0.46 537.0 382.0 586.0 442.0
face 0.41 24.0 84.0 36.0 100.0
face 0.39 59.0 43.0 116.0 112.0
face 0.38 646.0 330.0 834.0 510.0
face 0.38 94.0 53.0 109.0 70.0
face 0.38 448.0 118.0 475.0 148.0
face 0.37 313.0 230.0 324.0 244.0
face 0.36 625.0 4.0 670.0 60.0
face 0.36 459.0 605.0 473.0 621.0
face 0.36 275.0 314.0 305.0 347.0
face 0.35 466.0 315.0 483.0 336.0
face 0.35 298.0 51.0 314.0 71.0
face 0.35 309.0 83.0 324.0 101.0
face 0.35 227.0 121.0 243.0 140.0
