face 1.00 577.0 185.0 605.0 220.0
face 0.96 216.0 165.0 246.0 205.0
face 0.91 299.0 345.0 313.0 363.0
face 0.89 429.0 214.0 453.0 239.0
face 0.85 746.0 217.0 770.0 243.0
face 0.79 956.0 182.0 982.0 213.0
face 0.78 10.0 230.0 27.0 253.0
face 0.76 156.0 180.0 182.0 215.0
face 0.72 340.0 241.0 355.0 260.0
face 0.71 667.0 222.0 681.0 238.0
face 0.63 284.0 262.0 301.0 282.0
face 0.62 833.0 221.0 851.0 244.0
face 0.56 62.0 227.0 87.0 254.0
face 0.52 923.0 243.0 937.0 259.0
face 0.51 1009.0 310.0 1025.0 340.0
face 0.49 94.0 173.0 111.0 193.0
face 0.47 159.0 171.0 174.0 189.0
face 0.46 397.0 -1.0 409.0 11.0
face 0.45 926.0 146.0 956.0 179.0
face 0.44 170.0 188.0 192.0 216.0
face 0.42 613.0 106.0 629.0 124.0
face 0.41 247.0 180.0 263.0 201.0
face 0.41 1008.0 376.0 1022.0 398.0
face 0.41 40.0 191.0 51.0 206.0
face 0.41 948.0 140.0 964.0 159.0
face 0.41 811.0 279.0 828.0 300.0
face 0.40 466.0 184.0 495.0 216.0
face 0.40 99.0 176.0 136.0 224.0
face 0.39 -1.0 234.0 11.0 254.0
face 0.39 469.0 470.0 481.0 485.0
face 0.39 854.0 219.0 868.0 234.0
face 0.38 950.0 230.0 961.0 242.0
face 0.38 476.0 210.0 490.0 227.0
face 0.38 941.0 239.0 960.0 262.0
face 0.37 359.0 334.0 370.0 347.0
face 0.37 675.0 172.0 691.0 190.0
face 0.37 525.0 292.0 537.0 306.0
face 0.37 986.0 190.0 999.0 205.0
face 0.37 21.0 261.0 37.0 280.0
face 0.37 614.0 34.0 627.0 50.0
face 0.36 484.0 211.0 498.0 227.0
face 0.36 632.0 92.0 644.0 109.0
face 0.36 773.0 262.0 784.0 274.0
face 0.36 785.0 33.0 810.0 71.0
face 0.36 598.0 568.0 609.0 580.0
face 0.36 4.0 260.0 16.0 272.0
face 0.36 1011.0 218.0 1024.0 239.0
face 0.36 791.0 263.0 801.0 276.0
face 0.36 167.0 191.0 178.0 206.0
face 0.36 149.0 192.0 167.0 212.0
face 0.36 695.0 71.0 706.0 84.0
face 0.36 621.0 417.0 635.0 438.0
face 0.36 640.0 261.0 651.0 274.0
face 0.36 621.0 36.0 632.0 48.0
face 0.36 702.0 70.0 712.0 82.0
face 0.35 893.0 336.0 904.0 348.0
face 0.35 365.0 0.0 377.0 13.0
face 0.35 106.0 172.0 121.0 189.0
face 0.35 695.0 215.0 705.0 228.0
face 0.35 461.0 217.0 477.0 236.0
face 0.35 781.0 246.0 794.0 261.0
face 0.35 1.0 253.0 11.0 268.0
face 0.35 645.0 300.0 661.0 319.0
face 0.35 55.0 211.0 66.0 225.0
