face 1.00 760.0 426.0 790.0 463.0
face 1.00 663.0 483.0 692.0 530.0
face 0.99 947.0 461.0 991.0 530.0
face 0.97 659.0 399.0 678.0 422.0
face 0.92 292.0 394.0 305.0 411.0
face 0.79 1004.0 422.0 1023.0 450.0
face 0.77 630.0 380.0 643.0 397.0
face 0.66 490.0 488.0 515.0 524.0
face 0.63 344.0 461.0 356.0 478.0
face 0.56 495.0 382.0 506.0 394.0
face 0.54 793.0 387.0 804.0 402.0
face 0.52 311.0 391.0 321.0 403.0
face 0.46 911.0 514.0 934.0 546.0
face 0.45 520.0 416.0 532.0 433.0
face 0.44 556.0 390.0 570.0 407.0
face 0.44 903.0 408.0 918.0 428.0
face 0.43 963.0 397.0 978.0 417.0
face 0.42 747.0 418.0 763.0 438.0
face 0.42 182.0 437.0 194.0 451.0
face 0.41 724.0 395.0 739.0 413.0
face 0.41 313.0 445.0 326.0 462.0
face 0.41 717.0 398.0 732.0 418.0
face 0.40 540.0 373.0 551.0 385.0
face 0.38 567.0 374.0 579.0 388.0
face 0.38 431.0 403.0 444.0 418.0
face 0.38 335.0 390.0 347.0 405.0
face 0.38 992.0 354.0 1006.0 370.0
face 0.37 472.0 380.0 483.0 393.0
face 0.37 392.0 366.0 403.0 379.0
face 0.37 366.0 381.0 377.0 394.0
face 0.37 6.0 390.0 18.0 404.0
face 0.37 359.0 375.0 368.0 386.0
face 0.36 236.0 421.0 249.0 437.0
face 0.36 376.0 373.0 386.0 385.0
face 0.36 432.0 646.0 445.0 664.0
face 0.36 300.0 412.0 314.0 428.0
face 0.36 824.0 347.0 836.0 363.0
face 0.36 164.0 428.0 178.0 446.0
face 0.36 110.0 407.0 120.0 418.0
face 0.36 727.0 240.0 770.0 289.0
face 0.36 303.0 398.0 314.0 411.0
face 0.36 232.0 406.0 244.0 421.0
face 0.36 763.0 395.0 779.0 414.0
face 0.36 253.0 383.0 263.0 395.0
face 0.36 512.0 382.0 522.0 393.0
face 0.36 352.0 374.0 362.0 386.0
face 0.36 327.0 382.0 337.0 394.0
face 0.36 189.0 421.0 202.0 436.0
face 0.36 519.0 389.0 530.0 403.0
face 0.36 476.0 373.0 489.0 388.0
face 0.35 404.0 382.0 418.0 397.0
face 0.35 102.0 398.0 112.0 409.0
face 0.35 519.0 382.0 530.0 395.0
face 0.35 335.0 384.0 346.0 396.0
face 0.35 26.0 474.0 41.0 495.0
face 0.35 513.0 374.0 524.0 388.0
face 0.35 366.0 386.0 381.0 403.0
face 0.35 399.0 382.0 410.0 395.0
face 0.35 485.0 394.0 500.0 414.0
face 0.35 400.0 389.0 411.0 402.0
face 0.35 254.0 388.0 265.0 401.0
face 0.35 406.0 374.0 417.0 386.0
face 0.35 423.0 388.0 434.0 401.0
face 0.35 371.0 379.0 385.0 396.0
face 0.35 894.0 395.0 906.0 409.0
face 0.35 353.0 391.0 363.0 402.0
face 0.35 112.0 380.0 122.0 393.0
face 0.35 496.0 376.0 505.0 388.0
face 0.35 701.0 369.0 713.0 385.0
