face 0.96 912.0 185.0 936.0 212.0
face 0.93 671.0 193.0 693.0 219.0
face 0.91 942.0 189.0 956.0 205.0
face 0.88 559.0 181.0 571.0 195.0
face 0.86 373.0 186.0 398.0 217.0
face 0.84 758.0 197.0 782.0 224.0
face 0.84 837.0 186.0 865.0 221.0
face 0.80 617.0 190.0 651.0 228.0
face 0.74 231.0 174.0 250.0 197.0
face 0.70 471.0 183.0 484.0 201.0
face 0.70 44.0 180.0 104.0 249.0
face 0.69 263.0 172.0 283.0 193.0
face 0.68 870.0 196.0 886.0 215.0
face 0.65 428.0 187.0 453.0 218.0
face 0.62 557.0 215.0 570.0 231.0
face 0.61 511.0 200.0 533.0 225.0
face 0.59 758.0 343.0 774.0 363.0
face 0.55 4.0 202.0 23.0 226.0
face 0.54 1011.0 187.0 1024.0 204.0
face 0.54 -1.0 268.0 10.0 284.0
face 0.54 573.0 159.0 586.0 174.0
face 0.52 23.0 167.0 33.0 179.0
face 0.51 229.0 380.0 259.0 418.0
face 0.48 533.0 508.0 546.0 524.0
face 0.48 959.0 315.0 975.0 336.0
face 0.48 160.0 552.0 182.0 577.0
face 0.46 349.0 229.0 374.0 262.0
face 0.46 537.0 434.0 550.0 449.0
face 0.46 862.0 243.0 878.0 261.0
face 0.45 234.0 354.0 251.0 374.0
face 0.45 665.0 196.0 678.0 212.0
face 0.45 316.0 372.0 345.0 406.0
face 0.45 330.0 181.0 352.0 208.0
face 0.44 458.0 298.0 474.0 317.0
face 0.44 996.0 197.0 1007.0 210.0
face 0.44 902.0 328.0 912.0 341.0
face 0.44 574.0 245.0 584.0 258.0
face 0.42 492.0 392.0 509.0 413.0
face 0.42 966.0 230.0 978.0 245.0
face 0.42 782.0 206.0 793.0 220.0
face 0.42 947.0 236.0 962.0 256.0
face 0.42 873.0 233.0 890.0 252.0
face 0.42 931.0 339.0 947.0 357.0
face 0.42 189.0 254.0 215.0 285.0
face 0.41 815.0 365.0 830.0 382.0
face 0.41 832.0 334.0 842.0 346.0
face 0.41 601.0 187.0 619.0 206.0
face 0.41 733.0 195.0 749.0 214.0
face 0.41 864.0 362.0 892.0 394.0
face 0.40 568.0 407.0 579.0 420.0
face 0.40 347.0 436.0 382.0 473.0
face 0.40 165.0 201.0 178.0 217.0
face 0.40 972.0 194.0 990.0 213.0
face 0.40 948.0 192.0 961.0 209.0
face 0.40 131.0 482.0 150.0 506.0
face 0.40 469.0 103.0 483.0 120.0
face 0.39 821.0 193.0 836.0 210.0
face 0.39 143.0 213.0 155.0 228.0
face 0.39 947.0 220.0 962.0 237.0
face 0.39 494.0 598.0 505.0 612.0
face 0.39 475.0 213.0 488.0 229.0
face 0.39 42.0 355.0 96.0 416.0
face 0.38 710.0 373.0 753.0 438.0
face 0.38 210.0 433.0 224.0 450.0
face 0.38 1003.0 222.0 1018.0 241.0
face 0.38 350.0 270.0 363.0 286.0
face 0.38 806.0 276.0 821.0 296.0
face 0.38 23.0 207.0 33.0 220.0
face 0.37 642.0 442.0 658.0 461.0
face 0.37 391.0 492.0 417.0 527.0
face 0.37 286.0 190.0 298.0 205.0
face 0.37 415.0 255.0 426.0 270.0
face 0.37 661.0 167.0 677.0 186.0
face 0.37 518.0 273.0 531.0 289.0
face 0.37 270.0 197.0 285.0 213.0
face 0.37 172.0 182.0 183.0 197.0
face 0.37 150.0 544.0 162.0 558.0
face 0.37 293.0 191.0 305.0 205.0
face 0.37 555.0 259.0 568.0 277.0
face 0.37 278.0 181.0 288.0 194.0
face 0.37 286.0 375.0 301.0 397.0
face 0.37 140.0 546.0 154.0 563.0
face 0.37 280.0 189.0 291.0 203.0
face 0.37 582.0 157.0 592.0 171.0
face 0.36 487.0 205.0 499.0 219.0
face 0.36 101.0 595.0 126.0 629.0
face 0.36 814.0 333.0 823.0 344.0
face 0.36 303.0 190.0 315.0 205.0
face 0.36 788.0 196.0 802.0 212.0
face 0.36 550.0 268.0 561.0 282.0
face 0.36 782.0 348.0 795.0 363.0
face 0.36 606.0 196.0 617.0 210.0
face 0.36 580.0 214.0 591.0 226.0
face 0.36 278.0 174.0 289.0 187.0
face 0.36 568.0 174.0 578.0 186.0
face 0.36 893.0 219.0 907.0 236.0
face 0.36 395.0 183.0 411.0 202.0
face 0.36 888.0 221.0 898.0 235.0
face 0.36 570.0 158.0 580.0 170.0
face 0.36 969.0 198.0 980.0 211.0
face 0.36 646.0 237.0 657.0 251.0
face 0.36 526.0 228.0 536.0 243.0
face 0.36 31.0 206.0 41.0 218.0
face 0.36 198.0 374.0 208.0 388.0
face 0.36 550.0 164.0 562.0 178.0
face 0.36 613.0 251.0 626.0 268.0
face 0.36 683.0 418.0 698.0 437.0
face 0.36 162.0 199.0 172.0 211.0
face 0.36 126.0 93.0 139.0 108.0
face 0.36 485.0 178.0 498.0 194.0
face 0.36 366.0 350.0 376.0 362.0
face 0.36 558.0 208.0 569.0 220.0
face 0.36 582.0 365.0 599.0 385.0
face 0.36 476.0 460.0 489.0 476.0
face 0.36 959.0 211.0 971.0 227.0
face 0.36 38.0 206.0 47.0 218.0
face 0.36 575.0 182.0 585.0 194.0
face 0.36 252.0 211.0 264.0 227.0
face 0.36 566.0 198.0 577.0 211.0
face 0.36 558.0 166.0 568.0 177.0
face 0.36 442.0 259.0 480.0 315.0
face 0.36 677.0 501.0 690.0 515.0
face 0.36 574.0 174.0 585.0 187.0
face 0.36 277.0 163.0 292.0 181.0
face 0.36 334.0 435.0 347.0 452.0
face 0.36 523.0 269.0 540.0 288.0
face 0.36 641.0 159.0 652.0 170.0
face 0.36 567.0 300.0 579.0 315.0
face 0.36 863.0 204.0 874.0 217.0
face 0.36 583.0 414.0 594.0 426.0
face 0.36 140.0 149.0 156.0 167.0
face 0.36 550.0 197.0 561.0 210.0
face 0.36 133.0 541.0 148.0 560.0
face 0.36 262.0 165.0 274.0 178.0
face 0.35 445.0 231.0 456.0 244.0
face 0.35 310.0 192.0 325.0 213.0
face 0.35 568.0 165.0 578.0 177.0
face 0.35 543.0 197.0 554.0 211.0
face 0.35 28.0 181.0 40.0 196.0
face 0.35 624.0 214.0 635.0 228.0
face 0.35 489.0 228.0 504.0 245.0
face 0.35 544.0 222.0 555.0 234.0
face 0.35 543.0 238.0 554.0 250.0
face 0.35 656.0 426.0 667.0 439.0
face 0.35 590.0 151.0 601.0 165.0
face 0.35 703.0 206.0 715.0 221.0
face 0.35 419.0 204.0 434.0 221.0
face 0.35 668.0 269.0 685.0 287.0
face 0.35 834.0 243.0 851.0 263.0
face 0.35 712.0 191.0 722.0 202.0
face 0.35 625.0 164.0 635.0 176.0
face 0.35 486.0 211.0 499.0 227.0
face 0.35 807.0 199.0 816.0 211.0
face 0.35 967.0 191.0 978.0 203.0
face 0.35 133.0 149.0 145.0 163.0
face 0.35 814.0 403.0 826.0 418.0
face 0.35 526.0 211.0 538.0 226.0
face 0.35 29.0 197.0 43.0 213.0
face 0.35 334.0 451.0 346.0 467.0
face 0.35 277.0 203.0 288.0 216.0
face 0.35 326.0 437.0 337.0 451.0
face 0.35 773.0 325.0 787.0 340.0
face 0.35 964.0 178.0 976.0 192.0
face 0.35 567.0 206.0 577.0 218.0
face 0.35 191.0 167.0 202.0 179.0
face 0.35 714.0 357.0 727.0 372.0
face 0.35 583.0 397.0 594.0 411.0
face 0.35 847.0 318.0 857.0 330.0
face 0.35 557.0 157.0 569.0 171.0
face 0.35 470.0 166.0 480.0 178.0
face 0.35 479.0 208.0 490.0 221.0
face 0.35 663.0 246.0 673.0 257.0
face 0.35 631.0 453.0 641.0 466.0
face 0.35 671.0 253.0 683.0 268.0
face 0.35 549.0 300.0 563.0 319.0
face 0.35 462.0 194.0 475.0 210.0
face 0.35 799.0 342.0 809.0 355.0
face 0.35 631.0 255.0 643.0 269.0
face 0.35 479.0 165.0 492.0 179.0
face 0.35 832.0 340.0 841.0 352.0
