face 0.96 859.0 514.0 873.0 532.0
face 0.96 518.0 501.0 531.0 517.0
face 0.92 366.0 496.0 379.0 510.0
face 0.90 796.0 512.0 820.0 544.0
face 0.90 318.0 487.0 330.0 501.0
face 0.74 492.0 504.0 505.0 520.0
face 0.69 759.0 499.0 769.0 511.0
face 0.61 249.0 491.0 261.0 505.0
face 0.56 671.0 505.0 683.0 520.0
face 0.56 454.0 495.0 465.0 508.0
face 0.56 103.0 446.0 113.0 458.0
face 0.52 647.0 557.0 658.0 572.0
face 0.51 277.0 492.0 291.0 509.0
face 0.50 209.0 483.0 221.0 496.0
face 0.50 342.0 483.0 356.0 501.0
face 0.49 730.0 502.0 747.0 521.0
face 0.48 474.0 527.0 504.0 566.0
face 0.47 640.0 493.0 652.0 508.0
face 0.41 841.0 602.0 854.0 619.0
face 0.40 478.0 500.0 491.0 516.0
face 0.39 615.0 472.0 636.0 499.0
face 0.39 375.0 443.0 387.0 461.0
face 0.38 341.0 500.0 352.0 512.0
face 0.37 538.0 494.0 550.0 509.0
face 0.37 350.0 487.0 360.0 499.0
face 0.37 504.0 501.0 515.0 514.0
face 0.36 382.0 492.0 395.0 507.0
face 0.36 678.0 502.0 688.0 515.0
face 0.36 424.0 479.0 434.0 490.0
face 0.36 469.0 501.0 482.0 517.0
face 0.36 423.0 496.0 432.0 507.0
face 0.36 627.0 517.0 641.0 534.0
face 0.36 677.0 533.0 690.0 550.0
face 0.36 776.0 519.0 787.0 531.0
face 0.36 272.0 493.0 284.0 506.0
face 0.36 111.0 486.0 120.0 496.0
face 0.36 814.0 493.0 825.0 508.0
face 0.36 261.0 492.0 274.0 507.0
face 0.36 550.0 486.0 563.0 501.0
face 0.36 688.0 496.0 699.0 507.0
face 0.36 143.0 490.0 154.0 503.0
face 0.36 194.0 345.0 210.0 363.0
face 0.36 336.0 485.0 346.0 498.0
face 0.36 464.0 502.0 475.0 515.0
face 0.36 335.0 494.0 346.0 507.0
face 0.36 327.0 493.0 337.0 505.0
face 0.36 568.0 503.0 578.0 515.0
face 0.35 358.0 486.0 370.0 500.0
face 0.35 990.0 525.0 1004.0 543.0
face 0.35 920.0 484.0 931.0 497.0
face 0.35 511.0 494.0 521.0 507.0
face 0.35 184.0 485.0 196.0 498.0
face 0.35 430.0 477.0 439.0 489.0
face 0.35 504.0 495.0 514.0 507.0
face 0.35 336.0 478.0 346.0 490.0
face 0.35 750.0 545.0 766.0 565.0
face 0.35 167.0 489.0 178.0 501.0
face 0.35 231.0 479.0 241.0 489.0
face 0.35 696.0 485.0 706.0 498.0
face 0.35 373.0 478.0 386.0 492.0
face 0.35 495.0 486.0 506.0 497.0
face 0.35 575.0 518.0 585.0 530.0
face 0.35 304.0 480.0 314.0 491.0
face 0.35 694.0 493.0 703.0 505.0
face 0.35 880.0 225.0 893.0 242.0
face 0.35 486.0 487.0 497.0 498.0
face 0.35 654.0 502.0 664.0 514.0
face 0.35 223.0 494.0 236.0 510.0
face 0.35 572.0 509.0 584.0 523.0
face 0.35 375.0 485.0 385.0 498.0
face 0.35 632.0 494.0 642.0 506.0
face 0.35 424.0 486.0 433.0 497.0
