face 1.00 70.0 146.0 93.0 176.0
face 1.00 704.0 1.0 725.0 24.0
face 1.00 785.0 544.0 808.0 572.0
face 1.00 28.0 16.0 49.0 43.0
face 1.00 953.0 544.0 976.0 576.0
face 1.00 412.0 583.0 437.0 614.0
face 0.99 894.0 417.0 919.0 447.0
face 0.99 349.0 422.0 372.0 448.0
face 0.99 772.0 130.0 796.0 160.0
face 0.98 546.0 7.0 566.0 29.0
face 0.97 610.0 130.0 633.0 156.0
face 0.97 1003.0 277.0 1023.0 302.0
face 0.97 834.0 275.0 859.0 307.0
face 0.97 536.0 435.0 566.0 475.0
face 0.96 162.0 420.0 188.0 456.0
face 0.91 192.0 29.0 213.0 53.0
face 0.91 362.0 27.0 384.0 58.0
face 0.90 721.0 419.0 745.0 447.0
face 0.89 117.0 272.0 135.0 292.0
face 0.86 570.0 593.0 593.0 629.0
face 0.84 36.0 611.0 65.0 647.0
face 0.80 235.0 133.0 262.0 164.0
face 0.72 903.0 37.0 924.0 69.0
face 0.62 944.0 126.0 966.0 151.0
face 0.62 30.0 261.0 44.0 279.0
face 0.61 886.0 84.0 900.0 100.0
face 0.57 369.0 88.0 404.0 138.0
face 0.56 58.0 29.0 87.0 63.0
face 0.54 307.0 321.0 338.0 359.0
face 0.53 354.0 404.0 368.0 419.0
face 0.53 289.0 280.0 313.0 310.0
face 0.51 505.0 465.0 538.0 507.0
face 0.51 665.0 280.0 690.0 310.0
face 0.49 873.0 5.0 900.0 35.0
face 0.49 877.0 317.0 888.0 332.0
face 0.48 426.0 593.0 441.0 611.0
face 0.47 1.0 43.0 26.0 76.0
face 0.46 958.0 172.0 983.0 200.0
face 0.45 45.0 634.0 61.0 654.0
face 0.42 191.0 598.0 248.0 662.0
face 0.40 245.0 120.0 258.0 132.0
face 0.40 806.0 302.0 831.0 337.0
face 0.39 128.0 272.0 143.0 291.0
face 0.39 476.0 300.0 493.0 318.0
face 0.38 251.0 132.0 266.0 151.0
face 0.38 979.0 324.0 994.0 343.0
face 0.38 677.0 310.0 690.0 324.0
face 0.37 355.0 453.0 368.0 470.0
face 0.37 926.0 149.0 938.0 162.0
face 0.37 791.0 526.0 802.0 539.0
face 0.37 490.0 329.0 507.0 347.0
face 0.37 731.0 404.0 745.0 420.0
face 0.37 332.0 58.0 350.0 79.0
face 0.36 355.0 444.0 369.0 460.0
face 0.36 379.0 450.0 396.0 470.0
face 0.36 558.0 7.0 570.0 24.0
face 0.36 317.0 325.0 329.0 339.0
face 0.36 662.0 286.0 674.0 300.0
face 0.36 71.0 38.0 83.0 51.0
face 0.36 54.0 645.0 65.0 658.0
face 0.36 672.0 155.0 685.0 172.0
face 0.36 652.0 315.0 667.0 332.0
face 0.36 15.0 485.0 25.0 498.0
face 0.36 652.0 162.0 665.0 182.0
face 0.36 124.0 300.0 140.0 316.0
face 0.36 28.0 645.0 40.0 660.0
face 0.36 352.0 460.0 363.0 474.0
face 0.35 68.0 643.0 83.0 660.0
face 0.35 64.0 646.0 75.0 658.0
face 0.35 301.0 294.0 313.0 308.0
face 0.35 886.0 44.0 899.0 61.0
face 0.35 1.0 459.0 16.0 477.0
face 0.35 295.0 271.0 307.0 283.0
face 0.35 362.0 421.0 378.0 441.0
face 0.35 755.0 585.0 772.0 608.0
face 0.35 676.0 286.0 688.0 300.0
face 0.35 28.0 489.0 41.0 506.0
face 0.35 943.0 139.0 954.0 153.0
face 0.35 517.0 41.0 530.0 60.0
face 0.35 941.0 127.0 952.0 140.0
face 0.35 919.0 149.0 929.0 163.0
face 0.35 901.0 77.0 915.0 93.0
