face 1.00 605.0 457.0 652.0 511.0
face 0.99 480.0 453.0 516.0 496.0
face 0.99 245.0 517.0 283.0 560.0
face 0.83 410.0 120.0 515.0 249.0
face 0.79 55.0 452.0 94.0 504.0
face 0.72 666.0 641.0 701.0 679.0
face 0.71 132.0 479.0 164.0 519.0
face 0.71 601.0 1045.0 623.0 1075.0
face 0.52 111.0 409.0 157.0 471.0
face 0.52 234.0 469.0 261.0 508.0
face 0.52 284.0 477.0 323.0 531.0
face 0.43 23.0 231.0 43.0 257.0
face 0.41 613.0 69.0 727.0 195.0
face 0.39 672.0 270.0 725.0 336.0
face 0.36 284.0 690.0 299.0 710.0
face 0.36 57.0 1.0 82.0 24.0
face 0.35 102.0 5.0 134.0 44.0
