face 0.97 842.0 286.0 856.0 303.0
face 0.97 695.0 268.0 708.0 284.0
face 0.96 916.0 309.0 929.0 326.0
face 0.96 14.0 370.0 30.0 392.0
face 0.96 258.0 302.0 271.0 317.0
face 0.95 471.0 477.0 498.0 508.0
face 0.93 829.0 400.0 847.0 420.0
face 0.93 137.0 462.0 196.0 535.0
face 0.91 406.0 380.0 421.0 397.0
face 0.90 207.0 315.0 220.0 331.0
face 0.89 981.0 318.0 993.0 332.0
face 0.88 269.0 458.0 292.0 487.0
face 0.87 368.0 269.0 380.0 284.0
face 0.86 637.0 342.0 652.0 359.0
face 0.86 488.0 308.0 500.0 323.0
face 0.85 626.0 381.0 643.0 403.0
face 0.82 774.0 293.0 786.0 307.0
face 0.82 843.0 220.0 858.0 239.0
face 0.81 516.0 252.0 527.0 266.0
face 0.79 341.0 342.0 354.0 358.0
face 0.78 231.0 273.0 244.0 288.0
face 0.76 796.0 329.0 810.0 346.0
face 0.75 749.0 372.0 769.0 396.0
face 0.74 866.0 288.0 880.0 305.0
face 0.73 595.0 337.0 608.0 354.0
face 0.73 837.0 620.0 860.0 649.0
face 0.72 896.0 311.0 906.0 323.0
face 0.71 708.0 382.0 721.0 397.0
face 0.69 820.0 275.0 832.0 290.0
face 0.68 678.0 385.0 691.0 401.0
face 0.66 999.0 331.0 1011.0 345.0
face 0.65 337.0 524.0 364.0 555.0
face 0.64 391.0 343.0 402.0 357.0
face 0.63 920.0 190.0 940.0 214.0
face 0.61 766.0 265.0 778.0 281.0
face 0.60 526.0 341.0 537.0 354.0
face 0.60 183.0 293.0 194.0 305.0
face 0.60 782.0 268.0 794.0 283.0
face 0.60 949.0 292.0 967.0 313.0
face 0.56 43.0 170.0 68.0 203.0
face 0.54 725.0 362.0 740.0 378.0
face 0.54 199.0 458.0 212.0 474.0
face 0.53 797.0 316.0 808.0 329.0
face 0.53 298.0 287.0 308.0 300.0
face 0.51 297.0 263.0 307.0 275.0
face 0.51 215.0 242.0 228.0 258.0
face 0.51 162.0 238.0 177.0 259.0
face 0.51 508.0 287.0 520.0 301.0
face 0.50 120.0 462.0 133.0 479.0
face 0.50 715.0 287.0 733.0 308.0
face 0.50 374.0 522.0 390.0 544.0
face 0.49 650.0 276.0 672.0 303.0
face 0.49 938.0 378.0 955.0 400.0
face 0.47 440.0 342.0 451.0 356.0
face 0.47 192.0 260.0 205.0 276.0
face 0.47 475.0 248.0 491.0 267.0
face 0.47 462.0 343.0 475.0 359.0
face 0.47 1012.0 59.0 1024.0 78.0
face 0.46 798.0 577.0 821.0 605.0
face 0.46 195.0 349.0 210.0 365.0
face 0.45 438.0 488.0 462.0 517.0
face 0.45 101.0 299.0 111.0 313.0
face 0.45 562.0 389.0 576.0 407.0
face 0.45 103.0 196.0 114.0 210.0
face 0.45 197.0 100.0 209.0 115.0
face 0.45 383.0 261.0 393.0 273.0
face 0.45 869.0 310.0 879.0 323.0
face 0.44 310.0 88.0 324.0 107.0
face 0.44 139.0 413.0 152.0 430.0
face 0.43 302.0 78.0 312.0 89.0
face 0.43 448.0 328.0 457.0 339.0
face 0.42 807.0 494.0 823.0 514.0
face 0.42 84.0 395.0 100.0 413.0
face 0.42 710.0 111.0 725.0 129.0
face 0.42 752.0 292.0 765.0 306.0
face 0.42 758.0 320.0 768.0 331.0
face 0.42 789.0 295.0 800.0 308.0
face 0.41 336.0 46.0 347.0 59.0
face 0.41 411.0 254.0 426.0 272.0
face 0.41 964.0 316.0 978.0 331.0
face 0.41 163.0 398.0 179.0 416.0
face 0.41 76.0 409.0 91.0 427.0
face 0.40 678.0 253.0 693.0 270.0
face 0.40 442.0 537.0 470.0 572.0
face 0.40 343.0 484.0 354.0 499.0
face 0.40 117.0 288.0 128.0 301.0
face 0.40 191.0 285.0 202.0 300.0
face 0.40 126.0 420.0 138.0 434.0
face 0.40 318.0 269.0 327.0 281.0
face 0.39 521.0 634.0 536.0 651.0
face 0.39 0.0 362.0 13.0 382.0
face 0.39 155.0 302.0 169.0 316.0
face 0.39 258.0 618.0 276.0 640.0
face 0.39 935.0 221.0 945.0 234.0
face 0.39 615.0 253.0 628.0 270.0
face 0.39 91.0 389.0 105.0 406.0
face 0.39 494.0 380.0 509.0 398.0
face 0.39 109.0 396.0 124.0 414.0
face 0.39 271.0 316.0 283.0 330.0
face 0.39 716.0 382.0 730.0 398.0
face 0.39 58.0 173.0 79.0 199.0
face 0.38 621.0 258.0 633.0 274.0
face 0.38 461.0 260.0 475.0 280.0
face 0.38 654.0 349.0 668.0 367.0
face 0.38 957.0 172.0 971.0 189.0
face 0.38 1006.0 617.0 1022.0 634.0
face 0.38 774.0 267.0 787.0 282.0
face 0.38 693.0 381.0 708.0 398.0
face 0.38 112.0 286.0 123.0 297.0
face 0.38 131.0 301.0 144.0 315.0
face 0.38 654.0 325.0 664.0 338.0
face 0.38 216.0 326.0 226.0 338.0
face 0.38 598.0 269.0 607.0 281.0
face 0.38 128.0 276.0 139.0 288.0
face 0.38 759.0 357.0 769.0 369.0
face 0.38 107.0 331.0 121.0 347.0
face 0.38 854.0 371.0 868.0 387.0
face 0.38 248.0 257.0 268.0 279.0
face 0.38 278.0 317.0 289.0 330.0
face 0.38 509.0 358.0 524.0 374.0
face 0.38 536.0 349.0 547.0 363.0
face 0.37 125.0 294.0 140.0 309.0
face 0.37 629.0 182.0 643.0 199.0
face 0.37 77.0 292.0 87.0 304.0
face 0.37 75.0 376.0 88.0 389.0
face 0.37 110.0 431.0 122.0 444.0
face 0.37 134.0 407.0 146.0 419.0
face 0.37 350.0 334.0 361.0 347.0
face 0.37 477.0 363.0 488.0 377.0
face 0.37 89.0 183.0 101.0 197.0
face 0.37 431.0 334.0 441.0 346.0
face 0.37 431.0 498.0 444.0 514.0
face 0.37 22.0 245.0 32.0 258.0
face 0.37 946.0 323.0 961.0 340.0
face 0.37 751.0 367.0 762.0 380.0
face 0.37 127.0 406.0 139.0 420.0
face 0.37 101.0 429.0 116.0 445.0
face 0.37 223.0 318.0 233.0 329.0
face 0.37 125.0 283.0 139.0 299.0
face 0.37 423.0 382.0 435.0 394.0
face 0.37 233.0 585.0 253.0 610.0
face 0.37 96.0 294.0 109.0 309.0
face 0.37 377.0 326.0 386.0 338.0
face 0.37 223.0 311.0 233.0 322.0
face 0.37 742.0 363.0 756.0 379.0
face 0.37 118.0 299.0 129.0 312.0
face 0.37 70.0 398.0 80.0 409.0
face 0.37 878.0 334.0 890.0 349.0
face 0.37 110.0 279.0 120.0 291.0
face 0.37 368.0 256.0 378.0 267.0
face 0.37 173.0 400.0 188.0 418.0
face 0.37 206.0 254.0 215.0 265.0
face 0.37 165.0 180.0 176.0 193.0
face 0.37 373.0 350.0 383.0 362.0
face 0.37 247.0 317.0 258.0 330.0
face 0.37 919.0 232.0 934.0 251.0
face 0.36 398.0 261.0 408.0 272.0
face 0.36 214.0 269.0 224.0 282.0
face 0.36 405.0 332.0 418.0 348.0
face 0.36 968.0 375.0 978.0 388.0
face 0.36 382.0 331.0 394.0 347.0
face 0.36 116.0 403.0 128.0 419.0
face 0.36 652.0 399.0 665.0 414.0
face 0.36 731.0 286.0 746.0 302.0
face 0.36 70.0 420.0 84.0 437.0
face 0.36 993.0 637.0 1004.0 651.0
face 0.36 853.0 367.0 864.0 379.0
face 0.36 14.0 178.0 29.0 196.0
face 0.36 912.0 303.0 922.0 316.0
face 0.36 720.0 374.0 730.0 386.0
face 0.36 978.0 630.0 992.0 645.0
face 0.36 631.0 269.0 643.0 283.0
face 0.36 454.0 334.0 464.0 346.0
face 0.36 272.0 303.0 282.0 314.0
face 0.36 288.0 294.0 297.0 306.0
face 0.36 288.0 70.0 299.0 83.0
face 0.36 84.0 405.0 97.0 420.0
face 0.36 383.0 364.0 394.0 379.0
face 0.36 872.0 328.0 882.0 340.0
face 0.36 285.0 330.0 298.0 346.0
face 0.36 558.0 373.0 569.0 385.0
face 0.36 237.0 271.0 247.0 283.0
face 0.36 722.0 365.0 732.0 378.0
face 0.36 30.0 231.0 41.0 244.0
face 0.36 422.0 351.0 432.0 362.0
face 0.36 278.0 255.0 289.0 268.0
face 0.36 168.0 137.0 190.0 163.0
face 0.36 79.0 399.0 91.0 412.0
face 0.36 877.0 328.0 888.0 341.0
face 0.36 113.0 292.0 124.0 305.0
face 0.36 431.0 12.0 441.0 24.0
face 0.36 853.0 388.0 867.0 405.0
face 0.36 110.0 310.0 120.0 321.0
face 0.36 86.0 309.0 99.0 324.0
face 0.36 733.0 375.0 745.0 388.0
face 0.36 389.0 336.0 400.0 349.0
face 0.36 775.0 276.0 785.0 289.0
face 0.36 281.0 502.0 292.0 518.0
face 0.36 221.0 326.0 232.0 339.0
face 0.36 470.0 342.0 480.0 356.0
face 0.36 805.0 333.0 815.0 346.0
face 0.36 272.0 63.0 282.0 76.0
face 0.36 541.0 354.0 551.0 368.0
face 0.36 493.0 339.0 505.0 354.0
face 0.36 608.0 261.0 620.0 275.0
face 0.36 143.0 295.0 152.0 306.0
face 0.36 447.0 359.0 458.0 372.0
face 0.36 120.0 413.0 130.0 426.0
face 0.36 422.0 366.0 434.0 381.0
face 0.36 584.0 271.0 593.0 282.0
face 0.36 439.0 251.0 452.0 267.0
face 0.36 686.0 383.0 697.0 396.0
face 0.36 247.0 292.0 258.0 307.0
face 0.36 415.0 351.0 426.0 364.0
face 0.36 343.0 335.0 354.0 348.0
face 0.36 445.0 340.0 457.0 354.0
face 0.36 950.0 53.0 962.0 67.0
face 0.36 230.0 319.0 239.0 330.0
face 0.36 591.0 254.0 601.0 265.0
face 0.36 493.0 323.0 507.0 341.0
face 0.36 344.0 327.0 355.0 339.0
face 0.36 479.0 299.0 492.0 316.0
face 0.36 193.0 279.0 203.0 291.0
face 0.36 806.0 277.0 817.0 291.0
face 0.36 302.0 281.0 311.0 292.0
face 0.36 103.0 397.0 114.0 411.0
face 0.36 213.0 320.0 224.0 332.0
face 0.36 622.0 204.0 633.0 217.0
face 0.36 216.0 294.0 225.0 305.0
face 0.36 607.0 270.0 617.0 281.0
face 0.36 151.0 295.0 161.0 307.0
face 0.36 647.0 331.0 659.0 346.0
face 0.36 72.0 380.0 83.0 392.0
face 0.36 509.0 351.0 521.0 364.0
face 0.36 351.0 328.0 360.0 339.0
face 0.36 190.0 310.0 201.0 322.0
face 0.36 345.0 293.0 356.0 307.0
face 0.36 110.0 173.0 121.0 186.0
face 0.36 348.0 306.0 363.0 325.0
face 0.36 215.0 311.0 225.0 322.0
face 0.36 853.0 359.0 863.0 371.0
face 0.36 39.0 229.0 50.0 243.0
face 0.36 396.0 348.0 407.0 361.0
face 0.36 833.0 334.0 843.0 346.0
face 0.36 622.0 244.0 635.0 260.0
face 0.36 559.0 348.0 569.0 361.0
face 0.36 326.0 334.0 338.0 347.0
face 0.36 723.0 386.0 737.0 403.0
face 0.36 932.0 299.0 945.0 315.0
face 0.36 901.0 220.0 914.0 237.0
face 0.36 775.0 343.0 785.0 355.0
face 0.36 445.0 350.0 457.0 363.0
face 0.36 879.0 309.0 889.0 321.0
face 0.36 575.0 365.0 587.0 379.0
face 0.36 561.0 285.0 570.0 297.0
face 0.36 72.0 405.0 83.0 418.0
face 0.36 887.0 210.0 902.0 229.0
face 0.36 311.0 294.0 322.0 307.0
face 0.36 199.0 256.0 209.0 269.0
face 0.36 7.0 177.0 17.0 187.0
face 0.36 520.0 398.0 533.0 413.0
face 0.36 617.0 247.0 627.0 260.0
face 0.36 142.0 406.0 152.0 419.0
face 0.36 1005.0 212.0 1022.0 231.0
face 0.36 72.0 287.0 82.0 298.0
face 0.36 1014.0 333.0 1023.0 347.0
face 0.36 734.0 359.0 744.0 372.0
face 0.36 94.0 309.0 104.0 322.0
face 0.35 111.0 302.0 122.0 314.0
face 0.35 68.0 309.0 83.0 325.0
face 0.35 799.0 270.0 809.0 282.0
face 0.35 823.0 509.0 836.0 525.0
face 0.35 882.0 339.0 894.0 355.0
face 0.35 567.0 270.0 579.0 282.0
face 0.35 853.0 275.0 864.0 290.0
face 0.35 550.0 334.0 560.0 346.0
face 0.35 775.0 309.0 785.0 322.0
face 0.35 567.0 374.0 576.0 385.0
face 0.35 79.0 427.0 93.0 446.0
face 0.35 768.0 348.0 781.0 363.0
face 0.35 318.0 285.0 327.0 297.0
face 0.35 775.0 375.0 784.0 386.0
face 0.35 344.0 268.0 355.0 282.0
face 0.35 637.0 279.0 647.0 291.0
face 0.35 984.0 375.0 994.0 387.0
face 0.35 423.0 342.0 433.0 354.0
face 0.35 175.0 69.0 187.0 83.0
face 0.35 311.0 302.0 321.0 314.0
face 0.35 198.0 277.0 207.0 289.0
face 0.35 638.0 109.0 649.0 122.0
face 0.35 652.0 390.0 664.0 405.0
face 0.35 568.0 326.0 577.0 337.0
face 0.35 223.0 292.0 235.0 307.0
face 0.35 230.0 295.0 239.0 307.0
face 0.35 720.0 350.0 730.0 361.0
face 0.35 943.0 157.0 954.0 169.0
face 0.35 351.0 316.0 361.0 328.0
face 0.35 374.0 254.0 384.0 265.0
face 0.35 503.0 261.0 513.0 273.0
face 0.35 432.0 340.0 443.0 353.0
face 0.35 68.0 389.0 80.0 403.0
face 0.35 550.0 263.0 565.0 279.0
face 0.35 992.0 644.0 1002.0 657.0
face 0.35 815.0 271.0 825.0 283.0
face 0.35 791.0 289.0 801.0 301.0
face 0.35 976.0 216.0 986.0 228.0
face 0.35 951.0 159.0 960.0 170.0
face 0.35 334.0 334.0 345.0 347.0
face 0.35 336.0 319.0 345.0 329.0
face 0.35 862.0 350.0 873.0 363.0
face 0.35 205.0 351.0 216.0 364.0
face 0.35 64.0 286.0 73.0 297.0
face 0.35 691.0 395.0 705.0 411.0
face 0.35 750.0 298.0 763.0 314.0
face 0.35 431.0 486.0 441.0 499.0
face 0.35 413.0 324.0 425.0 339.0
face 0.35 773.0 236.0 785.0 250.0
face 0.35 783.0 334.0 792.0 346.0
face 0.35 317.0 276.0 327.0 290.0
face 0.35 103.0 308.0 114.0 320.0
face 0.35 223.0 285.0 234.0 298.0
face 0.35 152.0 286.0 161.0 297.0
face 0.35 950.0 198.0 961.0 210.0
face 0.35 79.0 279.0 88.0 290.0
face 0.35 728.0 27.0 739.0 40.0
face 0.35 784.0 300.0 793.0 312.0
face 0.35 1006.0 327.0 1017.0 340.0
face 0.35 477.0 332.0 489.0 346.0
face 0.35 350.0 341.0 361.0 355.0
face 0.35 769.0 288.0 778.0 299.0
face 0.35 78.0 325.0 91.0 339.0
face 0.35 228.0 308.0 240.0 322.0
face 0.35 118.0 324.0 131.0 339.0
face 0.35 870.0 302.0 881.0 316.0
face 0.35 199.0 326.0 208.0 338.0
face 0.35 239.0 263.0 249.0 275.0
face 0.35 606.0 223.0 616.0 234.0
face 0.35 646.0 285.0 657.0 298.0
face 0.35 104.0 326.0 114.0 339.0
face 0.35 566.0 278.0 577.0 289.0
face 0.35 119.0 280.0 130.0 292.0
face 0.35 279.0 293.0 289.0 306.0
face 0.35 52.0 396.0 64.0 412.0
face 0.35 23.0 239.0 33.0 252.0
face 0.35 280.0 286.0 289.0 297.0
face 0.35 671.0 374.0 682.0 388.0
face 0.35 240.0 319.0 250.0 330.0
face 0.35 87.0 229.0 99.0 243.0
face 0.35 973.0 380.0 984.0 393.0
face 0.35 94.0 382.0 105.0 395.0
