face 1.00 511.0 204.0 562.0 266.0
face 1.00 363.0 237.0 380.0 258.0
face 0.99 218.0 217.0 238.0 243.0
face 0.98 280.0 260.0 296.0 279.0
face 0.96 48.0 205.0 71.0 234.0
face 0.93 580.0 242.0 602.0 269.0
face 0.88 200.0 192.0 215.0 210.0
face 0.87 742.0 239.0 769.0 269.0
face 0.86 956.0 206.0 969.0 223.0
face 0.83 1007.0 228.0 1025.0 256.0
face 0.78 99.0 208.0 112.0 224.0
face 0.77 113.0 290.0 137.0 321.0
face 0.73 423.0 199.0 443.0 227.0
face 0.65 172.0 251.0 194.0 276.0
face 0.57 799.0 349.0 845.0 413.0
face 0.51 874.0 243.0 901.0 278.0
face 0.50 199.0 160.0 209.0 172.0
face 0.45 587.0 196.0 598.0 209.0
face 0.42 411.0 144.0 425.0 162.0
face 0.42 55.0 387.0 78.0 417.0
face 0.41 173.0 448.0 193.0 470.0
face 0.41 399.0 129.0 413.0 149.0
face 0.40 686.0 199.0 696.0 211.0
face 0.40 702.0 259.0 728.0 291.0
face 0.39 343.0 212.0 357.0 230.0
face 0.39 384.0 221.0 405.0 251.0
face 0.38 139.0 307.0 170.0 347.0
face 0.38 973.0 259.0 991.0 278.0
face 0.37 183.0 267.0 194.0 280.0
face 0.37 205.0 169.0 219.0 187.0
face 0.37 158.0 250.0 172.0 266.0
face 0.36 625.0 222.0 635.0 235.0
face 0.36 403.0 194.0 416.0 210.0
face 0.36 278.0 364.0 289.0 376.0
face 0.36 230.0 262.0 240.0 276.0
face 0.36 102.0 174.0 112.0 185.0
face 0.36 326.0 197.0 338.0 210.0
face 0.36 430.0 159.0 441.0 171.0
face 0.36 644.0 101.0 659.0 118.0
face 0.36 201.0 136.0 218.0 156.0
face 0.36 604.0 215.0 615.0 227.0
face 0.36 390.0 198.0 401.0 212.0
face 0.36 274.0 294.0 289.0 311.0
face 0.35 790.0 220.0 804.0 237.0
face 0.35 637.0 84.0 648.0 97.0
face 0.35 158.0 292.0 170.0 306.0
face 0.35 575.0 232.0 585.0 244.0
face 0.35 407.0 182.0 420.0 199.0
face 0.35 1013.0 243.0 1024.0 260.0
face 0.35 168.0 270.0 178.0 283.0
face 0.35 903.0 69.0 940.0 110.0
face 0.35 271.0 371.0 286.0 390.0
face 0.35 923.0 74.0 941.0 93.0
face 0.35 725.0 250.0 737.0 268.0
face 0.35 189.0 175.0 202.0 189.0
face 0.35 190.0 275.0 202.0 289.0
