face 0.99 429.0 460.0 445.0 478.0
face 0.75 49.0 485.0 67.0 503.0
face 0.73 414.0 446.0 423.0 458.0
face 0.68 667.0 443.0 681.0 460.0
face 0.59 352.0 455.0 363.0 468.0
face 0.57 557.0 444.0 570.0 460.0
face 0.57 317.0 522.0 339.0 550.0
face 0.56 439.0 434.0 448.0 445.0
face 0.50 455.0 432.0 465.0 443.0
face 0.47 63.0 366.0 75.0 381.0
face 0.45 583.0 159.0 594.0 173.0
face 0.44 496.0 457.0 505.0 469.0
face 0.44 630.0 359.0 639.0 370.0
face 0.43 191.0 468.0 205.0 486.0
face 0.42 501.0 440.0 511.0 452.0
face 0.41 94.0 479.0 106.0 493.0
face 0.40 357.0 229.0 368.0 243.0
face 0.39 307.0 187.0 321.0 204.0
face 0.39 78.0 542.0 89.0 555.0
face 0.39 679.0 419.0 691.0 434.0
face 0.37 591.0 437.0 603.0 451.0
face 0.36 231.0 470.0 243.0 484.0
face 0.36 557.0 311.0 568.0 324.0
face 0.36 447.0 447.0 457.0 459.0
face 0.36 373.0 298.0 386.0 315.0
face 0.36 425.0 423.0 434.0 433.0
face 0.36 399.0 469.0 410.0 482.0
face 0.36 424.0 454.0 434.0 467.0
face 0.36 429.0 446.0 440.0 458.0
face 0.36 309.0 127.0 320.0 140.0
face 0.36 361.0 437.0 371.0 449.0
face 0.36 463.0 453.0 473.0 465.0
face 0.36 415.0 440.0 424.0 452.0
face 0.36 157.0 482.0 171.0 498.0
face 0.36 167.0 293.0 177.0 305.0
face 0.35 392.0 446.0 401.0 458.0
face 0.35 440.0 445.0 450.0 457.0
face 0.35 408.0 431.0 417.0 441.0
face 0.35 280.0 273.0 290.0 284.0
face 0.35 102.0 487.0 112.0 499.0
face 0.35 447.0 270.0 459.0 285.0
face 0.35 455.0 445.0 467.0 459.0
face 0.35 362.0 429.0 376.0 445.0
face 0.35 415.0 431.0 424.0 442.0
face 0.35 211.0 467.0 226.0 487.0
face 0.35 87.0 483.0 98.0 496.0
face 0.35 447.0 438.0 457.0 449.0
face 0.35 398.0 447.0 408.0 459.0
face 0.35 399.0 454.0 409.0 465.0
face 0.35 79.0 365.0 88.0 376.0
face 0.35 343.0 246.0 356.0 262.0
face 0.35 142.0 272.0 152.0 284.0
face 0.35 163.0 541.0 176.0 556.0
face 0.35 496.0 446.0 506.0 457.0
