face 1.00 513.0 705.0 560.0 767.0
face 0.99 264.0 804.0 308.0 859.0
face 0.95 679.0 590.0 731.0 651.0
face 0.87 377.0 684.0 404.0 722.0
face 0.59 799.0 655.0 826.0 686.0
face 0.59 278.0 998.0 321.0 1044.0
face 0.59 454.0 950.0 512.0 1011.0
face 0.59 917.0 586.0 932.0 605.0
face 0.55 251.0 775.0 268.0 798.0
face 0.54 736.0 189.0 869.0 376.0
face 0.51 541.0 662.0 570.0 697.0
face 0.47 339.0 908.0 360.0 938.0
face 0.47 653.0 850.0 738.0 960.0
face 0.45 393.0 801.0 408.0 820.0
face 0.43 879.0 653.0 893.0 669.0
face 0.40 231.0 741.0 273.0 791.0
face 0.40 245.0 740.0 261.0 758.0
face 0.40 293.0 820.0 304.0 833.0
face 0.39 325.0 729.0 341.0 746.0
face 0.39 375.0 890.0 406.0 922.0
face 0.39 894.0 642.0 908.0 659.0
face 0.38 499.0 899.0 512.0 916.0
face 0.38 293.0 912.0 305.0 926.0
face 0.38 933.0 803.0 946.0 820.0
face 0.37 945.0 864.0 989.0 914.0
face 0.37 885.0 660.0 901.0 678.0
face 0.37 555.0 779.0 571.0 800.0
face 0.37 872.0 536.0 892.0 561.0
face 0.37 211.0 803.0 226.0 822.0
face 0.37 868.0 579.0 885.0 602.0
face 0.37 310.0 850.0 323.0 868.0
face 0.36 243.0 834.0 259.0 855.0
face 0.36 847.0 746.0 858.0 760.0
face 0.36 313.0 909.0 326.0 926.0
face 0.36 739.0 612.0 757.0 632.0
face 0.36 336.0 894.0 347.0 907.0
face 0.36 621.0 756.0 633.0 771.0
face 0.36 382.0 774.0 396.0 791.0
face 0.36 774.0 691.0 788.0 709.0
face 0.36 621.0 731.0 633.0 745.0
face 0.36 318.0 844.0 331.0 862.0
face 0.36 615.0 756.0 627.0 769.0
face 0.36 493.0 856.0 508.0 875.0
face 0.35 494.0 894.0 506.0 908.0
face 0.35 661.0 901.0 709.0 963.0
face 0.35 630.0 716.0 642.0 730.0
face 0.35 565.0 820.0 576.0 833.0
face 0.35 419.0 951.0 436.0 971.0
face 0.35 223.0 812.0 234.0 825.0
face 0.35 597.0 803.0 611.0 821.0
face 0.35 531.0 780.0 545.0 798.0
face 0.35 732.0 79.0 864.0 280.0
face 0.35 879.0 668.0 890.0 682.0
face 0.35 941.0 675.0 958.0 697.0
face 0.35 638.0 758.0 650.0 772.0
