face 1.00 715.0 540.0 738.0 570.0
face 1.00 302.0 605.0 321.0 629.0
face 1.00 880.0 578.0 900.0 604.0
face 1.00 161.0 556.0 183.0 584.0
face 1.00 606.0 553.0 627.0 581.0
face 1.00 931.0 578.0 952.0 604.0
face 1.00 599.0 660.0 621.0 685.0
face 1.00 48.0 594.0 71.0 623.0
face 1.00 688.0 661.0 711.0 689.0
face 1.00 732.0 418.0 747.0 437.0
face 1.00 957.0 630.0 981.0 660.0
face 1.00 745.0 576.0 767.0 603.0
face 1.00 630.0 495.0 648.0 517.0
face 1.00 535.0 467.0 554.0 491.0
face 1.00 98.0 566.0 119.0 593.0
face 1.00 490.0 546.0 510.0 570.0
face 1.00 178.0 655.0 198.0 680.0
face 1.00 651.0 459.0 670.0 483.0
face 1.00 391.0 596.0 412.0 622.0
face 1.00 118.0 619.0 138.0 643.0
face 1.00 357.0 457.0 375.0 480.0
face 1.00 626.0 330.0 641.0 348.0
face 1.00 250.0 407.0 267.0 427.0
face 1.00 628.0 373.0 642.0 392.0
face 1.00 357.0 532.0 378.0 558.0
face 1.00 441.0 474.0 458.0 496.0
face 1.00 512.0 565.0 531.0 589.0
face 1.00 884.0 482.0 905.0 506.0
face 1.00 562.0 536.0 581.0 559.0
face 1.00 232.0 553.0 250.0 573.0
face 1.00 538.0 378.0 553.0 398.0
face 1.00 5.0 612.0 28.0 639.0
face 1.00 236.0 356.0 253.0 377.0
face 1.00 867.0 544.0 889.0 569.0
face 1.00 307.0 503.0 325.0 525.0
face 1.00 690.0 275.0 706.0 294.0
face 1.00 533.0 613.0 550.0 634.0
face 1.00 469.0 503.0 487.0 523.0
face 1.00 162.0 514.0 178.0 536.0
face 1.00 839.0 477.0 860.0 502.0
face 1.00 87.0 512.0 107.0 537.0
face 1.00 155.0 415.0 172.0 435.0
face 1.00 650.0 345.0 665.0 364.0
face 1.00 181.0 447.0 199.0 470.0
face 1.00 795.0 544.0 813.0 566.0
face 1.00 692.0 485.0 713.0 509.0
face 1.00 168.0 488.0 187.0 514.0
face 1.00 839.0 614.0 860.0 642.0
face 1.00 501.0 435.0 519.0 457.0
face 1.00 222.0 521.0 238.0 539.0
face 1.00 368.0 500.0 384.0 521.0
face 1.00 396.0 504.0 413.0 525.0
face 0.99 378.0 411.0 395.0 430.0
face 0.99 467.0 300.0 480.0 317.0
face 0.99 181.0 164.0 193.0 178.0
face 0.99 292.0 458.0 312.0 484.0
face 0.99 258.0 638.0 277.0 661.0
face 0.99 683.0 420.0 697.0 438.0
face 0.99 425.0 451.0 441.0 470.0
face 0.99 753.0 617.0 775.0 645.0
face 0.99 803.0 400.0 819.0 420.0
face 0.99 272.0 568.0 291.0 590.0
face 0.99 114.0 332.0 131.0 353.0
face 0.99 358.0 629.0 381.0 658.0
face 0.99 975.0 599.0 1002.0 629.0
face 0.99 978.0 338.0 992.0 356.0
face 0.99 876.0 650.0 897.0 678.0
face 0.99 761.0 508.0 777.0 526.0
face 0.99 687.0 329.0 703.0 346.0
face 0.99 208.0 608.0 227.0 633.0
face 0.99 707.0 305.0 721.0 324.0
face 0.99 609.0 210.0 624.0 227.0
face 0.99 381.0 354.0 395.0 372.0
face 0.99 660.0 309.0 672.0 324.0
face 0.99 727.0 503.0 746.0 524.0
face 0.99 475.0 562.0 493.0 585.0
face 0.99 300.0 482.0 318.0 504.0
face 0.98 -1.0 660.0 18.0 686.0
face 0.98 220.0 108.0 233.0 124.0
face 0.98 110.0 219.0 124.0 235.0
face 0.98 820.0 370.0 835.0 389.0
face 0.98 483.0 312.0 496.0 327.0
face 0.98 764.0 652.0 782.0 673.0
face 0.98 622.0 282.0 634.0 298.0
face 0.98 774.0 360.0 786.0 374.0
face 0.98 879.0 442.0 900.0 467.0
face 0.98 502.0 495.0 521.0 519.0
face 0.97 780.0 503.0 795.0 523.0
face 0.97 793.0 380.0 805.0 397.0
face 0.97 875.0 396.0 889.0 414.0
face 0.97 401.0 527.0 418.0 549.0
face 0.97 600.0 310.0 612.0 326.0
face 0.97 884.0 324.0 898.0 341.0
face 0.97 743.0 395.0 756.0 411.0
face 0.97 643.0 582.0 663.0 605.0
face 0.97 995.0 527.0 1014.0 550.0
face 0.97 460.0 216.0 472.0 231.0
face 0.96 435.0 295.0 448.0 311.0
face 0.96 933.0 449.0 950.0 468.0
face 0.96 678.0 251.0 689.0 266.0
face 0.96 703.0 163.0 714.0 177.0
face 0.96 784.0 407.0 800.0 426.0
face 0.96 660.0 263.0 671.0 277.0
face 0.96 374.0 178.0 386.0 193.0
face 0.95 103.0 317.0 117.0 334.0
face 0.95 137.0 194.0 152.0 211.0
face 0.95 423.0 490.0 441.0 513.0
face 0.95 129.0 478.0 146.0 498.0
face 0.94 298.0 423.0 314.0 444.0
face 0.94 130.0 156.0 141.0 170.0
face 0.94 731.0 312.0 746.0 329.0
face 0.94 567.0 267.0 578.0 281.0
face 0.94 456.0 469.0 471.0 487.0
face 0.94 550.0 580.0 569.0 601.0
face 0.94 97.0 197.0 109.0 211.0
face 0.94 381.0 385.0 397.0 403.0
face 0.93 684.0 389.0 698.0 406.0
face 0.93 721.0 386.0 735.0 403.0
face 0.93 639.0 314.0 651.0 327.0
face 0.93 767.0 446.0 785.0 467.0
face 0.93 462.0 189.0 476.0 204.0
face 0.93 624.0 228.0 636.0 241.0
face 0.93 566.0 460.0 581.0 479.0
face 0.92 486.0 268.0 496.0 281.0
face 0.92 447.0 271.0 458.0 286.0
face 0.92 542.0 539.0 562.0 563.0
face 0.92 644.0 107.0 656.0 122.0
face 0.92 490.0 187.0 505.0 204.0
face 0.92 464.0 116.0 475.0 129.0
face 0.92 319.0 549.0 337.0 571.0
face 0.91 715.0 359.0 731.0 380.0
face 0.90 887.0 632.0 906.0 656.0
face 0.90 527.0 196.0 543.0 214.0
face 0.90 951.0 478.0 968.0 498.0
face 0.90 725.0 475.0 740.0 495.0
face 0.90 996.0 598.0 1013.0 620.0
face 0.89 582.0 628.0 602.0 650.0
face 0.89 472.0 142.0 483.0 157.0
face 0.89 318.0 195.0 331.0 210.0
face 0.89 195.0 215.0 207.0 230.0
face 0.89 228.0 488.0 243.0 507.0
face 0.89 338.0 36.0 349.0 50.0
face 0.89 149.0 149.0 161.0 163.0
face 0.88 715.0 449.0 732.0 469.0
face 0.88 583.0 139.0 594.0 151.0
face 0.88 637.0 194.0 649.0 208.0
face 0.87 559.0 320.0 571.0 336.0
face 0.87 166.0 210.0 176.0 223.0
face 0.87 326.0 359.0 339.0 375.0
face 0.87 712.0 184.0 722.0 196.0
face 0.87 512.0 240.0 522.0 253.0
face 0.87 706.0 341.0 719.0 357.0
face 0.86 529.0 157.0 539.0 170.0
face 0.86 689.0 156.0 699.0 168.0
face 0.86 198.0 191.0 208.0 204.0
face 0.85 550.0 426.0 566.0 446.0
face 0.85 340.0 378.0 352.0 392.0
face 0.85 240.0 118.0 252.0 132.0
face 0.85 286.0 406.0 298.0 422.0
face 0.85 298.0 200.0 309.0 213.0
face 0.84 295.0 176.0 305.0 188.0
face 0.84 142.0 231.0 155.0 247.0
face 0.84 645.0 332.0 659.0 350.0
face 0.84 614.0 266.0 625.0 279.0
face 0.84 91.0 245.0 105.0 262.0
face 0.84 846.0 419.0 861.0 437.0
face 0.84 465.0 412.0 480.0 431.0
face 0.83 213.0 657.0 236.0 684.0
face 0.83 818.0 163.0 831.0 179.0
face 0.83 517.0 113.0 531.0 128.0
face 0.83 604.0 243.0 617.0 258.0
face 0.82 581.0 351.0 593.0 366.0
face 0.81 577.0 496.0 593.0 516.0
face 0.81 907.0 472.0 921.0 491.0
face 0.81 428.0 172.0 439.0 185.0
face 0.81 948.0 306.0 967.0 327.0
face 0.81 595.0 333.0 607.0 348.0
face 0.81 405.0 165.0 416.0 179.0
face 0.80 518.0 167.0 529.0 180.0
face 0.80 621.0 174.0 632.0 190.0
face 0.80 403.0 575.0 422.0 599.0
face 0.80 286.0 665.0 302.0 684.0
face 0.80 565.0 301.0 577.0 315.0
face 0.79 111.0 108.0 122.0 123.0
face 0.79 453.0 101.0 463.0 113.0
face 0.79 447.0 371.0 464.0 390.0
face 0.79 591.0 172.0 602.0 185.0
face 0.79 202.0 93.0 214.0 106.0
face 0.78 597.0 512.0 616.0 531.0
face 0.78 699.0 639.0 713.0 656.0
face 0.78 399.0 70.0 410.0 82.0
face 0.78 680.0 193.0 689.0 205.0
face 0.78 457.0 182.0 467.0 195.0
face 0.77 749.0 94.0 760.0 107.0
face 0.77 660.0 292.0 671.0 307.0
face 0.77 271.0 196.0 281.0 210.0
face 0.76 345.0 54.0 356.0 66.0
face 0.76 468.0 266.0 481.0 282.0
face 0.76 527.0 206.0 539.0 220.0
face 0.76 456.0 246.0 468.0 260.0
face 0.75 915.0 540.0 944.0 572.0
face 0.75 688.0 180.0 698.0 192.0
face 0.74 263.0 182.0 274.0 195.0
face 0.74 549.0 631.0 567.0 652.0
face 0.74 295.0 159.0 304.0 171.0
face 0.73 741.0 332.0 752.0 345.0
face 0.73 308.0 173.0 318.0 185.0
face 0.72 448.0 194.0 459.0 209.0
face 0.71 427.0 317.0 439.0 331.0
face 0.70 196.0 131.0 213.0 151.0
face 0.70 431.0 536.0 444.0 551.0
face 0.70 292.0 110.0 302.0 122.0
face 0.70 184.0 100.0 194.0 112.0
face 0.70 450.0 324.0 464.0 343.0
face 0.69 581.0 255.0 591.0 268.0
face 0.69 334.0 129.0 345.0 143.0
face 0.69 502.0 209.0 512.0 221.0
face 0.69 419.0 122.0 430.0 135.0
face 0.69 611.0 362.0 625.0 378.0
face 0.68 587.0 450.0 601.0 467.0
face 0.68 461.0 277.0 473.0 291.0
face 0.67 546.0 110.0 557.0 123.0
face 0.67 188.0 131.0 203.0 147.0
face 0.67 671.0 157.0 681.0 169.0
face 0.67 507.0 283.0 520.0 298.0
face 0.67 327.0 184.0 337.0 197.0
face 0.67 54.0 561.0 69.0 580.0
face 0.66 215.0 71.0 226.0 83.0
face 0.66 561.0 376.0 574.0 392.0
face 0.65 118.0 203.0 130.0 217.0
face 0.65 463.0 47.0 474.0 60.0
face 0.65 263.0 87.0 273.0 100.0
face 0.65 406.0 100.0 416.0 112.0
face 0.65 784.0 143.0 795.0 157.0
face 0.65 586.0 232.0 598.0 249.0
face 0.65 436.0 620.0 458.0 644.0
face 0.64 426.0 77.0 438.0 91.0
face 0.64 295.0 134.0 305.0 147.0
face 0.64 171.0 139.0 183.0 154.0
face 0.64 319.0 60.0 329.0 73.0
face 0.64 407.0 190.0 418.0 204.0
face 0.63 440.0 252.0 451.0 266.0
face 0.63 437.0 128.0 447.0 140.0
face 0.63 281.0 184.0 291.0 195.0
face 0.63 471.0 157.0 481.0 171.0
face 0.63 135.0 662.0 159.0 689.0
face 0.63 191.0 425.0 207.0 443.0
face 0.62 498.0 79.0 510.0 95.0
face 0.62 640.0 132.0 653.0 148.0
face 0.62 493.0 144.0 502.0 155.0
face 0.62 552.0 80.0 565.0 94.0
face 0.62 122.0 84.0 135.0 100.0
face 0.61 713.0 237.0 724.0 250.0
face 0.61 367.0 125.0 378.0 138.0
face 0.61 580.0 286.0 593.0 301.0
face 0.61 239.0 54.0 250.0 67.0
face 0.60 134.0 132.0 146.0 146.0
face 0.60 471.0 103.0 481.0 115.0
face 0.60 813.0 527.0 833.0 549.0
face 0.60 646.0 39.0 656.0 51.0
face 0.59 113.0 191.0 123.0 203.0
face 0.59 605.0 191.0 616.0 204.0
face 0.59 686.0 53.0 697.0 67.0
face 0.59 241.0 157.0 251.0 169.0
face 0.58 316.0 125.0 328.0 139.0
face 0.58 327.0 473.0 341.0 489.0
face 0.58 345.0 118.0 356.0 132.0
face 0.58 494.0 159.0 505.0 173.0
face 0.58 397.0 114.0 409.0 128.0
face 0.57 375.0 18.0 385.0 31.0
face 0.57 485.0 127.0 495.0 138.0
face 0.57 214.0 6.0 227.0 21.0
face 0.57 629.0 420.0 644.0 441.0
face 0.57 367.0 41.0 377.0 52.0
face 0.57 659.0 233.0 668.0 243.0
face 0.57 742.0 78.0 752.0 91.0
face 0.56 108.0 252.0 121.0 268.0
face 0.55 703.0 110.0 713.0 122.0
face 0.55 265.0 132.0 277.0 146.0
face 0.55 605.0 117.0 617.0 131.0
face 0.55 107.0 466.0 120.0 482.0
face 0.55 281.0 156.0 290.0 168.0
face 0.55 760.0 113.0 773.0 129.0
face 0.55 613.0 141.0 623.0 154.0
face 0.54 854.0 150.0 865.0 164.0
face 0.54 506.0 637.0 520.0 655.0
face 0.53 616.0 126.0 626.0 137.0
face 0.53 623.0 359.0 633.0 373.0
face 0.52 215.0 197.0 225.0 209.0
face 0.52 735.0 194.0 749.0 211.0
face 0.52 311.0 149.0 321.0 162.0
face 0.52 714.0 216.0 727.0 230.0
face 0.52 503.0 671.0 529.0 700.0
face 0.52 894.0 134.0 904.0 146.0
face 0.52 123.0 598.0 136.0 614.0
face 0.52 229.0 189.0 238.0 201.0
face 0.52 638.0 147.0 649.0 161.0
face 0.51 736.0 143.0 747.0 156.0
face 0.51 375.0 382.0 389.0 398.0
face 0.51 97.0 119.0 109.0 133.0
face 0.51 646.0 183.0 657.0 195.0
face 0.51 935.0 159.0 946.0 172.0
face 0.51 1001.0 205.0 1015.0 222.0
face 0.50 326.0 164.0 336.0 176.0
face 0.50 362.0 58.0 373.0 72.0
face 0.50 818.0 669.0 838.0 688.0
face 0.49 526.0 151.0 536.0 164.0
face 0.49 502.0 390.0 514.0 404.0
face 0.49 331.0 102.0 343.0 116.0
face 0.49 589.0 459.0 600.0 473.0
face 0.49 361.0 348.0 374.0 363.0
face 0.48 270.0 420.0 283.0 436.0
face 0.48 444.0 7.0 454.0 19.0
face 0.48 233.0 88.0 242.0 100.0
face 0.48 570.0 594.0 589.0 619.0
face 0.48 781.0 104.0 792.0 117.0
face 0.47 271.0 169.0 281.0 181.0
face 0.47 376.0 118.0 386.0 131.0
face 0.47 685.0 583.0 696.0 596.0
face 0.47 544.0 137.0 556.0 151.0
face 0.47 679.0 221.0 690.0 234.0
face 0.47 175.0 53.0 186.0 66.0
face 0.47 548.0 607.0 558.0 618.0
face 0.47 720.0 71.0 730.0 83.0
face 0.47 64.0 313.0 79.0 330.0
face 0.46 757.0 173.0 768.0 186.0
face 0.46 583.0 11.0 593.0 24.0
face 0.46 407.0 413.0 417.0 425.0
face 0.46 326.0 16.0 336.0 28.0
face 0.45 241.0 180.0 254.0 194.0
face 0.45 497.0 222.0 507.0 234.0
face 0.45 772.0 150.0 786.0 166.0
face 0.45 565.0 585.0 581.0 603.0
face 0.45 344.0 165.0 354.0 177.0
face 0.45 597.0 292.0 608.0 306.0
face 0.45 183.0 72.0 193.0 84.0
face 0.45 819.0 573.0 843.0 602.0
face 0.44 368.0 97.0 378.0 108.0
face 0.44 630.0 249.0 644.0 265.0
face 0.44 244.0 615.0 260.0 633.0
face 0.44 212.0 166.0 222.0 179.0
face 0.44 328.0 610.0 353.0 639.0
face 0.44 959.0 553.0 979.0 584.0
face 0.44 289.0 352.0 299.0 363.0
face 0.44 72.0 194.0 85.0 210.0
face 0.43 270.0 88.0 280.0 100.0
face 0.43 83.0 442.0 98.0 460.0
face 0.43 711.0 52.0 722.0 67.0
face 0.43 764.0 388.0 776.0 403.0
face 0.43 167.0 147.0 179.0 162.0
face 0.43 471.0 135.0 481.0 149.0
face 0.43 180.0 399.0 196.0 418.0
face 0.43 117.0 354.0 130.0 370.0
face 0.43 216.0 64.0 226.0 76.0
face 0.43 728.0 52.0 738.0 65.0
face 0.43 429.0 663.0 448.0 684.0
face 0.43 119.0 236.0 132.0 252.0
face 0.43 159.0 228.0 172.0 243.0
face 0.43 437.0 99.0 447.0 111.0
face 0.43 132.0 179.0 148.0 198.0
face 0.43 76.0 227.0 89.0 244.0
face 0.43 74.0 269.0 88.0 286.0
face 0.43 775.0 341.0 786.0 354.0
face 0.42 469.0 110.0 480.0 124.0
face 0.42 693.0 302.0 705.0 316.0
face 0.42 490.0 246.0 500.0 258.0
face 0.42 814.0 440.0 833.0 465.0
face 0.42 537.0 448.0 548.0 460.0
face 0.42 264.0 522.0 277.0 539.0
face 0.42 367.0 171.0 381.0 187.0
face 0.42 143.0 96.0 155.0 109.0
face 0.42 93.0 78.0 103.0 91.0
face 0.42 158.0 41.0 169.0 55.0
face 0.42 270.0 115.0 279.0 126.0
face 0.42 806.0 578.0 820.0 596.0
face 0.42 311.0 94.0 321.0 106.0
face 0.42 382.0 72.0 392.0 84.0
face 0.42 913.0 171.0 926.0 188.0
face 0.41 234.0 142.0 243.0 153.0
face 0.41 119.0 149.0 129.0 162.0
face 0.41 225.0 46.0 235.0 59.0
face 0.41 301.0 535.0 314.0 551.0
face 0.41 89.0 644.0 114.0 674.0
face 0.41 480.0 95.0 489.0 106.0
face 0.41 939.0 409.0 955.0 431.0
face 0.41 351.0 208.0 362.0 221.0
face 0.41 871.0 157.0 883.0 172.0
face 0.41 766.0 578.0 779.0 595.0
face 0.41 672.0 394.0 685.0 410.0
face 0.40 164.0 188.0 174.0 201.0
face 0.40 775.0 313.0 790.0 332.0
face 0.40 649.0 278.0 659.0 289.0
face 0.40 569.0 142.0 578.0 154.0
face 0.40 694.0 241.0 704.0 252.0
face 0.40 396.0 387.0 409.0 402.0
face 0.40 694.0 478.0 709.0 497.0
face 0.40 233.0 27.0 242.0 39.0
face 0.40 689.0 244.0 699.0 256.0
face 0.40 319.0 131.0 329.0 143.0
face 0.40 176.0 39.0 185.0 50.0
face 0.40 783.0 136.0 794.0 148.0
face 0.40 593.0 158.0 603.0 169.0
face 0.40 416.0 148.0 428.0 162.0
face 0.40 293.0 63.0 302.0 74.0
face 0.40 283.0 188.0 295.0 202.0
face 0.40 158.0 112.0 169.0 125.0
face 0.40 407.0 56.0 417.0 68.0
face 0.39 347.0 124.0 359.0 139.0
face 0.39 303.0 125.0 313.0 138.0
face 0.39 44.0 348.0 61.0 366.0
face 0.39 457.0 164.0 468.0 177.0
face 0.39 509.0 255.0 519.0 267.0
face 0.39 685.0 236.0 698.0 251.0
face 0.39 328.0 383.0 339.0 396.0
face 0.39 311.0 673.0 337.0 702.0
face 0.39 479.0 254.0 489.0 266.0
face 0.39 653.0 276.0 666.0 291.0
face 0.39 325.0 602.0 339.0 621.0
face 0.39 700.0 127.0 711.0 141.0
face 0.39 606.0 173.0 616.0 185.0
face 0.39 56.0 524.0 70.0 541.0
face 0.39 510.0 147.0 520.0 159.0
face 0.39 335.0 381.0 347.0 394.0
face 0.39 630.0 45.0 641.0 58.0
face 0.39 439.0 121.0 449.0 132.0
face 0.38 424.0 102.0 433.0 113.0
face 0.38 384.0 198.0 394.0 211.0
face 0.38 312.0 119.0 322.0 132.0
face 0.38 622.0 316.0 634.0 331.0
face 0.38 391.0 96.0 400.0 107.0
face 0.38 164.0 155.0 176.0 170.0
face 0.38 157.0 85.0 169.0 98.0
face 0.38 989.0 380.0 1000.0 394.0
face 0.38 200.0 88.0 211.0 101.0
face 0.38 868.0 411.0 881.0 428.0
face 0.38 477.0 190.0 489.0 204.0
face 0.38 486.0 132.0 497.0 144.0
face 0.38 651.0 548.0 667.0 566.0
face 0.38 681.0 226.0 692.0 242.0
face 0.38 664.0 148.0 674.0 161.0
face 0.38 3.0 149.0 55.0 214.0
face 0.38 86.0 660.0 100.0 678.0
face 0.38 376.0 77.0 385.0 89.0
face 0.38 345.0 112.0 354.0 124.0
face 0.38 520.0 148.0 529.0 159.0
face 0.38 246.0 175.0 256.0 187.0
face 0.38 261.0 149.0 272.0 162.0
face 0.38 160.0 134.0 169.0 146.0
face 0.38 703.0 293.0 714.0 308.0
face 0.38 278.0 164.0 288.0 176.0
face 0.38 804.0 389.0 817.0 404.0
face 0.38 392.0 101.0 401.0 113.0
face 0.38 512.0 222.0 522.0 234.0
face 0.38 440.0 438.0 451.0 451.0
face 0.38 375.0 111.0 384.0 122.0
face 0.38 693.0 158.0 704.0 171.0
face 0.38 724.0 348.0 737.0 363.0
face 0.38 509.0 260.0 521.0 275.0
face 0.38 142.0 131.0 153.0 144.0
face 0.38 208.0 17.0 221.0 32.0
face 0.38 149.0 133.0 160.0 145.0
face 0.37 167.0 85.0 177.0 97.0
face 0.37 231.0 176.0 241.0 187.0
face 0.37 99.0 127.0 110.0 138.0
face 0.37 382.0 48.0 392.0 58.0
face 0.37 326.0 174.0 336.0 187.0
face 0.37 198.0 61.0 208.0 74.0
face 0.37 606.0 59.0 621.0 77.0
face 0.37 461.0 30.0 471.0 42.0
face 0.37 166.0 231.0 177.0 243.0
face 0.37 447.0 117.0 455.0 128.0
face 0.37 432.0 102.0 442.0 114.0
face 0.37 526.0 145.0 535.0 156.0
face 0.37 573.0 11.0 587.0 27.0
face 0.37 296.0 128.0 307.0 141.0
face 0.37 606.0 183.0 616.0 196.0
face 0.37 358.0 111.0 367.0 122.0
face 0.37 167.0 167.0 176.0 179.0
face 0.37 342.0 366.0 352.0 378.0
face 0.37 199.0 79.0 209.0 90.0
face 0.37 614.0 135.0 625.0 148.0
face 0.37 391.0 54.0 401.0 65.0
face 0.37 877.0 410.0 889.0 425.0
face 0.37 502.0 125.0 511.0 136.0
face 0.37 182.0 206.0 192.0 219.0
face 0.37 708.0 455.0 722.0 469.0
face 0.37 692.0 196.0 703.0 211.0
face 0.37 505.0 142.0 515.0 154.0
face 0.37 140.0 175.0 153.0 191.0
face 0.37 399.0 53.0 409.0 64.0
face 0.37 433.0 96.0 442.0 107.0
face 0.37 454.0 127.0 464.0 138.0
face 0.37 174.0 626.0 190.0 644.0
face 0.37 296.0 189.0 306.0 202.0
face 0.37 675.0 523.0 690.0 541.0
face 0.37 294.0 115.0 305.0 128.0
face 0.37 464.0 263.0 475.0 275.0
face 0.37 580.0 327.0 591.0 340.0
face 0.37 280.0 142.0 289.0 153.0
face 0.37 840.0 170.0 853.0 187.0
face 0.37 591.0 207.0 601.0 219.0
face 0.37 438.0 224.0 447.0 235.0
face 0.37 600.0 196.0 611.0 209.0
face 0.37 662.0 277.0 672.0 289.0
face 0.37 614.0 198.0 625.0 210.0
face 0.37 424.0 348.0 434.0 361.0
face 0.37 255.0 111.0 264.0 123.0
face 0.37 595.0 379.0 607.0 393.0
face 0.37 686.0 316.0 698.0 330.0
face 0.37 350.0 111.0 361.0 122.0
face 0.37 445.0 79.0 454.0 90.0
face 0.37 759.0 383.0 769.0 395.0
face 0.37 678.0 406.0 689.0 419.0
face 0.37 269.0 37.0 279.0 49.0
face 0.37 431.0 110.0 440.0 121.0
face 0.37 281.0 30.0 290.0 40.0
face 0.37 344.0 172.0 354.0 185.0
face 0.37 680.0 237.0 690.0 249.0
face 0.37 472.0 63.0 483.0 75.0
face 0.37 999.0 340.0 1013.0 357.0
face 0.37 608.0 167.0 618.0 180.0
face 0.37 671.0 270.0 681.0 283.0
face 0.37 598.0 174.0 608.0 186.0
face 0.37 265.0 113.0 275.0 124.0
face 0.37 567.0 135.0 577.0 147.0
face 0.37 164.0 173.0 176.0 188.0
face 0.37 288.0 141.0 297.0 152.0
face 0.37 278.0 175.0 288.0 187.0
face 0.37 207.0 171.0 219.0 184.0
face 0.37 454.0 229.0 465.0 242.0
face 0.37 215.0 399.0 225.0 411.0
face 0.37 304.0 40.0 315.0 51.0
face 0.37 256.0 118.0 265.0 129.0
face 0.37 193.0 32.0 202.0 43.0
face 0.37 374.0 103.0 383.0 114.0
face 0.37 235.0 92.0 246.0 105.0
face 0.37 414.0 111.0 424.0 123.0
face 0.37 488.0 253.0 498.0 265.0
face 0.37 214.0 215.0 225.0 228.0
face 0.37 393.0 110.0 403.0 121.0
face 0.37 532.0 91.0 545.0 106.0
face 0.37 613.0 310.0 624.0 322.0
face 0.37 279.0 118.0 288.0 129.0
face 0.37 183.0 127.0 197.0 143.0
face 0.37 184.0 189.0 194.0 201.0
face 0.37 168.0 111.0 178.0 122.0
face 0.37 538.0 139.0 549.0 154.0
face 0.37 472.0 54.0 481.0 65.0
face 0.37 340.0 588.0 356.0 604.0
face 0.36 446.0 85.0 456.0 97.0
face 0.36 528.0 174.0 537.0 186.0
face 0.36 440.0 86.0 449.0 98.0
face 0.36 310.0 39.0 319.0 50.0
face 0.36 320.0 596.0 334.0 613.0
face 0.36 327.0 151.0 337.0 163.0
face 0.36 608.0 158.0 619.0 171.0
face 0.36 198.0 31.0 207.0 42.0
face 0.36 223.0 175.0 232.0 186.0
face 0.36 383.0 53.0 393.0 64.0
face 0.36 375.0 46.0 385.0 57.0
face 0.36 489.0 149.0 498.0 160.0
face 0.36 103.0 132.0 113.0 144.0
face 0.36 93.0 486.0 106.0 502.0
face 0.36 208.0 39.0 217.0 50.0
face 0.36 161.0 182.0 172.0 195.0
face 0.36 455.0 205.0 466.0 217.0
face 0.36 382.0 119.0 391.0 130.0
face 0.36 199.0 118.0 209.0 130.0
face 0.36 183.0 221.0 195.0 235.0
face 0.36 149.0 181.0 160.0 196.0
face 0.36 343.0 46.0 354.0 60.0
face 0.36 415.0 45.0 425.0 58.0
face 0.36 569.0 20.0 579.0 33.0
face 0.36 567.0 126.0 576.0 138.0
face 0.36 229.0 229.0 246.0 245.0
face 0.36 440.0 189.0 450.0 202.0
face 0.36 687.0 223.0 696.0 235.0
face 0.36 439.0 110.0 449.0 121.0
face 0.36 656.0 166.0 666.0 178.0
face 0.36 392.0 127.0 402.0 138.0
face 0.36 191.0 118.0 203.0 132.0
face 0.36 749.0 374.0 760.0 387.0
face 0.36 583.0 184.0 592.0 196.0
face 0.36 350.0 47.0 358.0 58.0
face 0.36 381.0 149.0 390.0 160.0
face 0.36 352.0 22.0 362.0 33.0
face 0.36 710.0 85.0 720.0 98.0
face 0.36 395.0 349.0 409.0 364.0
face 0.36 274.0 611.0 290.0 628.0
face 0.36 571.0 619.0 584.0 635.0
face 0.36 256.0 157.0 265.0 169.0
face 0.36 709.0 468.0 723.0 484.0
face 0.36 326.0 342.0 336.0 354.0
face 0.36 446.0 229.0 457.0 242.0
face 0.36 255.0 167.0 264.0 179.0
face 0.36 336.0 350.0 346.0 362.0
face 0.36 495.0 111.0 505.0 121.0
face 0.36 382.0 126.0 391.0 138.0
face 0.36 453.0 293.0 465.0 307.0
face 0.36 408.0 108.0 417.0 120.0
face 0.36 456.0 88.0 465.0 99.0
face 0.36 582.0 269.0 593.0 282.0
face 0.36 166.0 14.0 175.0 25.0
face 0.36 456.0 413.0 467.0 428.0
face 0.36 734.0 350.0 746.0 362.0
face 0.36 342.0 359.0 351.0 370.0
face 0.36 222.0 94.0 233.0 106.0
face 0.36 215.0 203.0 226.0 216.0
face 0.36 670.0 277.0 680.0 290.0
face 0.36 504.0 270.0 514.0 281.0
face 0.36 760.0 104.0 771.0 116.0
face 0.36 149.0 93.0 160.0 106.0
face 0.36 623.0 248.0 633.0 260.0
face 0.36 283.0 46.0 294.0 58.0
face 0.36 676.0 69.0 688.0 85.0
face 0.36 741.0 476.0 753.0 492.0
face 0.36 528.0 239.0 538.0 250.0
face 0.36 183.0 22.0 192.0 33.0
face 0.36 358.0 118.0 368.0 130.0
face 0.36 525.0 114.0 535.0 128.0
face 0.36 542.0 629.0 553.0 643.0
face 0.36 191.0 206.0 202.0 219.0
face 0.36 517.0 285.0 529.0 300.0
face 0.36 431.0 63.0 440.0 74.0
face 0.36 688.0 134.0 697.0 145.0
face 0.36 320.0 174.0 329.0 184.0
face 0.36 231.0 166.0 240.0 177.0
face 0.36 664.0 247.0 674.0 258.0
face 0.36 318.0 111.0 328.0 124.0
face 0.36 286.0 23.0 295.0 34.0
face 0.36 247.0 111.0 257.0 123.0
face 0.36 479.0 77.0 489.0 89.0
face 0.36 118.0 222.0 129.0 235.0
face 0.36 526.0 247.0 536.0 259.0
face 0.36 727.0 343.0 738.0 355.0
face 0.36 424.0 69.0 437.0 85.0
face 0.36 110.0 94.0 121.0 107.0
face 0.36 345.0 70.0 355.0 82.0
face 0.36 486.0 295.0 497.0 308.0
face 0.36 440.0 445.0 450.0 458.0
face 0.36 543.0 69.0 553.0 81.0
face 0.36 598.0 204.0 608.0 218.0
face 0.36 430.0 83.0 440.0 96.0
face 0.36 598.0 219.0 610.0 235.0
face 0.36 248.0 23.0 258.0 34.0
face 0.36 709.0 599.0 723.0 617.0
face 0.36 495.0 206.0 508.0 220.0
face 0.36 533.0 174.0 544.0 187.0
face 0.36 209.0 77.0 219.0 90.0
face 0.36 613.0 302.0 625.0 316.0
face 0.36 558.0 134.0 570.0 148.0
face 0.36 151.0 60.0 161.0 72.0
face 0.36 184.0 198.0 194.0 210.0
face 0.36 113.0 381.0 123.0 394.0
face 0.36 160.0 141.0 170.0 154.0
face 0.36 255.0 102.0 265.0 114.0
face 0.36 110.0 135.0 119.0 146.0
face 0.36 309.0 348.0 321.0 362.0
face 0.36 311.0 31.0 320.0 42.0
face 0.36 583.0 364.0 593.0 377.0
face 0.36 455.0 133.0 464.0 145.0
face 0.36 472.0 97.0 482.0 108.0
face 0.36 518.0 230.0 528.0 241.0
face 0.36 182.0 30.0 192.0 42.0
face 0.36 576.0 246.0 586.0 258.0
face 0.36 219.0 354.0 233.0 371.0
face 0.36 503.0 135.0 513.0 146.0
face 0.36 688.0 311.0 698.0 323.0
face 0.36 718.0 174.0 728.0 186.0
face 0.36 687.0 198.0 697.0 210.0
face 0.36 448.0 95.0 458.0 106.0
face 0.36 255.0 143.0 265.0 156.0
face 0.36 127.0 141.0 137.0 153.0
face 0.36 305.0 167.0 314.0 178.0
face 0.36 489.0 62.0 498.0 73.0
face 0.36 604.0 285.0 616.0 300.0
face 0.36 221.0 195.0 233.0 209.0
face 0.36 152.0 38.0 164.0 54.0
face 0.36 183.0 13.0 192.0 25.0
face 0.36 320.0 21.0 330.0 32.0
face 0.36 256.0 126.0 266.0 138.0
face 0.36 479.0 120.0 488.0 130.0
face 0.36 363.0 582.0 378.0 599.0
face 0.36 311.0 88.0 321.0 99.0
face 0.36 598.0 133.0 608.0 145.0
face 0.36 463.0 62.0 474.0 75.0
face 0.36 325.0 52.0 334.0 63.0
face 0.36 812.0 396.0 825.0 414.0
face 0.36 407.0 135.0 417.0 146.0
face 0.36 705.0 213.0 714.0 225.0
face 0.36 495.0 137.0 505.0 148.0
face 0.36 661.0 173.0 671.0 186.0
face 0.36 502.0 230.0 511.0 241.0
face 0.36 361.0 172.0 371.0 185.0
face 0.36 647.0 94.0 657.0 105.0
face 0.36 525.0 179.0 538.0 195.0
face 0.36 537.0 135.0 547.0 146.0
face 0.36 469.0 196.0 481.0 209.0
face 0.36 288.0 104.0 298.0 115.0
face 0.36 488.0 240.0 497.0 251.0
face 0.36 567.0 119.0 576.0 130.0
face 0.36 519.0 134.0 527.0 145.0
face 0.36 462.0 38.0 473.0 52.0
face 0.36 671.0 237.0 681.0 250.0
face 0.36 101.0 148.0 112.0 162.0
face 0.36 174.0 117.0 184.0 129.0
face 0.36 277.0 94.0 287.0 105.0
face 0.36 310.0 356.0 321.0 370.0
face 0.36 311.0 22.0 320.0 33.0
face 0.36 535.0 421.0 547.0 437.0
face 0.36 703.0 142.0 712.0 152.0
face 0.36 167.0 31.0 176.0 42.0
face 0.36 552.0 181.0 562.0 193.0
face 0.36 287.0 206.0 297.0 217.0
face 0.36 422.0 389.0 432.0 400.0
face 0.36 576.0 118.0 585.0 129.0
face 0.36 602.0 86.0 611.0 97.0
face 0.36 424.0 110.0 434.0 122.0
face 0.36 77.0 191.0 88.0 204.0
face 0.36 414.0 406.0 426.0 420.0
face 0.36 488.0 173.0 498.0 185.0
face 0.36 646.0 299.0 658.0 315.0
face 0.36 285.0 430.0 296.0 443.0
face 0.36 750.0 421.0 764.0 438.0
face 0.36 446.0 318.0 457.0 333.0
face 0.36 344.0 61.0 354.0 72.0
face 0.36 632.0 134.0 642.0 146.0
face 0.36 1011.0 306.0 1023.0 323.0
face 0.36 598.0 152.0 607.0 163.0
face 0.36 383.0 64.0 393.0 75.0
face 0.36 526.0 437.0 537.0 449.0
face 0.36 141.0 70.0 150.0 81.0
face 0.36 412.0 180.0 424.0 194.0
face 0.36 616.0 95.0 626.0 106.0
face 0.36 406.0 381.0 415.0 393.0
