face 1.00 900.0 411.0 944.0 459.0
face 1.00 820.0 354.0 852.0 396.0
face 1.00 74.0 400.0 111.0 448.0
face 1.00 53.0 252.0 84.0 288.0
face 1.00 684.0 283.0 700.0 303.0
face 1.00 661.0 281.0 676.0 300.0
face 0.99 845.0 301.0 863.0 324.0
face 0.99 191.0 241.0 210.0 263.0
face 0.99 129.0 360.0 162.0 401.0
face 0.98 809.0 244.0 831.0 275.0
face 0.95 240.0 233.0 256.0 253.0
face 0.94 308.0 283.0 323.0 302.0
face 0.93 874.0 286.0 891.0 309.0
face 0.92 296.0 229.0 309.0 244.0
face 0.91 1010.0 248.0 1024.0 268.0
face 0.91 893.0 315.0 920.0 346.0
face 0.90 868.0 359.0 888.0 387.0
face 0.88 281.0 285.0 299.0 307.0
face 0.84 749.0 236.0 765.0 258.0
face 0.73 934.0 416.0 955.0 442.0
face 0.72 349.0 260.0 360.0 274.0
face 0.69 330.0 269.0 343.0 286.0
face 0.67 692.0 351.0 703.0 364.0
face 0.66 1002.0 227.0 1016.0 244.0
face 0.65 702.0 308.0 726.0 337.0
face 0.64 707.0 360.0 721.0 377.0
face 0.63 730.0 271.0 745.0 291.0
face 0.60 695.0 300.0 711.0 321.0
face 0.59 960.0 247.0 973.0 262.0
face 0.59 630.0 263.0 640.0 276.0
face 0.55 764.0 221.0 775.0 235.0
face 0.55 253.0 304.0 270.0 325.0
face 0.54 775.0 232.0 789.0 249.0
face 0.53 768.0 412.0 782.0 429.0
face 0.53 795.0 407.0 809.0 424.0
face 0.52 860.0 493.0 887.0 524.0
face 0.52 648.0 276.0 660.0 291.0
face 0.51 615.0 256.0 625.0 269.0
face 0.50 991.0 658.0 1016.0 688.0
face 0.49 194.0 437.0 212.0 458.0
face 0.48 144.0 291.0 165.0 316.0
face 0.47 277.0 429.0 295.0 450.0
face 0.45 707.0 419.0 722.0 436.0
face 0.45 215.0 270.0 229.0 291.0
face 0.45 167.0 272.0 178.0 285.0
face 0.45 621.0 300.0 634.0 316.0
face 0.44 647.0 247.0 658.0 261.0
face 0.44 484.0 174.0 496.0 188.0
face 0.43 519.0 238.0 529.0 250.0
face 0.42 658.0 254.0 671.0 269.0
face 0.42 256.0 262.0 267.0 276.0
face 0.42 662.0 425.0 687.0 455.0
face 0.41 314.0 390.0 329.0 408.0
face 0.40 725.0 443.0 743.0 463.0
face 0.39 802.0 344.0 820.0 366.0
face 0.39 1002.0 422.0 1024.0 450.0
face 0.39 206.0 415.0 221.0 435.0
face 0.39 234.0 318.0 258.0 348.0
face 0.38 267.0 331.0 283.0 351.0
face 0.38 631.0 317.0 642.0 330.0
face 0.38 748.0 309.0 766.0 328.0
face 0.38 589.0 304.0 599.0 317.0
face 0.38 933.0 377.0 948.0 396.0
face 0.38 406.0 270.0 416.0 281.0
face 0.38 669.0 340.0 680.0 353.0
face 0.38 391.0 248.0 401.0 259.0
face 0.37 571.0 291.0 585.0 308.0
face 0.37 424.0 262.0 433.0 274.0
face 0.37 624.0 246.0 634.0 258.0
face 0.37 327.0 251.0 339.0 266.0
face 0.37 812.0 496.0 829.0 515.0
face 0.37 317.0 451.0 330.0 467.0
face 0.37 685.0 446.0 698.0 463.0
face 0.37 734.0 383.0 745.0 395.0
face 0.37 630.0 302.0 640.0 314.0
face 0.36 616.0 310.0 626.0 322.0
face 0.36 367.0 254.0 377.0 265.0
face 0.36 309.0 348.0 324.0 365.0
face 0.36 582.0 278.0 592.0 290.0
face 0.36 988.0 238.0 999.0 252.0
face 0.36 677.0 430.0 688.0 443.0
face 0.36 719.0 372.0 730.0 386.0
face 0.36 376.0 254.0 386.0 266.0
face 0.36 358.0 247.0 369.0 261.0
face 0.36 630.0 247.0 639.0 258.0
face 0.36 374.0 352.0 384.0 364.0
face 0.36 141.0 277.0 153.0 291.0
face 0.36 415.0 270.0 424.0 281.0
face 0.36 319.0 437.0 332.0 452.0
face 0.36 599.0 253.0 609.0 267.0
face 0.36 630.0 255.0 641.0 267.0
face 0.36 749.0 231.0 761.0 244.0
face 0.36 366.0 239.0 376.0 250.0
face 0.36 703.0 430.0 714.0 443.0
face 0.36 100.0 372.0 115.0 389.0
face 0.36 679.0 342.0 689.0 353.0
face 0.36 406.0 294.0 415.0 305.0
face 0.36 678.0 260.0 689.0 275.0
face 0.36 558.0 276.0 570.0 290.0
face 0.36 975.0 359.0 986.0 374.0
face 0.36 367.0 246.0 376.0 258.0
face 0.36 201.0 499.0 216.0 516.0
face 0.36 110.0 366.0 121.0 380.0
face 0.36 687.0 340.0 697.0 352.0
face 0.36 328.0 262.0 339.0 275.0
face 0.36 399.0 287.0 410.0 300.0
face 0.36 760.0 228.0 771.0 242.0
face 0.36 727.0 389.0 737.0 402.0
face 0.36 648.0 264.0 658.0 276.0
face 0.36 165.0 484.0 177.0 500.0
face 0.36 383.0 253.0 393.0 265.0
face 0.36 342.0 268.0 354.0 282.0
face 0.36 271.0 274.0 282.0 289.0
face 0.36 202.0 492.0 215.0 507.0
face 0.35 742.0 228.0 755.0 243.0
face 0.35 401.0 295.0 410.0 305.0
face 0.35 334.0 254.0 343.0 265.0
face 0.35 422.0 287.0 433.0 300.0
face 0.35 332.0 323.0 349.0 341.0
face 0.35 617.0 302.0 627.0 314.0
face 0.35 714.0 154.0 732.0 174.0
face 0.35 739.0 327.0 755.0 348.0
face 0.35 359.0 238.0 370.0 252.0
face 0.35 318.0 350.0 329.0 363.0
face 0.35 680.0 351.0 690.0 362.0
face 0.35 174.0 487.0 184.0 500.0
face 0.35 424.0 280.0 433.0 291.0
face 0.35 353.0 247.0 362.0 258.0
face 0.35 616.0 318.0 625.0 329.0
face 0.35 606.0 246.0 616.0 257.0
face 0.35 766.0 215.0 776.0 228.0
face 0.35 318.0 269.0 329.0 282.0
face 0.35 528.0 256.0 538.0 267.0
face 0.35 622.0 309.0 633.0 322.0
face 0.35 310.0 271.0 321.0 283.0
face 0.35 607.0 254.0 618.0 266.0
face 0.35 405.0 275.0 416.0 289.0
face 0.35 401.0 264.0 410.0 275.0
face 0.35 984.0 354.0 1000.0 373.0
face 0.35 375.0 248.0 385.0 259.0
face 0.35 325.0 451.0 339.0 468.0
