face 0.98 352.0 40.0 479.0 252.0
face 0.93 605.0 555.0 668.0 653.0
face 0.43 382.0 130.0 419.0 176.0
face 0.41 370.0 19.0 425.0 83.0
face 0.39 486.0 408.0 496.0 420.0
face 0.39 339.0 97.0 361.0 124.0
face 0.38 363.0 54.0 377.0 71.0
face 0.37 27.0 400.0 44.0 422.0
face 0.37 439.0 155.0 451.0 168.0
face 0.37 399.0 262.0 409.0 274.0
face 0.36 918.0 421.0 931.0 437.0
face 0.36 722.0 525.0 763.0 580.0
face 0.36 459.0 139.0 474.0 157.0
face 0.36 374.0 115.0 387.0 130.0
face 0.36 415.0 213.0 427.0 227.0
face 0.36 382.0 277.0 393.0 291.0
face 0.36 543.0 388.0 554.0 401.0
face 0.35 119.0 405.0 128.0 417.0
face 0.35 638.0 454.0 648.0 467.0
face 0.35 389.0 179.0 401.0 194.0
face 0.35 435.0 195.0 449.0 212.0
face 0.35 445.0 190.0 459.0 205.0
face 0.35 677.0 438.0 687.0 449.0
