face 1.00 805.0 278.0 836.0 316.0
face 1.00 744.0 279.0 773.0 315.0
face 1.00 825.0 341.0 852.0 375.0
face 1.00 889.0 238.0 923.0 282.0
face 0.97 800.0 366.0 838.0 415.0
face 0.89 220.0 267.0 242.0 294.0
face 0.88 675.0 281.0 702.0 317.0
face 0.77 727.0 250.0 753.0 278.0
face 0.70 598.0 265.0 618.0 290.0
face 0.65 915.0 314.0 935.0 341.0
face 0.50 646.0 338.0 660.0 359.0
face 0.49 788.0 353.0 802.0 374.0
face 0.48 789.0 304.0 801.0 318.0
face 0.44 534.0 443.0 547.0 460.0
face 0.41 806.0 345.0 829.0 372.0
face 0.39 76.0 471.0 92.0 488.0
face 0.39 485.0 469.0 496.0 482.0
face 0.39 309.0 326.0 323.0 342.0
face 0.39 661.0 340.0 677.0 359.0
face 0.38 657.0 337.0 691.0 377.0
face 0.38 365.0 472.0 382.0 492.0
face 0.37 750.0 245.0 762.0 259.0
face 0.36 436.0 332.0 450.0 347.0
face 0.36 590.0 318.0 604.0 333.0
face 0.36 502.0 326.0 512.0 338.0
face 0.35 677.0 346.0 691.0 365.0
face 0.35 495.0 467.0 507.0 483.0
face 0.35 295.0 329.0 306.0 341.0
face 0.35 941.0 580.0 953.0 598.0
