face 1.00 360.0 155.0 388.0 192.0
face 1.00 521.0 112.0 552.0 152.0
face 1.00 383.0 118.0 412.0 153.0
face 1.00 284.0 112.0 314.0 149.0
face 1.00 425.0 246.0 458.0 290.0
face 1.00 613.0 112.0 642.0 147.0
face 1.00 580.0 133.0 609.0 169.0
face 1.00 869.0 171.0 901.0 210.0
face 1.00 728.0 133.0 757.0 168.0
face 1.00 664.0 124.0 693.0 161.0
face 1.00 895.0 227.0 930.0 273.0
face 1.00 536.0 235.0 569.0 276.0
face 1.00 189.0 100.0 222.0 143.0
face 1.00 295.0 168.0 325.0 205.0
face 1.00 762.0 154.0 792.0 193.0
face 1.00 792.0 105.0 821.0 141.0
face 1.00 845.0 116.0 875.0 153.0
face 1.00 630.0 230.0 664.0 272.0
face 1.00 482.0 118.0 514.0 162.0
face 1.00 155.0 187.0 186.0 224.0
face 1.00 156.0 243.0 187.0 285.0
face 1.00 533.0 166.0 567.0 205.0
face 1.00 330.0 243.0 363.0 285.0
face 1.00 637.0 179.0 666.0 216.0
face 1.00 732.0 218.0 766.0 261.0
face 1.00 799.0 243.0 834.0 285.0
face 0.99 79.0 232.0 113.0 273.0
face 0.99 415.0 99.0 446.0 134.0
face 0.97 430.0 155.0 464.0 197.0
face 0.85 242.0 235.0 274.0 275.0
face 0.85 223.0 170.0 252.0 209.0
face 0.39 30.0 400.0 56.0 427.0
face 0.38 959.0 80.0 970.0 93.0
face 0.38 763.0 106.0 790.0 141.0
face 0.37 294.0 495.0 306.0 509.0
face 0.36 278.0 418.0 293.0 437.0
face 0.36 283.0 576.0 300.0 597.0
face 0.35 804.0 502.0 820.0 521.0
