face 1.00 796.0 314.0 874.0 411.0
face 1.00 607.0 128.0 658.0 197.0
face 1.00 369.0 306.0 425.0 376.0
face 1.00 283.0 82.0 328.0 142.0
face 1.00 433.0 112.0 486.0 181.0
face 1.00 822.0 100.0 883.0 180.0
face 1.00 524.0 75.0 573.0 140.0
face 1.00 180.0 292.0 237.0 364.0
face 1.00 577.0 291.0 637.0 375.0
face 1.00 333.0 113.0 381.0 182.0
face 0.92 119.0 131.0 167.0 190.0
face 0.46 826.0 502.0 882.0 562.0
face 0.37 388.0 501.0 401.0 517.0
face 0.35 390.0 496.0 400.0 508.0
face 0.35 836.0 517.0 854.0 539.0
