face 1.00 112.0 154.0 159.0 208.0
face 1.00 368.0 166.0 415.0 227.0
face 1.00 524.0 154.0 568.0 214.0
face 1.00 197.0 185.0 246.0 247.0
face 1.00 594.0 147.0 635.0 197.0
face 1.00 520.0 230.0 576.0 309.0
face 1.00 821.0 72.0 881.0 143.0
face 1.00 445.0 169.0 483.0 221.0
face 1.00 660.0 112.0 716.0 181.0
face 1.00 415.0 255.0 468.0 331.0
face 1.00 185.0 148.0 219.0 190.0
face 1.00 654.0 184.0 712.0 256.0
face 1.00 759.0 121.0 804.0 173.0
face 1.00 300.0 155.0 334.0 199.0
face 1.00 16.0 178.0 70.0 240.0
face 1.00 929.0 3.0 1006.0 79.0
face 0.59 103.0 364.0 118.0 381.0
face 0.58 337.0 460.0 385.0 527.0
face 0.58 107.0 586.0 123.0 607.0
face 0.56 983.0 157.0 1013.0 192.0
face 0.55 575.0 260.0 590.0 280.0
face 0.52 641.0 468.0 722.0 567.0
face 0.48 618.0 387.0 657.0 437.0
face 0.48 512.0 516.0 542.0 558.0
face 0.46 466.0 400.0 482.0 422.0
face 0.46 805.0 592.0 820.0 612.0
face 0.42 523.0 523.0 540.0 545.0
face 0.42 116.0 364.0 132.0 384.0
face 0.41 875.0 603.0 900.0 633.0
face 0.39 36.0 348.0 50.0 364.0
face 0.38 664.0 535.0 689.0 566.0
face 0.37 562.0 329.0 578.0 349.0
face 0.36 411.0 541.0 454.0 589.0
face 0.36 3.0 290.0 19.0 311.0
face 0.36 972.0 83.0 987.0 101.0
face 0.35 351.0 326.0 365.0 342.0
face 0.35 316.0 590.0 331.0 608.0
face 0.35 341.0 332.0 358.0 353.0
face 0.35 357.0 532.0 370.0 547.0
