face 1.00 826.0 405.0 846.0 431.0
face 1.00 155.0 415.0 171.0 435.0
face 1.00 698.0 416.0 717.0 438.0
face 1.00 202.0 410.0 219.0 430.0
face 1.00 742.0 406.0 761.0 430.0
face 1.00 652.0 418.0 672.0 443.0
face 1.00 780.0 411.0 799.0 433.0
face 1.00 482.0 397.0 500.0 420.0
face 1.00 292.0 405.0 312.0 430.0
face 1.00 563.0 405.0 580.0 427.0
face 1.00 526.0 408.0 544.0 430.0
face 0.99 429.0 414.0 447.0 438.0
face 0.99 111.0 409.0 129.0 431.0
face 0.99 392.0 411.0 410.0 433.0
face 0.99 247.0 412.0 264.0 432.0
face 0.99 868.0 422.0 886.0 443.0
face 0.98 906.0 413.0 924.0 435.0
face 0.96 605.0 411.0 625.0 437.0
face 0.95 337.0 412.0 354.0 434.0
face 0.94 463.0 501.0 478.0 519.0
face 0.86 155.0 468.0 175.0 495.0
face 0.75 224.0 210.0 243.0 236.0
face 0.69 305.0 471.0 324.0 494.0
face 0.61 198.0 458.0 223.0 488.0
face 0.53 467.0 476.0 480.0 493.0
face 0.42 859.0 247.0 876.0 267.0
face 0.42 514.0 498.0 529.0 515.0
face 0.41 798.0 141.0 811.0 157.0
face 0.41 117.0 267.0 135.0 291.0
face 0.40 837.0 121.0 852.0 138.0
face 0.40 669.0 378.0 685.0 399.0
face 0.39 240.0 468.0 266.0 497.0
face 0.39 346.0 472.0 364.0 494.0
face 0.39 148.0 360.0 161.0 375.0
face 0.38 877.0 339.0 891.0 356.0
face 0.38 749.0 245.0 761.0 262.0
face 0.37 37.0 498.0 51.0 515.0
face 0.37 837.0 20.0 851.0 36.0
face 0.37 989.0 243.0 1006.0 264.0
face 0.37 1003.0 78.0 1017.0 96.0
face 0.37 86.0 357.0 101.0 374.0
face 0.36 662.0 147.0 677.0 167.0
face 0.36 50.0 256.0 67.0 278.0
face 0.36 750.0 142.0 761.0 155.0
face 0.36 880.0 215.0 891.0 230.0
face 0.36 916.0 514.0 928.0 528.0
face 0.35 871.0 222.0 881.0 234.0
face 0.35 872.0 68.0 884.0 83.0
face 0.35 885.0 140.0 900.0 156.0
face 0.35 814.0 243.0 826.0 257.0
face 0.35 909.0 204.0 923.0 221.0
face 0.35 831.0 124.0 845.0 140.0
face 0.35 775.0 98.0 789.0 115.0
face 0.35 814.0 53.0 829.0 70.0
face 0.35 903.0 212.0 914.0 227.0
face 0.35 871.0 63.0 881.0 75.0
face 0.35 971.0 131.0 985.0 147.0
