face 1.00 91.0 59.0 172.0 164.0
face 1.00 695.0 134.0 755.0 206.0
face 1.00 850.0 83.0 917.0 162.0
face 1.00 809.0 48.0 864.0 120.0
face 1.00 466.0 81.0 519.0 148.0
face 1.00 286.0 97.0 351.0 187.0
face 0.97 385.0 103.0 446.0 183.0
face 0.95 576.0 73.0 640.0 142.0
face 0.54 613.0 204.0 625.0 218.0
face 0.39 791.0 226.0 806.0 243.0
face 0.38 512.0 368.0 526.0 389.0
face 0.37 920.0 205.0 933.0 221.0
face 0.36 926.0 235.0 937.0 247.0
face 0.36 185.0 98.0 215.0 142.0
face 0.35 863.0 275.0 873.0 290.0
face 0.35 215.0 183.0 226.0 196.0
face 0.35 868.0 277.0 880.0 292.0
