face 1.00 792.0 79.0 828.0 131.0
face 1.00 246.0 256.0 288.0 309.0
face 1.00 521.0 256.0 558.0 306.0
face 1.00 127.0 126.0 172.0 183.0
face 1.00 386.0 198.0 428.0 254.0
face 1.00 551.0 111.0 590.0 161.0
face 1.00 704.0 86.0 746.0 140.0
face 1.00 260.0 150.0 301.0 204.0
face 1.00 71.0 23.0 112.0 73.0
face 1.00 169.0 38.0 203.0 83.0
face 1.00 303.0 133.0 338.0 180.0
face 1.00 666.0 58.0 703.0 113.0
face 1.00 614.0 98.0 655.0 154.0
face 1.00 513.0 61.0 549.0 106.0
face 1.00 906.0 110.0 948.0 165.0
face 1.00 461.0 235.0 495.0 280.0
face 1.00 234.0 79.0 268.0 123.0
face 1.00 108.0 73.0 146.0 119.0
face 1.00 208.0 106.0 247.0 156.0
face 1.00 177.0 200.0 215.0 248.0
face 0.99 922.0 72.0 961.0 118.0
face 0.99 799.0 131.0 846.0 191.0
face 0.99 618.0 50.0 650.0 88.0
face 0.41 393.0 480.0 409.0 500.0
face 0.37 423.0 342.0 434.0 354.0
face 0.37 109.0 484.0 145.0 522.0
face 0.36 134.0 437.0 145.0 452.0
face 0.36 610.0 443.0 623.0 460.0
face 0.35 416.0 342.0 427.0 355.0
face 0.35 512.0 449.0 557.0 507.0
face 0.35 135.0 228.0 148.0 242.0
face 0.35 414.0 349.0 426.0 365.0
face 0.35 415.0 347.0 446.0 383.0
