face 1.00 214.0 361.0 283.0 456.0
face 1.00 22.0 308.0 100.0 446.0
face 1.00 351.0 335.0 403.0 408.0
face 0.66 202.0 477.0 217.0 497.0
face 0.64 446.0 370.0 485.0 419.0
face 0.58 209.0 509.0 222.0 525.0
face 0.54 33.0 40.0 60.0 74.0
face 0.44 629.0 392.0 653.0 422.0
face 0.44 215.0 528.0 225.0 541.0
face 0.43 239.0 494.0 250.0 507.0
face 0.42 447.0 501.0 460.0 517.0
face 0.41 381.0 525.0 396.0 543.0
face 0.39 740.0 356.0 777.0 407.0
face 0.39 108.0 497.0 126.0 519.0
face 0.38 389.0 506.0 404.0 525.0
face 0.38 462.0 506.0 476.0 522.0
face 0.37 309.0 470.0 320.0 484.0
face 0.37 166.0 468.0 177.0 482.0
face 0.37 285.0 492.0 298.0 507.0
face 0.37 232.0 501.0 242.0 512.0
face 0.37 318.0 484.0 330.0 499.0
face 0.36 194.0 539.0 205.0 552.0
face 0.36 181.0 478.0 192.0 490.0
face 0.36 470.0 580.0 492.0 611.0
face 0.36 207.0 503.0 218.0 515.0
face 0.36 232.0 516.0 244.0 530.0
face 0.36 198.0 527.0 208.0 538.0
face 0.36 238.0 517.0 251.0 534.0
face 0.36 245.0 494.0 255.0 506.0
face 0.36 538.0 314.0 587.0 372.0
face 0.36 189.0 501.0 201.0 515.0
face 0.36 224.0 501.0 234.0 513.0
face 0.36 201.0 493.0 212.0 506.0
face 0.36 232.0 510.0 242.0 522.0
face 0.36 295.0 477.0 304.0 489.0
face 0.36 232.0 524.0 246.0 538.0
face 0.36 224.0 518.0 233.0 529.0
face 0.35 423.0 502.0 434.0 515.0
face 0.35 126.0 469.0 137.0 482.0
face 0.35 175.0 550.0 186.0 562.0
face 0.35 478.0 526.0 489.0 540.0
face 0.35 296.0 588.0 307.0 601.0
