face 1.00 189.0 549.0 272.0 654.0
face 0.83 471.0 663.0 481.0 676.0
face 0.79 472.0 644.0 483.0 657.0
face 0.67 767.0 470.0 867.0 598.0
face 0.65 651.0 559.0 665.0 575.0
face 0.65 735.0 624.0 745.0 636.0
face 0.64 579.0 803.0 592.0 820.0
face 0.62 411.0 350.0 614.0 607.0
face 0.60 719.0 692.0 729.0 705.0
face 0.59 591.0 741.0 601.0 753.0
face 0.57 430.0 669.0 440.0 681.0
face 0.56 528.0 733.0 538.0 745.0
face 0.55 598.0 719.0 608.0 731.0
face 0.54 76.0 421.0 94.0 445.0
face 0.53 305.0 820.0 317.0 835.0
face 0.53 659.0 659.0 680.0 685.0
face 0.52 744.0 826.0 782.0 884.0
face 0.51 623.0 768.0 633.0 780.0
face 0.50 887.0 647.0 897.0 660.0
face 0.50 601.0 828.0 615.0 844.0
face 0.49 350.0 613.0 375.0 650.0
face 0.49 438.0 699.0 450.0 714.0
face 0.48 496.0 795.0 514.0 815.0
face 0.48 534.0 676.0 544.0 689.0
face 0.47 887.0 517.0 899.0 531.0
face 0.47 403.0 635.0 421.0 655.0
face 0.45 867.0 637.0 884.0 657.0
face 0.45 810.0 717.0 828.0 738.0
face 0.44 337.0 516.0 349.0 532.0
face 0.44 473.0 926.0 484.0 940.0
face 0.44 470.0 724.0 485.0 741.0
face 0.44 645.0 681.0 662.0 700.0
face 0.43 461.0 789.0 477.0 808.0
face 0.43 767.0 596.0 778.0 608.0
face 0.43 500.0 828.0 515.0 845.0
face 0.43 572.0 854.0 584.0 870.0
face 0.43 275.0 741.0 287.0 757.0
face 0.43 598.0 691.0 612.0 710.0
face 0.42 387.0 667.0 403.0 686.0
face 0.42 232.0 37.0 356.0 128.0
face 0.42 488.0 837.0 500.0 852.0
face 0.42 592.0 856.0 601.0 867.0
face 0.41 410.0 674.0 423.0 690.0
face 0.41 504.0 654.0 517.0 670.0
face 0.41 553.0 672.0 561.0 684.0
face 0.41 299.0 719.0 312.0 734.0
face 0.41 560.0 760.0 570.0 772.0
face 0.41 750.0 373.0 759.0 384.0
face 0.41 685.0 871.0 695.0 884.0
face 0.40 686.0 816.0 695.0 827.0
face 0.40 640.0 766.0 651.0 781.0
face 0.40 325.0 686.0 337.0 700.0
face 0.40 410.0 33.0 525.0 134.0
face 0.40 362.0 916.0 373.0 930.0
face 0.40 455.0 662.0 465.0 674.0
face 0.40 793.0 616.0 811.0 636.0
face 0.40 445.0 678.0 456.0 690.0
face 0.39 559.0 713.0 575.0 731.0
face 0.39 846.0 660.0 859.0 674.0
face 0.39 488.0 902.0 497.0 913.0
face 0.39 496.0 917.0 505.0 928.0
face 0.39 341.0 693.0 354.0 708.0
face 0.39 319.0 685.0 330.0 698.0
face 0.39 439.0 765.0 452.0 779.0
face 0.39 815.0 651.0 829.0 666.0
face 0.39 703.0 655.0 713.0 666.0
face 0.39 647.0 709.0 657.0 721.0
face 0.39 271.0 724.0 281.0 736.0
face 0.39 853.0 735.0 863.0 747.0
face 0.39 318.0 680.0 328.0 691.0
face 0.39 510.0 875.0 524.0 892.0
face 0.39 303.0 687.0 313.0 699.0
face 0.39 670.0 691.0 681.0 704.0
face 0.39 720.0 631.0 730.0 643.0
face 0.39 447.0 662.0 456.0 673.0
face 0.38 488.0 908.0 500.0 922.0
face 0.38 447.0 684.0 458.0 697.0
face 0.38 622.0 821.0 632.0 833.0
face 0.38 349.0 927.0 360.0 940.0
face 0.38 670.0 556.0 685.0 573.0
face 0.38 572.0 653.0 586.0 669.0
face 0.38 728.0 614.0 736.0 624.0
face 0.38 831.0 662.0 840.0 673.0
face 0.38 685.0 566.0 697.0 581.0
face 0.38 444.0 670.0 455.0 684.0
face 0.38 750.0 606.0 759.0 617.0
face 0.38 608.0 735.0 618.0 746.0
face 0.38 806.0 651.0 817.0 666.0
face 0.38 511.0 724.0 521.0 735.0
face 0.38 487.0 943.0 497.0 954.0
face 0.38 597.0 940.0 609.0 954.0
face 0.38 742.0 613.0 754.0 626.0
face 0.38 839.0 656.0 851.0 669.0
face 0.38 590.0 877.0 603.0 891.0
face 0.38 319.0 751.0 330.0 763.0
face 0.38 311.0 685.0 323.0 699.0
face 0.38 726.0 710.0 737.0 722.0
face 0.38 668.0 623.0 682.0 638.0
face 0.38 490.0 743.0 502.0 757.0
face 0.38 849.0 621.0 858.0 633.0
face 0.38 581.0 886.0 593.0 899.0
face 0.37 751.0 614.0 762.0 627.0
face 0.37 357.0 829.0 367.0 842.0
face 0.37 744.0 608.0 755.0 619.0
face 0.37 600.0 672.0 610.0 684.0
face 0.37 751.0 621.0 762.0 634.0
face 0.37 440.0 663.0 451.0 676.0
face 0.37 605.0 670.0 617.0 683.0
face 0.37 361.0 508.0 374.0 522.0
face 0.37 704.0 518.0 715.0 529.0
face 0.37 461.0 917.0 473.0 931.0
face 0.37 487.0 926.0 496.0 937.0
face 0.37 327.0 664.0 336.0 675.0
face 0.37 722.0 596.0 733.0 610.0
face 0.37 555.0 851.0 569.0 867.0
face 0.37 615.0 918.0 626.0 931.0
face 0.37 606.0 919.0 616.0 931.0
face 0.37 662.0 564.0 674.0 578.0
face 0.37 581.0 711.0 592.0 723.0
face 0.37 415.0 659.0 427.0 672.0
face 0.37 853.0 627.0 864.0 642.0
face 0.37 465.0 943.0 475.0 954.0
face 0.37 313.0 677.0 323.0 688.0
face 0.37 623.0 910.0 633.0 922.0
face 0.37 427.0 800.0 440.0 815.0
face 0.37 583.0 868.0 596.0 883.0
face 0.37 744.0 750.0 754.0 763.0
face 0.37 488.0 937.0 498.0 948.0
face 0.37 609.0 844.0 622.0 858.0
face 0.37 491.0 735.0 503.0 748.0
face 0.37 479.0 911.0 488.0 921.0
face 0.37 654.0 686.0 665.0 698.0
face 0.37 539.0 668.0 554.0 685.0
face 0.37 447.0 656.0 455.0 666.0
face 0.37 496.0 822.0 506.0 833.0
face 0.37 318.0 672.0 329.0 684.0
face 0.37 489.0 918.0 498.0 929.0
face 0.37 334.0 844.0 345.0 857.0
face 0.37 471.0 910.0 482.0 924.0
face 0.37 598.0 732.0 609.0 746.0
face 0.37 378.0 703.0 393.0 719.0
face 0.37 281.0 708.0 290.0 719.0
face 0.37 639.0 703.0 648.0 714.0
face 0.37 486.0 670.0 497.0 682.0
face 0.37 518.0 724.0 529.0 735.0
face 0.37 485.0 654.0 497.0 667.0
face 0.37 599.0 713.0 609.0 725.0
face 0.37 487.0 781.0 498.0 793.0
face 0.37 479.0 718.0 489.0 730.0
face 0.37 343.0 687.0 354.0 699.0
face 0.37 556.0 870.0 570.0 886.0
face 0.37 624.0 816.0 634.0 828.0
face 0.37 485.0 647.0 495.0 658.0
face 0.37 625.0 630.0 634.0 641.0
face 0.37 478.0 725.0 489.0 738.0
face 0.37 727.0 607.0 736.0 618.0
face 0.37 763.0 668.0 780.0 686.0
face 0.37 423.0 661.0 433.0 674.0
face 0.37 849.0 599.0 859.0 609.0
face 0.37 691.0 672.0 706.0 690.0
face 0.37 576.0 742.0 585.0 754.0
face 0.37 728.0 670.0 739.0 682.0
face 0.37 394.0 661.0 408.0 677.0
face 0.37 478.0 920.0 488.0 931.0
face 0.37 392.0 628.0 404.0 644.0
face 0.37 431.0 766.0 441.0 778.0
face 0.37 575.0 846.0 585.0 859.0
face 0.37 471.0 891.0 480.0 902.0
face 0.37 623.0 853.0 634.0 866.0
face 0.37 601.0 662.0 611.0 673.0
face 0.37 448.0 934.0 458.0 945.0
face 0.37 601.0 656.0 611.0 667.0
face 0.37 566.0 871.0 576.0 883.0
face 0.37 626.0 848.0 635.0 858.0
face 0.37 839.0 734.0 847.0 744.0
face 0.37 286.0 718.0 296.0 729.0
face 0.37 473.0 852.0 484.0 864.0
face 0.37 620.0 915.0 631.0 930.0
face 0.37 569.0 901.0 580.0 914.0
face 0.37 750.0 630.0 761.0 643.0
face 0.37 606.0 655.0 615.0 666.0
face 0.37 789.0 791.0 799.0 802.0
face 0.37 585.0 770.0 597.0 786.0
face 0.37 446.0 773.0 457.0 786.0
face 0.37 429.0 638.0 439.0 649.0
face 0.37 709.0 535.0 720.0 548.0
face 0.37 440.0 655.0 450.0 668.0
face 0.37 303.0 681.0 313.0 692.0
face 0.37 563.0 837.0 581.0 856.0
face 0.37 545.0 724.0 555.0 736.0
face 0.37 655.0 621.0 665.0 633.0
face 0.37 605.0 638.0 615.0 649.0
face 0.37 463.0 655.0 473.0 666.0
face 0.37 720.0 580.0 730.0 593.0
face 0.37 418.0 653.0 432.0 669.0
face 0.37 326.0 845.0 339.0 859.0
face 0.37 629.0 798.0 643.0 816.0
face 0.37 612.0 839.0 625.0 853.0
face 0.36 504.0 725.0 514.0 735.0
face 0.36 606.0 924.0 618.0 939.0
face 0.36 345.0 678.0 355.0 691.0
face 0.36 415.0 645.0 426.0 659.0
face 0.36 632.0 902.0 643.0 916.0
face 0.36 711.0 571.0 723.0 585.0
face 0.36 360.0 533.0 370.0 545.0
face 0.36 736.0 617.0 745.0 628.0
face 0.36 735.0 646.0 747.0 660.0
face 0.36 710.0 500.0 720.0 512.0
face 0.36 463.0 925.0 474.0 937.0
face 0.36 472.0 920.0 483.0 932.0
face 0.36 575.0 717.0 585.0 728.0
face 0.36 719.0 535.0 728.0 547.0
face 0.36 720.0 710.0 730.0 721.0
face 0.36 600.0 631.0 610.0 643.0
face 0.36 693.0 799.0 704.0 813.0
face 0.36 262.0 709.0 272.0 721.0
face 0.36 433.0 771.0 445.0 785.0
face 0.36 423.0 756.0 435.0 770.0
face 0.36 431.0 675.0 441.0 688.0
face 0.36 638.0 886.0 650.0 899.0
face 0.36 852.0 613.0 865.0 629.0
face 0.36 686.0 790.0 696.0 801.0
face 0.36 400.0 686.0 411.0 699.0
face 0.36 631.0 847.0 640.0 857.0
face 0.36 334.0 687.0 344.0 699.0
face 0.36 790.0 656.0 800.0 669.0
face 0.36 712.0 797.0 723.0 809.0
face 0.36 774.0 607.0 786.0 620.0
face 0.36 718.0 653.0 730.0 667.0
face 0.36 517.0 751.0 528.0 763.0
face 0.36 470.0 694.0 481.0 709.0
face 0.36 363.0 633.0 378.0 650.0
face 0.36 629.0 629.0 642.0 643.0
face 0.36 853.0 605.0 866.0 619.0
face 0.36 679.0 702.0 689.0 714.0
face 0.36 287.0 725.0 297.0 738.0
face 0.36 487.0 677.0 500.0 690.0
face 0.36 597.0 870.0 609.0 884.0
face 0.36 630.0 613.0 642.0 626.0
face 0.36 453.0 935.0 463.0 946.0
face 0.36 707.0 654.0 720.0 668.0
face 0.36 583.0 735.0 593.0 746.0
face 0.36 344.0 856.0 354.0 869.0
face 0.36 311.0 693.0 321.0 705.0
face 0.36 584.0 862.0 593.0 873.0
face 0.36 623.0 694.0 636.0 709.0
face 0.36 599.0 925.0 611.0 939.0
face 0.36 371.0 628.0 385.0 643.0
face 0.36 647.0 790.0 658.0 802.0
face 0.36 526.0 686.0 537.0 698.0
face 0.36 296.0 725.0 307.0 738.0
face 0.36 733.0 591.0 748.0 606.0
face 0.36 720.0 751.0 731.0 764.0
face 0.36 428.0 643.0 441.0 658.0
face 0.36 407.0 654.0 419.0 667.0
face 0.36 388.0 635.0 402.0 652.0
face 0.36 521.0 664.0 531.0 676.0
face 0.36 854.0 660.0 866.0 672.0
face 0.36 672.0 892.0 686.0 908.0
face 0.36 719.0 623.0 729.0 635.0
face 0.36 327.0 680.0 337.0 692.0
face 0.36 742.0 623.0 752.0 634.0
face 0.36 454.0 942.0 464.0 953.0
face 0.36 717.0 645.0 728.0 658.0
face 0.36 421.0 709.0 434.0 724.0
face 0.36 486.0 726.0 497.0 740.0
face 0.36 520.0 685.0 531.0 700.0
face 0.36 310.0 765.0 320.0 777.0
face 0.36 727.0 631.0 737.0 643.0
face 0.36 296.0 686.0 308.0 700.0
face 0.36 560.0 734.0 570.0 746.0
face 0.36 704.0 495.0 715.0 508.0
face 0.36 479.0 669.0 490.0 681.0
face 0.36 347.0 799.0 381.0 839.0
face 0.36 709.0 751.0 720.0 764.0
face 0.36 619.0 877.0 633.0 891.0
face 0.36 702.0 637.0 713.0 649.0
face 0.36 734.0 606.0 746.0 620.0
face 0.36 465.0 725.0 475.0 738.0
face 0.36 430.0 653.0 442.0 667.0
face 0.36 721.0 590.0 731.0 603.0
face 0.36 502.0 774.0 513.0 785.0
face 0.36 495.0 943.0 505.0 954.0
face 0.36 487.0 662.0 498.0 674.0
face 0.36 615.0 854.0 625.0 865.0
face 0.36 625.0 624.0 634.0 635.0
face 0.36 745.0 367.0 754.0 378.0
face 0.36 607.0 912.0 616.0 923.0
face 0.36 894.0 487.0 905.0 499.0
face 0.36 670.0 541.0 683.0 555.0
face 0.36 582.0 702.0 592.0 713.0
face 0.36 639.0 707.0 651.0 722.0
face 0.36 485.0 707.0 497.0 722.0
face 0.36 376.0 695.0 386.0 706.0
face 0.36 625.0 806.0 635.0 818.0
face 0.36 482.0 944.0 491.0 954.0
face 0.36 558.0 704.0 569.0 716.0
face 0.36 452.0 750.0 465.0 767.0
face 0.36 702.0 646.0 714.0 661.0
face 0.36 696.0 646.0 706.0 659.0
face 0.36 894.0 525.0 904.0 537.0
face 0.36 606.0 645.0 617.0 659.0
face 0.36 479.0 902.0 491.0 915.0
face 0.36 284.0 746.0 297.0 762.0
face 0.36 524.0 717.0 536.0 731.0
face 0.36 541.0 664.0 551.0 674.0
face 0.36 720.0 500.0 729.0 511.0
face 0.36 895.0 478.0 905.0 490.0
face 0.36 352.0 836.0 364.0 851.0
face 0.36 824.0 670.0 835.0 684.0
face 0.36 549.0 719.0 559.0 731.0
face 0.36 711.0 725.0 721.0 738.0
face 0.36 457.0 951.0 466.0 961.0
face 0.36 608.0 766.0 618.0 777.0
face 0.36 639.0 839.0 648.0 850.0
face 0.36 575.0 751.0 586.0 763.0
face 0.36 592.0 726.0 602.0 737.0
face 0.36 563.0 877.0 575.0 891.0
face 0.36 574.0 866.0 585.0 880.0
face 0.36 727.0 517.0 738.0 529.0
face 0.36 621.0 862.0 631.0 873.0
face 0.36 719.0 613.0 731.0 627.0
face 0.36 479.0 663.0 489.0 674.0
face 0.36 696.0 509.0 706.0 521.0
face 0.36 688.0 838.0 698.0 849.0
face 0.36 599.0 836.0 611.0 850.0
face 0.36 522.0 702.0 532.0 714.0
face 0.36 589.0 660.0 601.0 674.0
face 0.36 348.0 683.0 362.0 699.0
face 0.36 806.0 659.0 818.0 673.0
face 0.36 863.0 605.0 872.0 617.0
face 0.36 824.0 661.0 835.0 674.0
face 0.36 287.0 692.0 297.0 704.0
face 0.36 591.0 655.0 600.0 666.0
face 0.36 285.0 712.0 295.0 723.0
face 0.36 664.0 702.0 674.0 713.0
face 0.36 382.0 643.0 394.0 658.0
face 0.36 264.0 718.0 275.0 730.0
face 0.36 326.0 854.0 335.0 865.0
face 0.36 464.0 934.0 474.0 946.0
face 0.36 637.0 630.0 648.0 644.0
face 0.36 455.0 901.0 465.0 912.0
face 0.36 526.0 693.0 537.0 706.0
face 0.36 328.0 839.0 339.0 851.0
face 0.36 623.0 638.0 632.0 650.0
face 0.36 463.0 950.0 472.0 961.0
face 0.36 615.0 910.0 628.0 925.0
face 0.36 725.0 549.0 738.0 565.0
face 0.36 609.0 853.0 619.0 864.0
face 0.36 615.0 646.0 625.0 657.0
face 0.36 502.0 924.0 514.0 939.0
face 0.36 496.0 922.0 508.0 937.0
face 0.36 718.0 540.0 730.0 556.0
face 0.36 477.0 932.0 487.0 943.0
face 0.36 590.0 927.0 601.0 939.0
face 0.36 428.0 710.0 442.0 724.0
face 0.36 608.0 813.0 619.0 826.0
face 0.36 488.0 812.0 499.0 829.0
face 0.36 902.0 468.0 913.0 482.0
face 0.36 609.0 741.0 618.0 752.0
face 0.36 352.0 846.0 361.0 857.0
face 0.36 341.0 523.0 352.0 536.0
face 0.36 606.0 702.0 615.0 714.0
face 0.36 612.0 733.0 625.0 747.0
face 0.36 582.0 660.0 594.0 674.0
face 0.36 718.0 661.0 731.0 674.0
face 0.36 599.0 774.0 610.0 786.0
face 0.36 408.0 661.0 419.0 673.0
face 0.36 662.0 509.0 674.0 521.0
face 0.36 310.0 862.0 320.0 873.0
face 0.36 622.0 829.0 632.0 840.0
face 0.36 576.0 757.0 587.0 772.0
face 0.36 441.0 687.0 451.0 699.0
face 0.36 652.0 700.0 664.0 715.0
face 0.36 624.0 614.0 634.0 625.0
face 0.36 334.0 670.0 344.0 681.0
face 0.36 574.0 839.0 585.0 852.0
face 0.36 623.0 839.0 632.0 850.0
face 0.36 568.0 820.0 580.0 834.0
face 0.36 694.0 831.0 704.0 842.0
face 0.36 737.0 383.0 746.0 394.0
face 0.36 496.0 791.0 506.0 804.0
face 0.36 759.0 647.0 770.0 659.0
face 0.36 668.0 580.0 681.0 596.0
face 0.36 599.0 900.0 610.0 913.0
face 0.36 544.0 748.0 555.0 762.0
face 0.36 607.0 760.0 618.0 771.0
face 0.36 664.0 711.0 674.0 723.0
face 0.36 719.0 869.0 734.0 887.0
face 0.36 720.0 605.0 731.0 617.0
face 0.36 439.0 751.0 448.0 761.0
face 0.36 710.0 613.0 720.0 628.0
face 0.36 691.0 533.0 704.0 549.0
face 0.36 630.0 624.0 641.0 635.0
face 0.36 583.0 856.0 593.0 868.0
face 0.36 895.0 468.0 907.0 483.0
face 0.35 614.0 728.0 624.0 738.0
face 0.35 303.0 749.0 312.0 760.0
face 0.35 454.0 679.0 464.0 691.0
face 0.35 597.0 843.0 610.0 858.0
face 0.35 684.0 782.0 697.0 796.0
face 0.35 725.0 365.0 735.0 376.0
face 0.35 553.0 876.0 562.0 889.0
face 0.35 584.0 727.0 593.0 738.0
face 0.35 831.0 734.0 841.0 745.0
face 0.35 445.0 958.0 454.0 969.0
face 0.35 341.0 655.0 354.0 671.0
face 0.35 584.0 912.0 594.0 924.0
face 0.35 729.0 646.0 739.0 657.0
face 0.35 510.0 790.0 522.0 803.0
face 0.35 711.0 487.0 721.0 498.0
face 0.35 744.0 703.0 754.0 714.0
face 0.35 888.0 478.0 898.0 489.0
face 0.35 358.0 501.0 369.0 514.0
face 0.35 423.0 647.0 434.0 659.0
face 0.35 446.0 694.0 456.0 706.0
face 0.35 254.0 729.0 264.0 740.0
face 0.35 495.0 936.0 505.0 946.0
face 0.35 758.0 870.0 769.0 884.0
face 0.35 727.0 638.0 737.0 649.0
face 0.35 265.0 725.0 275.0 736.0
face 0.35 639.0 758.0 650.0 772.0
face 0.35 526.0 788.0 538.0 802.0
face 0.35 279.0 716.0 290.0 731.0
face 0.35 615.0 941.0 625.0 953.0
face 0.35 743.0 631.0 753.0 642.0
face 0.35 484.0 717.0 496.0 732.0
face 0.35 248.0 726.0 258.0 738.0
face 0.35 545.0 687.0 554.0 699.0
face 0.35 728.0 676.0 738.0 689.0
face 0.35 687.0 798.0 698.0 811.0
face 0.35 423.0 678.0 433.0 690.0
face 0.35 501.0 791.0 513.0 805.0
face 0.35 647.0 694.0 657.0 706.0
face 0.35 749.0 652.0 761.0 666.0
face 0.35 608.0 728.0 618.0 739.0
face 0.35 591.0 934.0 602.0 947.0
face 0.35 491.0 860.0 506.0 875.0
face 0.35 481.0 951.0 489.0 961.0
face 0.35 511.0 928.0 522.0 941.0
face 0.35 604.0 773.0 618.0 788.0
face 0.35 700.0 477.0 714.0 492.0
face 0.35 333.0 678.0 345.0 691.0
face 0.35 679.0 821.0 691.0 835.0
face 0.35 309.0 837.0 323.0 853.0
face 0.35 430.0 760.0 439.0 771.0
face 0.35 382.0 694.0 392.0 705.0
face 0.35 318.0 839.0 329.0 851.0
face 0.35 525.0 669.0 536.0 681.0
face 0.35 475.0 846.0 490.0 862.0
face 0.35 534.0 694.0 544.0 705.0
face 0.35 640.0 719.0 650.0 731.0
face 0.35 593.0 695.0 603.0 708.0
face 0.35 623.0 734.0 632.0 746.0
face 0.35 743.0 599.0 755.0 611.0
face 0.35 695.0 574.0 706.0 588.0
face 0.35 606.0 663.0 616.0 674.0
face 0.35 472.0 949.0 481.0 959.0
face 0.35 623.0 645.0 633.0 656.0
face 0.35 463.0 847.0 474.0 859.0
face 0.35 581.0 943.0 592.0 957.0
face 0.35 845.0 748.0 856.0 761.0
face 0.35 492.0 775.0 506.0 790.0
face 0.35 630.0 791.0 640.0 803.0
face 0.35 663.0 717.0 674.0 731.0
face 0.35 679.0 782.0 690.0 793.0
face 0.35 440.0 933.0 450.0 945.0
face 0.35 606.0 869.0 616.0 882.0
face 0.35 336.0 511.0 346.0 524.0
face 0.35 311.0 703.0 322.0 715.0
face 0.35 616.0 750.0 627.0 761.0
face 0.35 773.0 797.0 786.0 813.0
face 0.35 639.0 725.0 650.0 737.0
face 0.35 888.0 670.0 898.0 682.0
face 0.35 607.0 836.0 618.0 850.0
face 0.35 640.0 686.0 649.0 698.0
face 0.35 616.0 830.0 626.0 841.0
face 0.35 478.0 647.0 488.0 658.0
face 0.35 712.0 709.0 722.0 721.0
face 0.35 758.0 635.0 770.0 649.0
face 0.35 303.0 702.0 313.0 714.0
face 0.35 342.0 541.0 355.0 556.0
face 0.35 839.0 630.0 849.0 641.0
face 0.35 742.0 717.0 752.0 728.0
face 0.35 637.0 621.0 648.0 636.0
face 0.35 448.0 648.0 456.0 658.0
face 0.35 830.0 669.0 841.0 682.0
face 0.35 336.0 489.0 381.0 543.0
face 0.35 631.0 726.0 643.0 738.0
face 0.35 840.0 678.0 850.0 689.0
face 0.35 695.0 693.0 705.0 705.0
face 0.35 317.0 775.0 328.0 787.0
face 0.35 520.0 679.0 530.0 692.0
face 0.35 481.0 653.0 491.0 664.0
face 0.35 285.0 701.0 297.0 716.0
face 0.35 351.0 549.0 361.0 561.0
face 0.35 621.0 748.0 633.0 763.0
face 0.35 630.0 813.0 640.0 825.0
face 0.35 903.0 519.0 913.0 530.0
face 0.35 821.0 647.0 832.0 659.0
face 0.35 710.0 661.0 720.0 673.0
face 0.35 320.0 846.0 330.0 858.0
face 0.35 309.0 830.0 320.0 841.0
face 0.35 272.0 734.0 283.0 747.0
face 0.35 447.0 781.0 458.0 794.0
face 0.35 910.0 463.0 921.0 474.0
face 0.35 696.0 791.0 705.0 802.0
face 0.35 639.0 790.0 650.0 801.0
face 0.35 640.0 822.0 650.0 833.0
face 0.35 326.0 863.0 337.0 876.0
face 0.35 631.0 852.0 641.0 863.0
face 0.35 431.0 685.0 443.0 699.0
face 0.35 726.0 495.0 737.0 507.0
face 0.35 320.0 861.0 330.0 873.0
face 0.35 800.0 652.0 811.0 665.0
face 0.35 457.0 926.0 466.0 938.0
face 0.35 471.0 773.0 481.0 785.0
face 0.35 515.0 818.0 534.0 839.0
face 0.35 615.0 886.0 626.0 899.0
face 0.35 688.0 493.0 698.0 505.0
face 0.35 751.0 637.0 762.0 650.0
face 0.35 669.0 642.0 684.0 659.0
face 0.35 466.0 831.0 478.0 845.0
face 0.35 326.0 751.0 335.0 762.0
face 0.35 865.0 683.0 879.0 700.0
face 0.35 437.0 779.0 451.0 796.0
face 0.35 712.0 701.0 722.0 713.0
face 0.35 278.0 727.0 288.0 738.0
face 0.35 719.0 527.0 729.0 538.0
face 0.35 749.0 901.0 760.0 913.0
face 0.35 846.0 677.0 856.0 690.0
face 0.35 839.0 621.0 849.0 634.0
face 0.35 528.0 679.0 538.0 692.0
face 0.35 751.0 884.0 765.0 899.0
face 0.35 622.0 742.0 632.0 754.0
face 0.35 296.0 678.0 307.0 691.0
face 0.35 351.0 510.0 361.0 523.0
face 0.35 743.0 895.0 753.0 908.0
face 0.35 591.0 668.0 603.0 682.0
face 0.35 341.0 822.0 351.0 835.0
face 0.35 263.0 742.0 274.0 755.0
face 0.35 768.0 603.0 779.0 617.0
face 0.35 488.0 868.0 498.0 881.0
face 0.35 702.0 607.0 714.0 621.0
face 0.35 551.0 710.0 561.0 722.0
face 0.35 902.0 525.0 913.0 538.0
face 0.35 894.0 676.0 908.0 694.0
face 0.35 719.0 699.0 729.0 712.0
face 0.35 669.0 736.0 680.0 748.0
face 0.35 840.0 647.0 849.0 658.0
face 0.35 454.0 733.0 464.0 745.0
face 0.35 272.0 711.0 281.0 722.0
face 0.35 471.0 676.0 482.0 689.0
