face 1.00 695.0 216.0 727.0 257.0
face 1.00 716.0 146.0 747.0 185.0
face 1.00 550.0 281.0 582.0 323.0
face 1.00 837.0 194.0 867.0 232.0
face 1.00 423.0 223.0 457.0 265.0
face 1.00 181.0 258.0 217.0 304.0
face 1.00 733.0 187.0 762.0 225.0
face 1.00 389.0 245.0 425.0 286.0
face 1.00 648.0 277.0 678.0 316.0
face 1.00 730.0 267.0 766.0 312.0
face 1.00 445.0 149.0 475.0 189.0
face 1.00 637.0 152.0 669.0 191.0
face 1.00 554.0 134.0 583.0 172.0
face 1.00 298.0 182.0 329.0 219.0
face 1.00 239.0 274.0 275.0 319.0
face 1.00 565.0 183.0 595.0 221.0
face 1.00 471.0 123.0 501.0 160.0
face 1.00 328.0 219.0 358.0 259.0
face 1.00 239.0 179.0 269.0 216.0
face 1.00 590.0 277.0 632.0 336.0
face 1.00 478.0 274.0 512.0 316.0
face 1.00 808.0 258.0 842.0 300.0
face 1.00 386.0 308.0 421.0 351.0
face 1.00 300.0 257.0 332.0 299.0
face 1.00 396.0 183.0 425.0 220.0
face 1.00 649.0 203.0 680.0 244.0
face 1.00 378.0 127.0 407.0 161.0
face 1.00 510.0 224.0 545.0 269.0
face 1.00 485.0 201.0 517.0 238.0
face 0.99 604.0 220.0 637.0 261.0
face 0.99 338.0 156.0 366.0 190.0
face 0.74 184.0 619.0 205.0 642.0
face 0.52 165.0 340.0 177.0 355.0
face 0.42 175.0 586.0 189.0 604.0
face 0.39 155.0 624.0 172.0 642.0
face 0.38 531.0 627.0 549.0 647.0
face 0.38 130.0 139.0 143.0 154.0
face 0.37 324.0 427.0 339.0 444.0
face 0.37 863.0 414.0 876.0 431.0
face 0.37 458.0 269.0 474.0 288.0
face 0.37 936.0 692.0 949.0 708.0
face 0.36 193.0 141.0 206.0 155.0
face 0.36 1012.0 238.0 1024.0 255.0
face 0.36 -1.0 69.0 9.0 85.0
face 0.36 182.0 80.0 192.0 92.0
face 0.35 214.0 93.0 226.0 107.0
face 0.35 198.0 86.0 209.0 99.0
face 0.35 55.0 119.0 65.0 131.0
face 0.35 158.0 228.0 170.0 242.0
face 0.35 14.0 71.0 24.0 84.0
