face 1.00 801.0 295.0 848.0 348.0
face 0.65 438.0 275.0 453.0 293.0
face 0.55 72.0 247.0 97.0 277.0
face 0.49 583.0 423.0 599.0 445.0
face 0.48 392.0 214.0 416.0 244.0
face 0.48 231.0 235.0 246.0 254.0
face 0.47 733.0 338.0 814.0 456.0
face 0.45 566.0 299.0 581.0 318.0
face 0.43 657.0 620.0 671.0 637.0
face 0.41 675.0 603.0 691.0 623.0
face 0.41 7.0 240.0 17.0 251.0
face 0.40 33.0 211.0 78.0 258.0
face 0.40 668.0 638.0 682.0 656.0
face 0.40 906.0 521.0 927.0 548.0
face 0.39 502.0 286.0 513.0 300.0
face 0.39 67.0 229.0 79.0 244.0
face 0.39 355.0 246.0 371.0 265.0
face 0.38 450.0 281.0 467.0 302.0
face 0.37 268.0 324.0 287.0 345.0
face 0.36 332.0 388.0 346.0 407.0
face 0.36 877.0 651.0 888.0 666.0
face 0.36 332.0 261.0 345.0 276.0
face 0.36 572.0 377.0 585.0 395.0
face 0.36 495.0 213.0 506.0 226.0
face 0.36 487.0 358.0 502.0 376.0
face 0.36 328.0 254.0 338.0 268.0
face 0.36 88.0 216.0 97.0 227.0
face 0.36 342.0 229.0 356.0 246.0
face 0.35 342.0 261.0 352.0 274.0
face 0.35 341.0 268.0 355.0 285.0
face 0.35 349.0 236.0 360.0 248.0
face 0.35 243.0 236.0 255.0 253.0
face 0.35 78.0 214.0 89.0 226.0
face 0.35 477.0 441.0 490.0 457.0
face 0.35 156.0 277.0 171.0 294.0
face 0.35 86.0 220.0 97.0 235.0
face 0.35 327.0 222.0 338.0 233.0
