face 1.00 270.0 68.0 320.0 128.0
face 1.00 788.0 57.0 837.0 118.0
face 1.00 196.0 71.0 247.0 129.0
face 1.00 106.0 76.0 154.0 136.0
face 1.00 491.0 83.0 535.0 140.0
face 1.00 723.0 61.0 760.0 110.0
face 1.00 413.0 88.0 457.0 139.0
face 0.92 570.0 62.0 620.0 129.0
face 0.67 518.0 350.0 594.0 425.0
face 0.54 987.0 448.0 1006.0 470.0
face 0.51 631.0 65.0 645.0 82.0
face 0.46 322.0 235.0 336.0 252.0
face 0.36 325.0 260.0 339.0 279.0
face 0.36 311.0 534.0 325.0 549.0
face 0.35 815.0 211.0 845.0 248.0
