face 0.96 546.0 315.0 659.0 525.0
face 0.95 189.0 296.0 527.0 622.0
face 0.75 595.0 295.0 750.0 516.0
face 0.70 739.0 823.0 908.0 1032.0
face 0.64 769.0 991.0 853.0 1095.0
face 0.52 672.0 923.0 696.0 953.0
face 0.50 266.0 99.0 520.0 367.0
face 0.49 238.0 1200.0 345.0 1326.0
face 0.43 659.0 961.0 674.0 979.0
face 0.39 287.0 56.0 347.0 125.0
face 0.37 448.0 1379.0 462.0 1396.0
face 0.37 195.0 1212.0 211.0 1233.0
face 0.37 317.0 90.0 329.0 104.0
face 0.37 453.0 1333.0 467.0 1352.0
face 0.37 412.0 803.0 469.0 882.0
face 0.36 701.0 970.0 715.0 988.0
face 0.35 421.0 117.0 438.0 137.0
