face 1.00 728.0 383.0 896.0 618.0
face 1.00 304.0 240.0 336.0 285.0
face 1.00 996.0 191.0 1016.0 217.0
face 0.98 38.0 260.0 62.0 286.0
face 0.97 958.0 194.0 977.0 216.0
face 0.95 730.0 227.0 749.0 249.0
face 0.93 28.0 322.0 51.0 351.0
face 0.91 403.0 245.0 438.0 283.0
face 0.91 955.0 245.0 972.0 267.0
face 0.88 805.0 221.0 870.0 297.0
face 0.88 906.0 245.0 926.0 269.0
face 0.87 145.0 283.0 174.0 323.0
face 0.84 209.0 270.0 229.0 295.0
face 0.83 6.0 263.0 28.0 288.0
face 0.81 90.0 279.0 118.0 315.0
face 0.79 917.0 206.0 932.0 223.0
face 0.74 109.0 236.0 138.0 274.0
face 0.59 557.0 270.0 613.0 326.0
face 0.52 763.0 204.0 791.0 244.0
face 0.52 695.0 258.0 736.0 303.0
face 0.48 256.0 547.0 271.0 569.0
face 0.47 1003.0 240.0 1020.0 258.0
face 0.47 856.0 133.0 870.0 152.0
face 0.46 147.0 263.0 160.0 280.0
face 0.45 186.0 266.0 205.0 289.0
face 0.45 524.0 318.0 535.0 331.0
face 0.43 197.0 252.0 210.0 269.0
face 0.42 819.0 139.0 834.0 159.0
face 0.42 0.0 346.0 19.0 378.0
face 0.41 526.0 285.0 537.0 300.0
face 0.41 204.0 312.0 221.0 333.0
face 0.39 740.0 150.0 754.0 167.0
face 0.37 20.0 606.0 33.0 622.0
face 0.37 98.0 380.0 115.0 401.0
face 0.37 543.0 313.0 558.0 331.0
face 0.37 922.0 251.0 937.0 268.0
face 0.36 900.0 213.0 913.0 230.0
face 0.36 61.0 261.0 75.0 280.0
face 0.35 206.0 236.0 218.0 252.0
face 0.35 214.0 236.0 228.0 252.0
