face 1.00 83.0 205.0 175.0 335.0
face 1.00 262.0 214.0 331.0 307.0
face 1.00 511.0 196.0 575.0 286.0
face 1.00 801.0 206.0 885.0 307.0
face 1.00 931.0 208.0 981.0 280.0
face 0.72 827.0 354.0 839.0 368.0
face 0.52 477.0 193.0 495.0 216.0
face 0.51 232.0 248.0 242.0 261.0
face 0.49 203.0 100.0 217.0 116.0
face 0.43 215.0 207.0 225.0 219.0
face 0.43 203.0 120.0 218.0 138.0
face 0.39 197.0 242.0 214.0 261.0
face 0.38 170.0 30.0 182.0 45.0
face 0.37 279.0 122.0 294.0 140.0
face 0.36 200.0 117.0 211.0 131.0
face 0.36 263.0 167.0 273.0 178.0
face 0.36 198.0 95.0 209.0 109.0
face 0.36 192.0 109.0 202.0 122.0
face 0.35 494.0 182.0 505.0 195.0
face 0.35 168.0 22.0 178.0 35.0
face 0.35 191.0 98.0 203.0 116.0
face 0.35 198.0 188.0 209.0 202.0
face 0.35 279.0 87.0 290.0 99.0
face 0.35 262.0 68.0 274.0 82.0
face 0.35 215.0 125.0 226.0 138.0
face 0.35 198.0 110.0 209.0 123.0
face 0.35 485.0 190.0 496.0 206.0
