face 0.98 614.0 294.0 628.0 312.0
face 0.96 505.0 337.0 521.0 357.0
face 0.88 432.0 324.0 467.0 374.0
face 0.79 405.0 280.0 419.0 299.0
face 0.77 273.0 291.0 289.0 311.0
face 0.70 506.0 306.0 519.0 322.0
face 0.69 667.0 279.0 682.0 299.0
face 0.68 583.0 292.0 594.0 305.0
face 0.65 583.0 231.0 611.0 264.0
face 0.47 535.0 271.0 544.0 282.0
face 0.46 541.0 301.0 551.0 314.0
face 0.45 600.0 236.0 625.0 266.0
face 0.43 485.0 270.0 495.0 284.0
face 0.43 511.0 125.0 521.0 138.0
face 0.41 494.0 291.0 505.0 305.0
face 0.41 518.0 334.0 528.0 348.0
face 0.41 576.0 278.0 586.0 291.0
face 0.38 554.0 294.0 563.0 306.0
face 0.37 535.0 126.0 544.0 137.0
face 0.37 453.0 283.0 468.0 301.0
face 0.37 469.0 269.0 483.0 287.0
face 0.36 608.0 318.0 618.0 332.0
face 0.36 691.0 317.0 706.0 333.0
face 0.36 1011.0 260.0 1023.0 277.0
face 0.35 470.0 263.0 481.0 275.0
face 0.35 487.0 286.0 498.0 300.0
face 0.35 555.0 299.0 566.0 313.0
face 0.35 468.0 395.0 485.0 417.0
