face 1.00 58.0 46.0 259.0 320.0
face 1.00 77.0 989.0 279.0 1237.0
face 1.00 427.0 576.0 483.0 651.0
face 1.00 206.0 403.0 371.0 611.0
face 0.81 840.0 485.0 940.0 654.0
face 0.56 73.0 775.0 110.0 814.0
face 0.54 342.0 819.0 369.0 850.0
face 0.44 412.0 541.0 434.0 571.0
face 0.42 170.0 714.0 200.0 750.0
face 0.41 181.0 141.0 224.0 194.0
face 0.39 167.0 39.0 182.0 56.0
face 0.39 121.0 380.0 145.0 412.0
face 0.38 39.0 210.0 52.0 227.0
face 0.36 350.0 781.0 361.0 795.0
face 0.36 936.0 340.0 962.0 377.0
face 0.36 54.0 205.0 65.0 219.0
face 0.36 933.0 741.0 949.0 760.0
face 0.35 29.0 352.0 44.0 372.0
face 0.35 206.0 159.0 218.0 173.0
face 0.35 189.0 158.0 201.0 172.0
