face 1.00 189.0 42.0 242.0 116.0
face 0.99 800.0 115.0 832.0 158.0
face 0.98 722.0 111.0 756.0 154.0
face 0.46 923.0 403.0 940.0 423.0
face 0.46 676.0 438.0 698.0 467.0
face 0.43 660.0 159.0 676.0 179.0
face 0.42 694.0 123.0 708.0 140.0
face 0.39 150.0 648.0 168.0 670.0
face 0.39 396.0 90.0 411.0 110.0
face 0.37 782.0 87.0 793.0 100.0
face 0.36 845.0 614.0 859.0 629.0
face 0.36 895.0 261.0 906.0 274.0
face 0.35 878.0 598.0 888.0 611.0
face 0.35 648.0 61.0 661.0 77.0
face 0.35 879.0 86.0 890.0 99.0
face 0.35 783.0 70.0 796.0 85.0
face 0.35 749.0 51.0 761.0 66.0
face 0.35 766.0 61.0 778.0 77.0
