face 1.00 293.0 58.0 446.0 249.0
face 0.92 175.0 36.0 237.0 114.0
face 0.52 519.0 258.0 539.0 290.0
face 0.47 469.0 430.0 481.0 444.0
face 0.43 591.0 494.0 602.0 508.0
face 0.40 523.0 204.0 547.0 239.0
face 0.38 579.0 508.0 594.0 526.0
face 0.37 591.0 516.0 601.0 528.0
face 0.37 187.0 94.0 277.0 234.0
face 0.36 606.0 531.0 620.0 548.0
face 0.36 597.0 509.0 611.0 525.0
face 0.36 278.0 19.0 294.0 37.0
face 0.36 545.0 293.0 746.0 530.0
face 0.35 503.0 525.0 514.0 537.0
face 0.35 609.0 541.0 620.0 555.0
face 0.35 459.0 409.0 474.0 428.0
face 0.35 486.0 454.0 498.0 468.0
face 0.35 600.0 533.0 610.0 545.0
face 0.35 601.0 527.0 612.0 539.0
face 0.35 515.0 311.0 534.0 335.0
face 0.35 607.0 519.0 617.0 531.0
