face 1.00 636.0 190.0 677.0 245.0
face 1.00 253.0 203.0 292.0 254.0
face 1.00 476.0 246.0 502.0 279.0
face 1.00 383.0 264.0 405.0 290.0
face 1.00 105.0 246.0 129.0 275.0
face 0.97 863.0 242.0 886.0 270.0
face 0.95 889.0 281.0 925.0 323.0
face 0.75 913.0 253.0 934.0 280.0
face 0.67 766.0 297.0 780.0 313.0
face 0.42 574.0 305.0 584.0 317.0
face 0.42 31.0 438.0 59.0 472.0
face 0.41 795.0 431.0 821.0 462.0
face 0.41 858.0 327.0 871.0 343.0
face 0.40 347.0 267.0 365.0 289.0
face 0.39 267.0 369.0 289.0 395.0
face 0.37 671.0 243.0 699.0 277.0
face 0.36 780.0 278.0 793.0 296.0
face 0.36 189.0 0.0 204.0 17.0
face 0.35 211.0 -1.0 229.0 18.0
face 0.35 768.0 333.0 780.0 347.0
face 0.35 202.0 381.0 219.0 405.0
