face 1.00 868.0 69.0 950.0 169.0
face 1.00 87.0 122.0 157.0 209.0
face 0.99 285.0 166.0 320.0 227.0
face 0.91 426.0 60.0 481.0 132.0
face 0.90 687.0 174.0 718.0 226.0
face 0.87 516.0 201.0 549.0 247.0
face 0.70 447.0 195.0 462.0 216.0
face 0.61 573.0 221.0 585.0 233.0
face 0.57 422.0 192.0 436.0 209.0
face 0.57 395.0 193.0 408.0 211.0
face 0.50 585.0 38.0 610.0 70.0
face 0.46 699.0 34.0 782.0 125.0
face 0.44 412.0 81.0 429.0 102.0
face 0.43 273.0 524.0 287.0 540.0
face 0.42 943.0 77.0 958.0 97.0
face 0.41 493.0 6.0 504.0 19.0
face 0.41 671.0 70.0 684.0 86.0
face 0.40 518.0 200.0 530.0 214.0
face 0.38 826.0 400.0 841.0 420.0
face 0.37 285.0 356.0 301.0 375.0
face 0.37 409.0 517.0 419.0 528.0
face 0.36 784.0 544.0 794.0 556.0
face 0.36 303.0 170.0 317.0 191.0
face 0.36 828.0 307.0 846.0 330.0
face 0.35 515.0 10.0 529.0 27.0
face 0.35 415.0 189.0 425.0 203.0
