face 1.00 407.0 102.0 522.0 250.0
face 0.97 332.0 389.0 376.0 443.0
face 0.94 546.0 490.0 576.0 520.0
face 0.75 574.0 460.0 586.0 474.0
face 0.69 550.0 461.0 566.0 480.0
face 0.62 349.0 778.0 454.0 924.0
face 0.61 544.0 383.0 587.0 434.0
face 0.59 591.0 389.0 617.0 429.0
face 0.47 587.0 351.0 603.0 371.0
face 0.46 392.0 319.0 416.0 350.0
face 0.45 343.0 325.0 374.0 361.0
face 0.45 499.0 721.0 624.0 914.0
face 0.42 512.0 418.0 531.0 440.0
face 0.42 405.0 384.0 442.0 425.0
face 0.40 512.0 316.0 554.0 358.0
face 0.40 364.0 973.0 425.0 1038.0
face 0.37 590.0 384.0 606.0 404.0
face 0.37 328.0 357.0 338.0 367.0
face 0.36 597.0 474.0 611.0 493.0
face 0.36 320.0 374.0 329.0 386.0
face 0.36 311.0 356.0 321.0 367.0
face 0.36 574.0 302.0 586.0 316.0
face 0.36 317.0 356.0 329.0 369.0
face 0.35 590.0 331.0 604.0 350.0
face 0.35 333.0 368.0 345.0 382.0
face 0.35 590.0 459.0 600.0 471.0
face 0.35 530.0 473.0 547.0 495.0
face 0.35 521.0 459.0 538.0 478.0
face 0.35 326.0 373.0 339.0 388.0
face 0.35 381.0 341.0 393.0 355.0
