face 1.00 487.0 185.0 562.0 282.0
face 0.75 845.0 543.0 865.0 568.0
face 0.67 303.0 234.0 326.0 264.0
face 0.61 367.0 109.0 378.0 124.0
face 0.55 351.0 54.0 371.0 81.0
face 0.53 329.0 47.0 347.0 68.0
face 0.53 862.0 368.0 874.0 381.0
face 0.53 925.0 558.0 942.0 577.0
face 0.51 959.0 508.0 973.0 523.0
face 0.47 658.0 495.0 672.0 512.0
face 0.47 357.0 394.0 392.0 431.0
face 0.46 876.0 558.0 892.0 576.0
face 0.46 402.0 490.0 423.0 514.0
face 0.45 813.0 555.0 827.0 572.0
face 0.43 1004.0 400.0 1022.0 421.0
face 0.43 278.0 134.0 290.0 148.0
face 0.42 633.0 226.0 656.0 254.0
face 0.42 794.0 496.0 809.0 516.0
face 0.41 356.0 654.0 367.0 667.0
face 0.41 761.0 524.0 773.0 539.0
face 0.40 881.0 534.0 892.0 547.0
face 0.40 260.0 99.0 277.0 121.0
face 0.39 919.0 537.0 931.0 552.0
face 0.39 2.0 573.0 16.0 591.0
face 0.38 454.0 15.0 464.0 27.0
face 0.38 565.0 459.0 581.0 478.0
face 0.37 292.0 102.0 305.0 117.0
face 0.37 340.0 575.0 356.0 595.0
face 0.37 951.0 540.0 961.0 552.0
face 0.37 774.0 548.0 787.0 565.0
face 0.37 783.0 582.0 793.0 595.0
face 0.37 741.0 152.0 756.0 171.0
face 0.37 941.0 555.0 954.0 570.0
face 0.37 802.0 538.0 816.0 554.0
face 0.37 782.0 566.0 792.0 578.0
face 0.37 790.0 573.0 803.0 588.0
face 0.37 837.0 573.0 848.0 587.0
face 0.36 286.0 101.0 298.0 116.0
face 0.36 975.0 526.0 986.0 537.0
face 0.36 853.0 533.0 866.0 549.0
face 0.36 806.0 582.0 818.0 596.0
face 0.36 958.0 502.0 969.0 515.0
face 0.36 806.0 565.0 817.0 578.0
face 0.36 870.0 542.0 881.0 554.0
face 0.36 831.0 550.0 842.0 562.0
face 0.36 799.0 567.0 809.0 579.0
face 0.36 791.0 550.0 801.0 562.0
face 0.36 800.0 549.0 811.0 562.0
face 0.36 792.0 567.0 802.0 579.0
face 0.36 338.0 180.0 358.0 201.0
face 0.36 871.0 551.0 882.0 564.0
face 0.36 925.0 541.0 936.0 554.0
face 0.36 798.0 574.0 809.0 586.0
face 0.36 879.0 515.0 890.0 528.0
face 0.36 898.0 582.0 912.0 599.0
face 0.36 928.0 444.0 939.0 458.0
face 0.36 822.0 380.0 837.0 397.0
face 0.36 935.0 551.0 946.0 565.0
face 0.36 882.0 614.0 905.0 642.0
face 0.36 328.0 60.0 338.0 74.0
face 0.35 969.0 527.0 979.0 538.0
face 0.35 918.0 558.0 930.0 573.0
face 0.35 999.0 398.0 1009.0 411.0
face 0.35 855.0 579.0 866.0 593.0
face 0.35 940.0 370.0 954.0 386.0
face 0.35 951.0 526.0 961.0 537.0
face 0.35 895.0 542.0 906.0 554.0
face 0.35 860.0 540.0 874.0 556.0
face 0.35 956.0 535.0 967.0 548.0
face 0.35 368.0 408.0 387.0 430.0
face 0.35 967.0 549.0 978.0 561.0
face 0.35 901.0 542.0 913.0 555.0
face 0.35 790.0 559.0 801.0 571.0
face 0.35 840.0 474.0 854.0 494.0
face 0.35 981.0 535.0 992.0 547.0
face 0.35 287.0 140.0 298.0 153.0
face 0.35 839.0 542.0 849.0 554.0
face 0.35 877.0 551.0 889.0 564.0
face 0.35 894.0 558.0 905.0 571.0
face 0.35 861.0 571.0 874.0 589.0
face 0.35 198.0 619.0 223.0 649.0
face 0.35 839.0 549.0 850.0 563.0
face 0.35 848.0 534.0 858.0 546.0
face 0.35 340.0 52.0 352.0 66.0
face 0.35 871.0 535.0 882.0 548.0
face 0.35 823.0 551.0 833.0 562.0
face 0.35 894.0 516.0 908.0 533.0
face 0.35 148.0 662.0 161.0 676.0
face 0.35 950.0 518.0 960.0 531.0
face 0.35 303.0 87.0 313.0 98.0
face 0.35 582.0 444.0 596.0 462.0
face 0.35 1007.0 376.0 1018.0 388.0
face 0.35 935.0 534.0 947.0 547.0
face 0.35 911.0 525.0 922.0 538.0
face 0.35 784.0 526.0 794.0 537.0
face 0.35 949.0 558.0 960.0 571.0
face 0.35 957.0 541.0 968.0 555.0
face 0.35 959.0 565.0 974.0 583.0
face 0.35 855.0 528.0 864.0 538.0
