face 1.00 151.0 24.0 191.0 79.0
face 1.00 367.0 225.0 411.0 291.0
face 1.00 719.0 311.0 761.0 358.0
face 1.00 795.0 300.0 835.0 361.0
face 0.77 887.0 369.0 937.0 432.0
face 0.54 834.0 461.0 883.0 531.0
face 0.52 667.0 189.0 683.0 208.0
face 0.51 191.0 39.0 202.0 53.0
face 0.49 833.0 314.0 850.0 336.0
face 0.46 384.0 226.0 407.0 258.0
face 0.44 576.0 506.0 592.0 526.0
face 0.41 355.0 245.0 380.0 276.0
face 0.38 111.0 128.0 151.0 191.0
face 0.37 608.0 428.0 620.0 443.0
face 0.36 791.0 125.0 803.0 139.0
face 0.36 948.0 167.0 959.0 179.0
face 0.36 668.0 406.0 681.0 421.0
face 0.36 -1.0 20.0 9.0 35.0
face 0.36 517.0 102.0 529.0 115.0
face 0.35 590.0 437.0 601.0 450.0
face 0.35 935.0 166.0 945.0 178.0
face 0.35 945.0 172.0 955.0 185.0
face 0.35 15.0 22.0 25.0 34.0
