face 1.00 290.0 121.0 330.0 178.0
face 0.98 62.0 489.0 78.0 509.0
face 0.96 495.0 579.0 516.0 603.0
face 0.90 226.0 522.0 240.0 539.0
face 0.83 368.0 641.0 396.0 675.0
face 0.82 454.0 572.0 468.0 588.0
face 0.74 420.0 568.0 436.0 586.0
face 0.65 137.0 526.0 147.0 539.0
face 0.64 102.0 523.0 113.0 536.0
face 0.56 411.0 619.0 426.0 636.0
face 0.55 270.0 750.0 282.0 763.0
face 0.55 178.0 530.0 189.0 544.0
face 0.52 573.0 776.0 584.0 789.0
face 0.50 193.0 532.0 204.0 544.0
face 0.49 78.0 776.0 89.0 788.0
face 0.47 87.0 506.0 97.0 518.0
face 0.46 158.0 527.0 168.0 539.0
face 0.45 149.0 775.0 161.0 788.0
face 0.42 70.0 478.0 83.0 495.0
face 0.39 473.0 137.0 483.0 148.0
face 0.39 145.0 70.0 187.0 118.0
face 0.38 463.0 774.0 474.0 788.0
face 0.38 174.0 744.0 185.0 758.0
face 0.37 873.0 776.0 884.0 788.0
face 0.37 478.0 775.0 489.0 788.0
face 0.37 604.0 157.0 615.0 169.0
face 0.37 614.0 624.0 624.0 635.0
face 0.37 106.0 748.0 119.0 763.0
face 0.37 122.0 829.0 135.0 843.0
face 0.36 642.0 778.0 655.0 794.0
face 0.36 630.0 749.0 640.0 762.0
face 0.36 648.0 803.0 664.0 820.0
face 0.36 622.0 157.0 632.0 169.0
face 0.36 757.0 749.0 768.0 761.0
face 0.36 486.0 606.0 498.0 620.0
face 0.35 49.0 749.0 62.0 764.0
face 0.35 279.0 549.0 291.0 563.0
face 0.35 959.0 776.0 970.0 788.0
face 0.35 439.0 749.0 450.0 761.0
face 0.35 438.0 567.0 449.0 580.0
face 0.35 286.0 551.0 298.0 565.0
face 0.35 462.0 151.0 472.0 163.0
face 0.35 111.0 518.0 121.0 530.0
face 0.35 455.0 798.0 466.0 811.0
