face 0.96 658.0 153.0 673.0 173.0
face 0.92 509.0 130.0 526.0 150.0
face 0.61 0.0 174.0 16.0 202.0
face 0.45 53.0 307.0 64.0 321.0
face 0.42 689.0 143.0 710.0 170.0
face 0.42 84.0 224.0 100.0 245.0
face 0.40 38.0 310.0 48.0 322.0
face 0.39 298.0 209.0 314.0 228.0
face 0.39 704.0 181.0 715.0 194.0
face 0.39 378.0 346.0 405.0 382.0
face 0.39 453.0 1.0 465.0 13.0
face 0.39 271.0 557.0 282.0 572.0
face 0.38 420.0 216.0 445.0 242.0
face 0.38 88.0 141.0 101.0 156.0
face 0.38 388.0 140.0 402.0 156.0
face 0.38 59.0 535.0 73.0 552.0
face 0.38 271.0 259.0 286.0 279.0
face 0.37 141.0 526.0 156.0 544.0
face 0.37 471.0 166.0 485.0 183.0
face 0.37 502.0 140.0 514.0 154.0
face 0.37 644.0 172.0 657.0 189.0
face 0.37 46.0 415.0 58.0 429.0
face 0.36 142.0 499.0 156.0 515.0
face 0.36 31.0 325.0 40.0 337.0
face 0.36 270.0 325.0 280.0 338.0
face 0.36 79.0 540.0 91.0 553.0
face 0.36 101.0 386.0 114.0 403.0
face 0.36 658.0 106.0 672.0 124.0
face 0.36 94.0 499.0 106.0 513.0
face 0.36 85.0 466.0 99.0 484.0
face 0.36 430.0 226.0 442.0 240.0
face 0.36 447.0 179.0 458.0 191.0
face 0.36 20.0 309.0 30.0 321.0
face 0.36 263.0 326.0 274.0 339.0
face 0.36 43.0 549.0 57.0 566.0
face 0.36 119.0 531.0 131.0 545.0
face 0.36 21.0 381.0 32.0 394.0
face 0.36 52.0 413.0 68.0 431.0
face 0.36 286.0 340.0 299.0 356.0
face 0.36 39.0 400.0 49.0 412.0
face 0.36 19.0 554.0 35.0 575.0
face 0.36 14.0 405.0 25.0 417.0
face 0.36 88.0 494.0 98.0 508.0
face 0.36 283.0 261.0 298.0 278.0
face 0.36 279.0 327.0 290.0 340.0
face 0.35 132.0 514.0 146.0 532.0
face 0.35 23.0 404.0 34.0 416.0
face 0.35 1006.0 260.0 1018.0 275.0
face 0.35 84.0 308.0 98.0 326.0
face 0.35 223.0 318.0 234.0 330.0
face 0.35 432.0 248.0 443.0 261.0
face 0.35 97.0 534.0 107.0 547.0
face 0.35 108.0 510.0 120.0 523.0
face 0.35 158.0 540.0 174.0 559.0
face 0.35 262.0 318.0 274.0 331.0
face 0.35 286.0 327.0 296.0 339.0
face 0.35 158.0 526.0 169.0 540.0
face 0.35 95.0 406.0 105.0 418.0
face 0.35 71.0 540.0 81.0 552.0
face 0.35 70.0 381.0 81.0 394.0
face 0.35 94.0 558.0 106.0 571.0
face 0.35 455.0 167.0 464.0 178.0
face 0.35 6.0 342.0 17.0 356.0
face 0.35 53.0 381.0 64.0 395.0
face 0.35 276.0 438.0 290.0 455.0
face 0.35 189.0 317.0 200.0 330.0
face 0.35 279.0 376.0 289.0 389.0
face 0.35 55.0 540.0 67.0 554.0
face 0.35 422.0 156.0 433.0 170.0
face 0.35 1011.0 372.0 1023.0 389.0
face 0.35 39.0 373.0 48.0 385.0
