face 1.00 232.0 72.0 371.0 274.0
face 1.00 496.0 196.0 585.0 320.0
face 0.99 352.0 107.0 429.0 236.0
face 0.63 702.0 236.0 717.0 254.0
face 0.62 114.0 164.0 155.0 209.0
face 0.62 790.0 214.0 803.0 229.0
face 0.61 503.0 250.0 528.0 284.0
face 0.53 687.0 210.0 710.0 238.0
face 0.53 574.0 354.0 587.0 371.0
face 0.44 4.0 167.0 66.0 255.0
face 0.42 749.0 252.0 763.0 272.0
face 0.42 743.0 215.0 754.0 229.0
face 0.39 114.0 178.0 131.0 199.0
face 0.36 666.0 148.0 681.0 165.0
face 0.36 718.0 245.0 732.0 261.0
face 0.36 629.0 255.0 689.0 311.0
face 0.35 716.0 655.0 733.0 676.0
