face 1.00 557.0 132.0 705.0 315.0
face 1.00 86.0 14.0 157.0 108.0
face 1.00 259.0 9.0 330.0 108.0
face 1.00 442.0 2.0 516.0 90.0
face 1.00 190.0 39.0 236.0 95.0
face 1.00 812.0 65.0 951.0 288.0
face 0.96 0.0 28.0 44.0 94.0
face 0.85 350.0 79.0 394.0 122.0
face 0.57 163.0 522.0 179.0 541.0
face 0.53 450.0 602.0 464.0 622.0
face 0.49 226.0 27.0 270.0 92.0
face 0.45 19.0 51.0 37.0 73.0
face 0.45 250.0 96.0 265.0 115.0
face 0.44 449.0 671.0 465.0 692.0
face 0.44 372.0 12.0 388.0 29.0
face 0.43 503.0 3.0 558.0 76.0
face 0.43 20.0 5.0 35.0 24.0
face 0.42 77.0 76.0 90.0 92.0
face 0.40 205.0 595.0 222.0 614.0
face 0.40 180.0 518.0 193.0 535.0
face 0.39 763.0 81.0 778.0 100.0
face 0.39 478.0 108.0 490.0 122.0
face 0.38 333.0 54.0 345.0 71.0
face 0.38 83.0 96.0 96.0 115.0
face 0.37 1001.0 263.0 1020.0 289.0
face 0.37 139.0 289.0 166.0 323.0
face 0.37 512.0 385.0 535.0 416.0
face 0.36 0.0 133.0 10.0 149.0
face 0.36 426.0 34.0 444.0 58.0
face 0.36 533.0 6.0 546.0 22.0
face 0.35 332.0 713.0 349.0 736.0
face 0.35 366.0 18.0 378.0 32.0
