face 1.00 393.0 240.0 433.0 294.0
face 1.00 187.0 279.0 222.0 325.0
face 1.00 91.0 260.0 130.0 319.0
face 1.00 635.0 322.0 658.0 351.0
face 1.00 564.0 309.0 591.0 348.0
face 1.00 139.0 259.0 177.0 314.0
face 1.00 602.0 313.0 627.0 347.0
face 1.00 543.0 298.0 571.0 337.0
face 1.00 344.0 244.0 383.0 306.0
face 0.99 396.0 454.0 436.0 512.0
face 0.98 22.0 252.0 55.0 301.0
face 0.98 611.0 431.0 627.0 451.0
face 0.97 453.0 260.0 491.0 308.0
face 0.73 464.0 438.0 488.0 469.0
face 0.57 216.0 423.0 241.0 455.0
face 0.57 -2.0 230.0 39.0 291.0
face 0.55 431.0 258.0 468.0 305.0
face 0.54 642.0 422.0 656.0 439.0
face 0.54 662.0 432.0 682.0 456.0
face 0.52 583.0 443.0 597.0 462.0
face 0.49 276.0 50.0 322.0 128.0
face 0.42 505.0 293.0 528.0 324.0
face 0.39 537.0 440.0 553.0 460.0
face 0.36 447.0 294.0 459.0 308.0
face 0.35 473.0 437.0 511.0 480.0
face 0.35 530.0 311.0 547.0 333.0
