face 0.80 324.0 307.0 349.0 337.0
face 0.75 573.0 284.0 585.0 300.0
face 0.74 509.0 255.0 526.0 277.0
face 0.57 369.0 303.0 388.0 331.0
face 0.57 457.0 297.0 469.0 313.0
face 0.55 87.0 259.0 103.0 281.0
face 0.53 907.0 269.0 922.0 287.0
face 0.49 367.0 269.0 376.0 281.0
face 0.43 749.0 268.0 765.0 285.0
face 0.41 251.0 276.0 266.0 297.0
face 0.41 958.0 270.0 969.0 284.0
face 0.41 0.0 283.0 24.0 323.0
face 0.39 784.0 273.0 798.0 290.0
face 0.39 303.0 300.0 317.0 320.0
face 0.39 716.0 296.0 732.0 318.0
face 0.39 36.0 261.0 51.0 279.0
face 0.39 294.0 274.0 308.0 291.0
face 0.38 375.0 282.0 389.0 298.0
face 0.37 469.0 301.0 481.0 315.0
face 0.37 813.0 406.0 827.0 424.0
face 0.37 709.0 286.0 720.0 298.0
face 0.37 846.0 404.0 892.0 453.0
face 0.37 175.0 278.0 187.0 292.0
face 0.36 196.0 270.0 207.0 284.0
face 0.36 208.0 292.0 222.0 309.0
face 0.36 988.0 361.0 1023.0 428.0
face 0.36 657.0 476.0 672.0 495.0
face 0.36 883.0 241.0 898.0 261.0
face 0.36 848.0 282.0 861.0 299.0
face 0.36 208.0 288.0 218.0 300.0
face 0.36 275.0 276.0 291.0 293.0
face 0.36 286.0 270.0 297.0 283.0
face 0.36 212.0 286.0 226.0 302.0
face 0.36 220.0 299.0 233.0 317.0
face 0.36 862.0 289.0 876.0 310.0
face 0.36 366.0 292.0 378.0 305.0
face 0.36 383.0 269.0 393.0 281.0
face 0.36 271.0 281.0 285.0 299.0
face 0.36 704.0 285.0 715.0 298.0
face 0.36 127.0 280.0 136.0 290.0
face 0.36 462.0 246.0 473.0 259.0
face 0.36 197.0 283.0 209.0 299.0
face 0.36 216.0 277.0 227.0 289.0
face 0.36 628.0 266.0 641.0 284.0
face 0.36 598.0 271.0 609.0 283.0
face 0.35 375.0 270.0 384.0 281.0
face 0.35 181.0 279.0 191.0 290.0
face 0.35 455.0 287.0 465.0 298.0
face 0.35 944.0 272.0 953.0 285.0
face 0.35 192.0 276.0 205.0 291.0
face 0.35 183.0 286.0 192.0 297.0
face 0.35 630.0 291.0 642.0 306.0
face 0.35 471.0 319.0 483.0 334.0
face 0.35 720.0 262.0 730.0 275.0
face 0.35 360.0 270.0 371.0 283.0
face 0.35 472.0 269.0 481.0 280.0
face 0.35 182.0 291.0 194.0 306.0
face 0.35 696.0 302.0 706.0 316.0
face 0.35 487.0 302.0 498.0 315.0
