face 1.00 760.0 388.0 792.0 441.0
face 1.00 67.0 419.0 102.0 464.0
face 1.00 805.0 275.0 829.0 306.0
face 0.98 526.0 267.0 554.0 302.0
face 0.95 299.0 539.0 339.0 606.0
face 0.86 144.0 326.0 169.0 358.0
face 0.85 987.0 271.0 1004.0 293.0
face 0.83 641.0 186.0 663.0 212.0
face 0.78 302.0 446.0 355.0 516.0
face 0.77 595.0 301.0 617.0 329.0
face 0.74 731.0 282.0 748.0 307.0
face 0.73 97.0 394.0 123.0 425.0
face 0.71 710.0 261.0 721.0 275.0
face 0.68 457.0 238.0 470.0 253.0
face 0.66 878.0 238.0 890.0 252.0
face 0.62 558.0 348.0 574.0 369.0
face 0.60 894.0 276.0 910.0 296.0
face 0.60 898.0 345.0 943.0 401.0
face 0.58 2.0 597.0 54.0 694.0
face 0.58 509.0 214.0 520.0 226.0
face 0.57 276.0 186.0 297.0 211.0
face 0.52 440.0 367.0 450.0 380.0
face 0.51 282.0 217.0 310.0 257.0
face 0.50 189.0 334.0 200.0 347.0
face 0.48 364.0 300.0 379.0 318.0
face 0.48 1010.0 228.0 1024.0 247.0
face 0.47 471.0 375.0 485.0 392.0
face 0.47 178.0 672.0 195.0 694.0
face 0.47 124.0 512.0 140.0 534.0
face 0.46 712.0 228.0 722.0 241.0
face 0.45 411.0 429.0 461.0 493.0
face 0.45 727.0 318.0 741.0 338.0
face 0.44 486.0 300.0 501.0 318.0
face 0.43 220.0 290.0 236.0 310.0
face 0.43 363.0 186.0 377.0 204.0
face 0.42 718.0 317.0 732.0 336.0
face 0.41 236.0 393.0 250.0 411.0
face 0.40 132.0 483.0 147.0 501.0
face 0.40 680.0 272.0 690.0 284.0
face 0.39 768.0 209.0 784.0 227.0
face 0.39 687.0 262.0 697.0 274.0
face 0.39 1005.0 364.0 1019.0 382.0
face 0.39 133.0 223.0 148.0 240.0
face 0.38 892.0 355.0 908.0 373.0
face 0.38 750.0 422.0 761.0 435.0
face 0.37 533.0 215.0 544.0 226.0
face 0.37 772.0 685.0 788.0 705.0
face 0.37 239.0 223.0 250.0 235.0
face 0.37 22.0 278.0 36.0 294.0
face 0.37 849.0 189.0 860.0 201.0
face 0.37 983.0 166.0 995.0 180.0
face 0.37 199.0 342.0 210.0 355.0
face 0.37 745.0 239.0 757.0 254.0
face 0.37 870.0 268.0 883.0 282.0
face 0.36 799.0 237.0 809.0 249.0
face 0.36 365.0 406.0 451.0 515.0
face 0.36 927.0 254.0 938.0 266.0
face 0.36 855.0 198.0 865.0 208.0
face 0.36 719.0 247.0 729.0 259.0
face 0.36 694.0 286.0 704.0 300.0
face 0.36 455.0 230.0 466.0 244.0
face 0.36 125.0 372.0 140.0 391.0
face 0.36 824.0 246.0 835.0 257.0
face 0.36 501.0 341.0 513.0 356.0
face 0.36 974.0 211.0 985.0 224.0
face 0.36 567.0 197.0 578.0 211.0
face 0.36 695.0 261.0 705.0 273.0
face 0.36 879.0 279.0 890.0 291.0
face 0.36 814.0 229.0 824.0 241.0
face 0.36 6.0 278.0 16.0 289.0
face 0.36 504.0 207.0 515.0 219.0
face 0.36 430.0 228.0 444.0 243.0
face 0.36 940.0 227.0 952.0 242.0
face 0.36 703.0 268.0 713.0 281.0
face 0.35 893.0 272.0 905.0 286.0
face 0.35 712.0 255.0 722.0 268.0
face 0.35 451.0 220.0 464.0 235.0
face 0.35 713.0 249.0 722.0 259.0
face 0.35 862.0 197.0 875.0 211.0
face 0.35 191.0 327.0 201.0 339.0
face 0.35 872.0 253.0 882.0 265.0
face 0.35 547.0 408.0 593.0 471.0
face 0.35 878.0 252.0 889.0 265.0
face 0.35 901.0 246.0 912.0 257.0
face 0.35 696.0 254.0 705.0 266.0
face 0.35 582.0 241.0 594.0 258.0
face 0.35 14.0 271.0 25.0 282.0
face 0.35 734.0 245.0 744.0 258.0
face 0.35 528.0 220.0 539.0 234.0
face 0.35 38.0 381.0 54.0 398.0
face 0.35 863.0 207.0 874.0 218.0
face 0.35 869.0 196.0 882.0 210.0
face 0.35 655.0 533.0 670.0 552.0
face 0.35 685.0 268.0 695.0 281.0
face 0.35 814.0 223.0 823.0 234.0
face 0.35 557.0 50.0 572.0 68.0
face 0.35 109.0 364.0 120.0 377.0
face 0.35 7.0 285.0 17.0 297.0
face 0.35 957.0 221.0 970.0 237.0
face 0.35 823.0 253.0 835.0 266.0
face 0.35 687.0 255.0 697.0 267.0
face 0.35 533.0 563.0 545.0 578.0
face 0.35 520.0 417.0 548.0 450.0
face 0.35 558.0 343.0 569.0 357.0
face 0.35 654.0 183.0 665.0 196.0
face 0.35 728.0 245.0 738.0 257.0
