face 1.00 743.0 128.0 792.0 181.0
face 0.99 753.0 209.0 805.0 268.0
face 0.99 915.0 220.0 963.0 279.0
face 0.98 596.0 232.0 644.0 296.0
face 0.93 243.0 382.0 264.0 407.0
face 0.79 101.0 380.0 122.0 407.0
face 0.60 181.0 381.0 203.0 411.0
face 0.58 926.0 426.0 953.0 456.0
face 0.54 314.0 381.0 333.0 405.0
face 0.48 766.0 397.0 814.0 451.0
face 0.46 383.0 230.0 397.0 246.0
face 0.45 118.0 412.0 132.0 428.0
face 0.41 113.0 436.0 144.0 468.0
face 0.36 926.0 130.0 939.0 148.0
face 0.35 326.0 471.0 337.0 482.0
face 0.35 910.0 93.0 919.0 104.0
face 0.35 498.0 217.0 515.0 236.0
