face 1.00 346.0 367.0 388.0 419.0
face 1.00 246.0 522.0 282.0 567.0
face 1.00 213.0 383.0 251.0 428.0
face 1.00 902.0 118.0 955.0 179.0
face 1.00 72.0 196.0 119.0 249.0
face 1.00 354.0 485.0 391.0 533.0
face 1.00 117.0 543.0 158.0 590.0
face 1.00 398.0 189.0 439.0 235.0
face 0.99 87.0 384.0 121.0 426.0
face 0.86 244.0 182.0 276.0 220.0
face 0.38 718.0 464.0 733.0 482.0
face 0.37 662.0 223.0 672.0 234.0
face 0.36 879.0 245.0 890.0 258.0
face 0.36 878.0 222.0 888.0 233.0
face 0.36 727.0 222.0 737.0 234.0
face 0.36 776.0 221.0 786.0 232.0
face 0.35 696.0 424.0 706.0 436.0
face 0.35 782.0 223.0 791.0 233.0
face 0.35 894.0 275.0 908.0 292.0
face 0.35 127.0 17.0 138.0 29.0
face 0.35 872.0 222.0 882.0 233.0
face 0.35 710.0 424.0 722.0 436.0
face 0.35 720.0 222.0 730.0 232.0
face 0.35 671.0 223.0 681.0 234.0
