face 1.00 277.0 353.0 605.0 664.0
face 0.98 546.0 972.0 798.0 1254.0
face 0.89 760.0 645.0 830.0 783.0
face 0.71 279.0 146.0 337.0 221.0
face 0.66 310.0 152.0 612.0 475.0
face 0.64 171.0 502.0 241.0 610.0
face 0.58 233.0 942.0 398.0 1142.0
face 0.47 987.0 295.0 1022.0 347.0
face 0.44 415.0 1111.0 586.0 1290.0
face 0.44 412.0 765.0 581.0 990.0
face 0.42 412.0 29.0 544.0 191.0
face 0.42 910.0 380.0 979.0 433.0
face 0.38 861.0 337.0 877.0 356.0
face 0.37 616.0 820.0 840.0 1078.0
face 0.37 917.0 261.0 964.0 327.0
