face 1.00 456.0 52.0 549.0 176.0
face 0.64 451.0 280.0 535.0 389.0
face 0.45 620.0 248.0 679.0 316.0
face 0.42 472.0 277.0 483.0 289.0
face 0.41 364.0 299.0 423.0 376.0
face 0.38 315.0 421.0 369.0 490.0
face 0.38 471.0 308.0 503.0 343.0
face 0.38 319.0 459.0 345.0 489.0
face 0.37 307.0 514.0 356.0 559.0
face 0.37 367.0 361.0 382.0 383.0
face 0.37 454.0 297.0 469.0 318.0
face 0.37 133.0 456.0 148.0 477.0
face 0.37 566.0 86.0 578.0 101.0
face 0.36 570.0 240.0 586.0 261.0
face 0.36 611.0 192.0 626.0 213.0
face 0.36 615.0 229.0 628.0 245.0
