face 1.00 403.0 302.0 436.0 346.0
face 1.00 522.0 278.0 556.0 320.0
face 1.00 446.0 308.0 477.0 346.0
face 1.00 670.0 395.0 698.0 430.0
face 1.00 697.0 410.0 727.0 449.0
face 1.00 759.0 213.0 781.0 242.0
face 1.00 157.0 310.0 184.0 345.0
face 0.99 857.0 296.0 895.0 346.0
face 0.97 125.0 316.0 155.0 355.0
face 0.75 613.0 80.0 625.0 95.0
face 0.71 633.0 326.0 654.0 351.0
face 0.69 734.0 213.0 745.0 227.0
face 0.64 574.0 352.0 585.0 366.0
face 0.62 805.0 306.0 840.0 343.0
face 0.58 733.0 388.0 765.0 425.0
face 0.52 714.0 217.0 730.0 238.0
face 0.52 317.0 215.0 341.0 244.0
face 0.50 165.0 463.0 205.0 510.0
face 0.45 412.0 388.0 430.0 414.0
face 0.45 269.0 419.0 298.0 456.0
face 0.43 390.0 114.0 474.0 212.0
face 0.41 847.0 74.0 860.0 89.0
face 0.39 695.0 116.0 709.0 133.0
face 0.39 498.0 566.0 511.0 582.0
face 0.38 459.0 167.0 486.0 200.0
face 0.37 505.0 69.0 516.0 82.0
face 0.37 711.0 229.0 722.0 243.0
face 0.37 358.0 184.0 373.0 206.0
face 0.37 155.0 307.0 173.0 329.0
face 0.37 392.0 376.0 425.0 414.0
face 0.36 734.0 197.0 746.0 211.0
face 0.36 502.0 549.0 515.0 564.0
face 0.36 516.0 259.0 529.0 276.0
face 0.36 631.0 86.0 642.0 99.0
face 0.36 510.0 551.0 520.0 562.0
face 0.36 706.0 233.0 724.0 255.0
face 0.36 612.0 530.0 625.0 547.0
face 0.35 120.0 396.0 146.0 427.0
face 0.35 784.0 91.0 818.0 126.0
face 0.35 701.0 220.0 713.0 234.0
face 0.35 359.0 158.0 369.0 171.0
face 0.35 663.0 122.0 677.0 140.0
face 0.35 143.0 575.0 154.0 588.0
face 0.35 517.0 553.0 531.0 570.0
