face 1.00 681.0 245.0 703.0 273.0
face 1.00 973.0 258.0 1018.0 310.0
face 1.00 361.0 262.0 386.0 294.0
face 1.00 841.0 276.0 863.0 301.0
face 1.00 574.0 280.0 599.0 313.0
face 1.00 537.0 249.0 552.0 267.0
face 0.99 32.0 267.0 47.0 285.0
face 0.98 877.0 254.0 898.0 276.0
face 0.96 447.0 260.0 461.0 277.0
face 0.96 947.0 263.0 963.0 283.0
face 0.93 238.0 262.0 254.0 280.0
face 0.92 79.0 285.0 112.0 326.0
face 0.92 267.0 255.0 294.0 289.0
face 0.90 75.0 252.0 90.0 270.0
face 0.81 135.0 273.0 147.0 287.0
face 0.79 466.0 288.0 481.0 307.0
face 0.73 600.0 258.0 612.0 271.0
face 0.70 722.0 363.0 744.0 393.0
face 0.68 408.0 248.0 418.0 260.0
face 0.66 220.0 253.0 231.0 267.0
face 0.62 102.0 268.0 114.0 284.0
face 0.56 165.0 290.0 183.0 312.0
face 0.55 300.0 295.0 312.0 309.0
face 0.52 927.0 254.0 937.0 266.0
face 0.52 641.0 292.0 651.0 304.0
face 0.51 31.0 340.0 45.0 356.0
face 0.51 504.0 266.0 516.0 281.0
face 0.46 668.0 251.0 679.0 266.0
face 0.44 440.0 306.0 454.0 322.0
face 0.43 65.0 290.0 91.0 321.0
face 0.43 520.0 253.0 532.0 267.0
face 0.41 535.0 236.0 547.0 251.0
face 0.40 615.0 278.0 628.0 292.0
face 0.40 423.0 304.0 432.0 315.0
face 0.39 596.0 285.0 609.0 301.0
face 0.38 911.0 247.0 921.0 259.0
face 0.38 110.0 278.0 121.0 289.0
face 0.38 441.0 277.0 452.0 290.0
face 0.38 656.0 261.0 666.0 273.0
face 0.37 325.0 277.0 337.0 291.0
face 0.37 208.0 301.0 218.0 314.0
face 0.37 767.0 261.0 777.0 273.0
face 0.37 850.0 383.0 868.0 403.0
face 0.37 206.0 256.0 214.0 266.0
face 0.37 85.0 268.0 96.0 283.0
face 0.37 971.0 591.0 992.0 618.0
face 0.37 14.0 327.0 25.0 341.0
face 0.37 431.0 310.0 442.0 321.0
face 0.37 212.0 267.0 225.0 282.0
face 0.37 614.0 294.0 624.0 306.0
face 0.37 439.0 294.0 448.0 305.0
face 0.37 336.0 260.0 346.0 272.0
face 0.36 425.0 286.0 434.0 298.0
face 0.36 728.0 262.0 737.0 274.0
face 0.36 342.0 260.0 352.0 272.0
face 0.36 622.0 364.0 634.0 377.0
face 0.36 614.0 271.0 625.0 285.0
face 0.36 77.0 267.0 91.0 282.0
face 0.36 760.0 276.0 771.0 290.0
face 0.36 155.0 265.0 177.0 287.0
face 0.36 621.0 284.0 631.0 297.0
face 0.36 181.0 232.0 198.0 255.0
face 0.36 527.0 248.0 538.0 261.0
face 0.36 12.0 276.0 26.0 294.0
face 0.36 343.0 280.0 353.0 292.0
face 0.36 607.0 294.0 618.0 306.0
face 0.36 1006.0 234.0 1021.0 253.0
face 0.36 204.0 314.0 219.0 333.0
face 0.36 431.0 294.0 441.0 305.0
face 0.36 206.0 261.0 216.0 273.0
face 0.36 638.0 311.0 648.0 323.0
face 0.36 614.0 263.0 624.0 274.0
face 0.36 905.0 254.0 915.0 266.0
face 0.36 621.0 308.0 633.0 322.0
face 0.36 343.0 244.0 354.0 257.0
face 0.36 302.0 278.0 314.0 292.0
face 0.36 430.0 287.0 440.0 299.0
face 0.36 606.0 285.0 620.0 302.0
face 0.36 646.0 246.0 655.0 257.0
face 0.36 431.0 280.0 440.0 290.0
face 0.36 311.0 263.0 320.0 274.0
face 0.36 452.0 300.0 466.0 316.0
face 0.36 311.0 279.0 320.0 291.0
face 0.36 320.0 270.0 330.0 281.0
face 0.36 414.0 325.0 427.0 339.0
face 0.35 727.0 267.0 740.0 283.0
face 0.35 622.0 245.0 633.0 260.0
face 0.35 63.0 263.0 74.0 276.0
face 0.35 431.0 303.0 441.0 314.0
face 0.35 623.0 253.0 633.0 264.0
face 0.35 423.0 291.0 435.0 307.0
face 0.35 623.0 292.0 633.0 304.0
face 0.35 638.0 268.0 650.0 283.0
face 0.35 903.0 260.0 914.0 273.0
face 0.35 327.0 263.0 336.0 273.0
face 0.35 831.0 276.0 843.0 292.0
face 0.35 783.0 255.0 792.0 266.0
face 0.35 832.0 261.0 842.0 273.0
face 0.35 455.0 286.0 465.0 298.0
face 0.35 15.0 350.0 26.0 362.0
face 0.35 312.0 270.0 321.0 281.0
face 0.35 527.0 446.0 537.0 459.0
face 0.35 431.0 318.0 442.0 331.0
face 0.35 608.0 278.0 618.0 289.0
face 0.35 614.0 302.0 624.0 314.0
face 0.35 21.0 317.0 35.0 332.0
face 0.35 461.0 261.0 472.0 274.0
face 0.35 542.0 428.0 554.0 442.0
face 0.35 817.0 256.0 825.0 266.0
face 0.35 590.0 246.0 600.0 258.0
face 0.35 0.0 280.0 13.0 301.0
face 0.35 440.0 272.0 450.0 283.0
