face 1.00 187.0 507.0 203.0 527.0
face 1.00 228.0 499.0 242.0 517.0
face 1.00 195.0 442.0 210.0 459.0
face 1.00 597.0 459.0 611.0 478.0
face 1.00 93.0 600.0 111.0 623.0
face 1.00 398.0 450.0 413.0 469.0
face 1.00 443.0 528.0 461.0 552.0
face 1.00 879.0 376.0 892.0 393.0
face 1.00 645.0 521.0 660.0 540.0
face 1.00 813.0 478.0 827.0 494.0
face 1.00 420.0 483.0 435.0 502.0
face 1.00 357.0 464.0 373.0 485.0
face 1.00 709.0 368.0 726.0 388.0
face 1.00 34.0 490.0 51.0 510.0
face 0.99 326.0 332.0 338.0 347.0
face 0.99 816.0 355.0 828.0 371.0
face 0.99 486.0 513.0 499.0 530.0
face 0.99 964.0 634.0 982.0 656.0
face 0.99 677.0 412.0 691.0 429.0
face 0.99 754.0 510.0 771.0 531.0
face 0.99 739.0 412.0 754.0 432.0
face 0.99 671.0 390.0 682.0 405.0
face 0.99 133.0 549.0 148.0 567.0
face 0.99 534.0 514.0 548.0 531.0
face 0.99 519.0 468.0 533.0 486.0
face 0.99 738.0 452.0 755.0 474.0
face 0.98 438.0 454.0 453.0 473.0
face 0.98 766.0 543.0 781.0 563.0
face 0.98 619.0 351.0 636.0 371.0
face 0.98 765.0 576.0 782.0 598.0
face 0.98 250.0 546.0 266.0 568.0
face 0.98 419.0 511.0 433.0 528.0
face 0.97 910.0 323.0 922.0 338.0
face 0.97 585.0 508.0 602.0 529.0
face 0.97 310.0 504.0 325.0 523.0
face 0.97 793.0 457.0 809.0 477.0
face 0.97 26.0 327.0 40.0 344.0
face 0.97 528.0 360.0 540.0 375.0
face 0.97 701.0 482.0 718.0 503.0
face 0.97 385.0 359.0 397.0 373.0
face 0.96 479.0 296.0 490.0 310.0
face 0.96 737.0 295.0 748.0 309.0
face 0.96 843.0 328.0 856.0 345.0
face 0.96 650.0 350.0 664.0 367.0
face 0.96 159.0 485.0 175.0 505.0
face 0.96 379.0 564.0 396.0 587.0
face 0.96 277.0 534.0 293.0 555.0
face 0.96 873.0 309.0 886.0 324.0
face 0.95 199.0 473.0 213.0 490.0
face 0.95 765.0 497.0 779.0 515.0
face 0.95 76.0 400.0 89.0 416.0
face 0.95 928.0 293.0 939.0 308.0
face 0.95 427.0 402.0 440.0 419.0
face 0.95 489.0 461.0 502.0 478.0
face 0.95 668.0 308.0 680.0 322.0
face 0.95 686.0 533.0 703.0 555.0
face 0.94 63.0 292.0 75.0 306.0
face 0.94 116.0 341.0 128.0 356.0
face 0.94 779.0 435.0 793.0 452.0
face 0.93 359.0 358.0 371.0 372.0
face 0.93 407.0 367.0 418.0 381.0
face 0.93 790.0 420.0 802.0 435.0
face 0.93 367.0 436.0 380.0 452.0
face 0.93 360.0 529.0 380.0 553.0
face 0.93 220.0 373.0 232.0 388.0
face 0.92 90.0 506.0 109.0 530.0
face 0.92 210.0 411.0 223.0 430.0
face 0.92 576.0 420.0 588.0 435.0
face 0.92 501.0 408.0 515.0 425.0
face 0.92 260.0 445.0 274.0 465.0
face 0.92 446.0 313.0 458.0 329.0
face 0.91 176.0 404.0 189.0 420.0
face 0.91 149.0 453.0 164.0 471.0
face 0.91 276.0 288.0 287.0 301.0
face 0.91 763.0 350.0 775.0 365.0
face 0.91 943.0 294.0 955.0 308.0
face 0.91 462.0 396.0 473.0 411.0
face 0.90 720.0 461.0 734.0 479.0
face 0.90 20.0 421.0 33.0 437.0
face 0.90 928.0 236.0 938.0 249.0
face 0.89 527.0 229.0 538.0 242.0
face 0.89 500.0 344.0 514.0 361.0
face 0.89 915.0 275.0 930.0 294.0
face 0.89 450.0 277.0 459.0 288.0
face 0.88 82.0 454.0 95.0 469.0
face 0.88 701.0 311.0 715.0 327.0
face 0.87 571.0 294.0 581.0 306.0
face 0.87 231.0 422.0 244.0 435.0
face 0.87 591.0 291.0 602.0 305.0
face 0.87 482.0 492.0 495.0 507.0
face 0.87 152.0 358.0 166.0 375.0
face 0.86 870.0 246.0 880.0 259.0
face 0.86 933.0 338.0 945.0 354.0
face 0.86 110.0 312.0 120.0 325.0
face 0.86 96.0 361.0 110.0 378.0
face 0.86 934.0 272.0 946.0 286.0
face 0.86 652.0 316.0 663.0 331.0
face 0.85 711.0 526.0 728.0 547.0
face 0.85 823.0 447.0 838.0 466.0
face 0.84 896.0 413.0 910.0 431.0
face 0.84 954.0 465.0 972.0 486.0
face 0.83 523.0 401.0 534.0 414.0
face 0.83 924.0 403.0 940.0 423.0
face 0.82 822.0 404.0 833.0 418.0
face 0.82 334.0 312.0 345.0 325.0
face 0.82 615.0 403.0 629.0 419.0
face 0.82 312.0 278.0 324.0 293.0
face 0.82 415.0 269.0 426.0 284.0
face 0.81 472.0 266.0 482.0 280.0
face 0.81 332.0 412.0 349.0 433.0
face 0.81 535.0 384.0 547.0 398.0
face 0.80 576.0 229.0 587.0 242.0
face 0.80 397.0 413.0 408.0 427.0
face 0.80 377.0 327.0 388.0 340.0
face 0.80 523.0 262.0 537.0 278.0
face 0.79 883.0 437.0 899.0 456.0
face 0.79 592.0 212.0 603.0 225.0
face 0.79 919.0 182.0 929.0 195.0
face 0.79 560.0 312.0 570.0 324.0
face 0.79 676.0 474.0 692.0 492.0
face 0.78 830.0 293.0 840.0 306.0
face 0.78 673.0 328.0 685.0 341.0
face 0.78 304.0 317.0 315.0 330.0
face 0.77 160.0 445.0 173.0 460.0
face 0.77 285.0 270.0 295.0 282.0
face 0.76 763.0 301.0 777.0 319.0
face 0.75 207.0 346.0 219.0 361.0
face 0.75 99.0 293.0 111.0 308.0
face 0.75 756.0 268.0 766.0 282.0
face 0.74 256.0 383.0 269.0 399.0
face 0.74 158.0 336.0 168.0 348.0
face 0.73 605.0 490.0 619.0 508.0
face 0.73 671.0 364.0 683.0 380.0
face 0.73 686.0 255.0 698.0 269.0
face 0.73 401.0 182.0 413.0 197.0
face 0.73 947.0 326.0 961.0 343.0
face 0.72 636.0 403.0 649.0 418.0
face 0.71 118.0 253.0 128.0 265.0
face 0.71 8.0 261.0 21.0 279.0
face 0.71 751.0 326.0 761.0 339.0
face 0.71 248.0 316.0 259.0 329.0
face 0.70 76.0 322.0 89.0 339.0
face 0.70 741.0 344.0 751.0 357.0
face 0.70 506.0 302.0 516.0 314.0
face 0.70 763.0 245.0 778.0 262.0
face 0.69 870.0 460.0 883.0 475.0
face 0.69 955.0 608.0 973.0 630.0
face 0.69 231.0 357.0 245.0 374.0
face 0.69 142.0 479.0 153.0 493.0
face 0.69 534.0 281.0 544.0 293.0
face 0.69 5.0 333.0 17.0 347.0
face 0.68 644.0 395.0 657.0 410.0
face 0.68 953.0 229.0 964.0 242.0
face 0.68 499.0 316.0 512.0 330.0
face 0.68 146.0 276.0 157.0 289.0
face 0.66 227.0 279.0 240.0 294.0
face 0.66 686.0 286.0 697.0 299.0
face 0.66 389.0 119.0 400.0 134.0
face 0.65 214.0 467.0 227.0 483.0
face 0.65 457.0 255.0 468.0 268.0
face 0.65 811.0 412.0 824.0 428.0
face 0.64 536.0 432.0 549.0 448.0
face 0.63 791.0 191.0 802.0 203.0
face 0.63 491.0 233.0 507.0 253.0
face 0.63 894.0 164.0 906.0 178.0
face 0.63 382.0 293.0 393.0 306.0
face 0.62 535.0 340.0 548.0 355.0
face 0.62 768.0 413.0 780.0 430.0
face 0.62 232.0 331.0 245.0 347.0
face 0.62 726.0 255.0 736.0 268.0
face 0.62 278.0 372.0 289.0 385.0
face 0.62 722.0 283.0 734.0 299.0
face 0.60 360.0 299.0 371.0 312.0
face 0.60 472.0 345.0 486.0 364.0
face 0.60 711.0 328.0 722.0 341.0
face 0.60 678.0 374.0 689.0 386.0
face 0.60 893.0 264.0 905.0 277.0
face 0.59 46.0 326.0 57.0 340.0
face 0.59 410.0 399.0 422.0 414.0
face 0.59 258.0 401.0 271.0 419.0
face 0.58 147.0 206.0 157.0 219.0
face 0.58 441.0 196.0 451.0 208.0
face 0.58 432.0 427.0 445.0 442.0
face 0.58 464.0 303.0 474.0 317.0
face 0.58 33.0 180.0 43.0 193.0
face 0.57 930.0 434.0 943.0 449.0
face 0.57 304.0 414.0 314.0 426.0
face 0.57 390.0 315.0 401.0 329.0
face 0.57 575.0 313.0 587.0 327.0
face 0.57 1005.0 410.0 1020.0 431.0
face 0.57 574.0 384.0 588.0 401.0
face 0.56 432.0 324.0 442.0 337.0
face 0.56 407.0 308.0 418.0 322.0
face 0.56 861.0 351.0 876.0 369.0
face 0.55 337.0 295.0 348.0 308.0
face 0.54 917.0 262.0 929.0 276.0
face 0.54 861.0 263.0 871.0 276.0
face 0.54 950.0 373.0 961.0 386.0
face 0.54 553.0 292.0 564.0 305.0
face 0.53 789.0 382.0 803.0 399.0
face 0.53 581.0 252.0 591.0 264.0
face 0.53 385.0 395.0 395.0 408.0
face 0.53 384.0 237.0 394.0 250.0
face 0.53 54.0 493.0 66.0 509.0
face 0.53 783.0 264.0 793.0 277.0
face 0.53 832.0 254.0 843.0 267.0
face 0.53 967.0 246.0 977.0 259.0
face 0.52 788.0 295.0 802.0 313.0
face 0.52 311.0 439.0 323.0 453.0
face 0.52 975.0 230.0 985.0 243.0
face 0.51 559.0 384.0 570.0 397.0
face 0.50 278.0 323.0 290.0 338.0
face 0.50 848.0 607.0 858.0 619.0
face 0.50 870.0 207.0 881.0 220.0
face 0.50 390.0 423.0 401.0 437.0
face 0.50 478.0 207.0 488.0 219.0
face 0.50 544.0 476.0 554.0 488.0
face 0.50 726.0 207.0 736.0 218.0
face 0.49 160.0 232.0 170.0 244.0
face 0.49 598.0 270.0 608.0 281.0
face 0.49 796.0 326.0 808.0 340.0
face 0.49 824.0 376.0 834.0 389.0
face 0.49 309.0 341.0 319.0 354.0
face 0.49 693.0 246.0 704.0 259.0
face 0.49 416.0 319.0 426.0 332.0
face 0.48 313.0 197.0 324.0 210.0
face 0.48 631.0 143.0 641.0 156.0
face 0.48 618.0 529.0 633.0 548.0
face 0.48 318.0 415.0 329.0 429.0
face 0.48 520.0 290.0 532.0 306.0
face 0.48 694.0 391.0 704.0 403.0
face 0.48 208.0 134.0 217.0 145.0
face 0.48 15.0 427.0 27.0 442.0
face 0.48 656.0 219.0 667.0 232.0
face 0.48 141.0 189.0 150.0 200.0
face 0.47 821.0 219.0 833.0 234.0
face 0.47 632.0 154.0 646.0 170.0
face 0.47 252.0 265.0 262.0 277.0
face 0.47 699.0 422.0 713.0 439.0
face 0.46 989.0 412.0 1003.0 429.0
face 0.46 1011.0 459.0 1025.0 481.0
face 0.46 438.0 289.0 447.0 301.0
face 0.46 438.0 158.0 450.0 173.0
face 0.46 647.0 206.0 657.0 219.0
face 0.46 581.0 270.0 592.0 282.0
face 0.45 690.0 152.0 700.0 164.0
face 0.45 487.0 354.0 500.0 370.0
face 0.45 127.0 237.0 137.0 249.0
face 0.44 422.0 302.0 431.0 313.0
face 0.44 793.0 175.0 802.0 187.0
face 0.44 686.0 126.0 696.0 137.0
face 0.44 350.0 309.0 359.0 320.0
face 0.44 496.0 277.0 507.0 289.0
face 0.44 108.0 166.0 122.0 182.0
face 0.44 485.0 294.0 495.0 306.0
face 0.44 559.0 487.0 570.0 501.0
face 0.44 938.0 145.0 947.0 157.0
face 0.44 445.0 392.0 456.0 405.0
face 0.44 653.0 87.0 668.0 105.0
face 0.44 271.0 198.0 287.0 218.0
face 0.43 776.0 366.0 786.0 378.0
face 0.43 429.0 271.0 439.0 283.0
face 0.43 881.0 271.0 891.0 284.0
face 0.43 769.0 270.0 779.0 283.0
face 0.43 356.0 524.0 372.0 543.0
face 0.43 191.0 135.0 200.0 146.0
face 0.43 856.0 236.0 866.0 249.0
face 0.43 464.0 237.0 473.0 248.0
face 0.42 810.0 109.0 821.0 122.0
face 0.42 74.0 269.0 84.0 281.0
face 0.42 543.0 349.0 554.0 361.0
face 0.42 465.0 294.0 474.0 306.0
face 0.42 486.0 272.0 497.0 285.0
face 0.42 795.0 615.0 814.0 644.0
face 0.42 335.0 301.0 346.0 314.0
face 0.42 421.0 270.0 433.0 284.0
face 0.41 584.0 367.0 594.0 381.0
face 0.41 721.0 220.0 733.0 235.0
face 0.41 333.0 349.0 343.0 362.0
face 0.41 840.0 208.0 850.0 221.0
face 0.41 312.0 358.0 323.0 370.0
face 0.41 598.0 183.0 608.0 196.0
face 0.41 119.0 301.0 130.0 314.0
face 0.41 639.0 473.0 653.0 495.0
face 0.41 413.0 264.0 423.0 276.0
face 0.41 261.0 424.0 272.0 438.0
face 0.41 784.0 95.0 794.0 108.0
face 0.41 489.0 318.0 499.0 330.0
face 0.41 505.0 263.0 514.0 275.0
face 0.41 559.0 278.0 568.0 289.0
face 0.41 936.0 255.0 945.0 267.0
face 0.41 165.0 397.0 175.0 409.0
face 0.40 574.0 270.0 586.0 284.0
face 0.40 234.0 397.0 246.0 413.0
face 0.40 375.0 290.0 388.0 305.0
face 0.40 40.0 125.0 50.0 138.0
face 0.40 518.0 377.0 530.0 393.0
face 0.40 767.0 382.0 780.0 399.0
face 0.40 453.0 221.0 463.0 233.0
face 0.40 734.0 667.0 749.0 681.0
face 0.40 415.0 79.0 425.0 90.0
face 0.40 280.0 389.0 291.0 401.0
face 0.40 693.0 222.0 703.0 234.0
face 0.40 369.0 287.0 378.0 299.0
face 0.40 153.0 262.0 165.0 276.0
face 0.40 183.0 246.0 197.0 264.0
face 0.40 375.0 280.0 383.0 290.0
face 0.39 742.0 271.0 751.0 282.0
face 0.39 886.0 270.0 899.0 284.0
face 0.39 741.0 318.0 751.0 330.0
face 0.39 639.0 190.0 649.0 203.0
face 0.39 272.0 325.0 283.0 338.0
face 0.39 464.0 288.0 473.0 299.0
face 0.39 218.0 188.0 232.0 206.0
face 0.39 530.0 183.0 544.0 200.0
face 0.39 471.0 288.0 481.0 299.0
face 0.39 439.0 406.0 449.0 418.0
face 0.39 236.0 415.0 247.0 430.0
face 0.39 689.0 341.0 700.0 353.0
face 0.39 945.0 247.0 956.0 260.0
face 0.39 1008.0 264.0 1017.0 276.0
face 0.39 904.0 227.0 916.0 244.0
face 0.39 271.0 279.0 280.0 291.0
face 0.39 580.0 148.0 594.0 164.0
face 0.39 391.0 284.0 401.0 297.0
face 0.39 167.0 358.0 178.0 370.0
face 0.39 692.0 404.0 705.0 419.0
face 0.39 551.0 270.0 562.0 282.0
face 0.39 323.0 243.0 336.0 258.0
face 0.39 401.0 550.0 414.0 565.0
face 0.39 726.0 324.0 737.0 337.0
face 0.39 540.0 314.0 553.0 328.0
face 0.38 366.0 294.0 376.0 306.0
face 0.38 502.0 284.0 512.0 297.0
face 0.38 719.0 261.0 729.0 274.0
face 0.38 478.0 230.0 488.0 242.0
face 0.38 79.0 291.0 93.0 309.0
face 0.38 558.0 288.0 567.0 300.0
face 0.38 444.0 445.0 457.0 462.0
face 0.38 805.0 156.0 815.0 168.0
face 0.38 150.0 269.0 161.0 284.0
face 0.38 168.0 472.0 179.0 484.0
face 0.38 254.0 285.0 263.0 297.0
face 0.38 630.0 381.0 642.0 396.0
face 0.38 205.0 336.0 217.0 350.0
face 0.38 101.0 156.0 117.0 175.0
face 0.38 958.0 335.0 968.0 346.0
face 0.38 936.0 353.0 948.0 368.0
face 0.38 365.0 422.0 376.0 434.0
face 0.38 566.0 266.0 579.0 284.0
face 0.38 616.0 300.0 626.0 314.0
face 0.38 927.0 278.0 937.0 290.0
face 0.38 232.0 453.0 242.0 465.0
face 0.38 566.0 261.0 576.0 274.0
face 0.38 808.0 408.0 818.0 419.0
face 0.38 400.0 279.0 410.0 291.0
face 0.38 534.0 415.0 544.0 426.0
face 0.38 382.0 411.0 392.0 426.0
face 0.38 660.0 494.0 671.0 507.0
face 0.38 294.0 382.0 305.0 395.0
face 0.38 415.0 284.0 426.0 298.0
face 0.38 310.0 414.0 322.0 428.0
face 0.38 734.0 324.0 745.0 338.0
face 0.38 630.0 286.0 641.0 299.0
face 0.38 828.0 219.0 840.0 233.0
face 0.38 264.0 145.0 274.0 156.0
face 0.38 410.0 253.0 419.0 264.0
face 0.38 471.0 150.0 481.0 161.0
face 0.38 375.0 260.0 384.0 271.0
face 0.38 439.0 102.0 449.0 113.0
face 0.38 703.0 406.0 715.0 419.0
face 0.38 343.0 300.0 353.0 312.0
face 0.38 230.0 350.0 241.0 364.0
face 0.37 166.0 351.0 177.0 364.0
face 0.37 127.0 654.0 140.0 669.0
face 0.37 639.0 267.0 650.0 280.0
face 0.37 214.0 483.0 227.0 499.0
face 0.37 127.0 268.0 137.0 281.0
face 0.37 591.0 277.0 601.0 290.0
face 0.37 256.0 610.0 267.0 624.0
face 0.37 439.0 414.0 450.0 427.0
face 0.37 536.0 317.0 546.0 329.0
face 0.37 294.0 309.0 305.0 323.0
face 0.37 405.0 283.0 416.0 297.0
face 0.37 200.0 341.0 210.0 353.0
face 0.37 566.0 407.0 577.0 419.0
face 0.37 693.0 413.0 704.0 426.0
face 0.37 462.0 278.0 472.0 290.0
face 0.37 535.0 421.0 545.0 434.0
face 0.37 343.0 327.0 353.0 339.0
face 0.37 862.0 341.0 876.0 357.0
face 0.37 870.0 219.0 883.0 234.0
face 0.37 549.0 144.0 560.0 156.0
face 0.37 519.0 278.0 529.0 291.0
face 0.37 535.0 469.0 546.0 483.0
face 0.37 338.0 212.0 350.0 227.0
face 0.37 790.0 406.0 800.0 418.0
face 0.37 383.0 277.0 394.0 290.0
face 0.37 341.0 218.0 354.0 235.0
face 0.37 678.0 301.0 687.0 312.0
face 0.37 862.0 446.0 872.0 458.0
face 0.37 271.0 271.0 280.0 282.0
face 0.37 224.0 159.0 233.0 172.0
face 0.37 518.0 309.0 529.0 322.0
face 0.37 709.0 299.0 720.0 314.0
face 0.37 302.0 420.0 313.0 433.0
face 0.37 797.0 303.0 808.0 315.0
face 0.37 175.0 447.0 186.0 460.0
face 0.37 494.0 312.0 505.0 325.0
face 0.37 848.0 221.0 857.0 232.0
face 0.37 470.0 309.0 481.0 321.0
face 0.37 384.0 420.0 395.0 436.0
face 0.37 360.0 319.0 370.0 330.0
face 0.37 543.0 303.0 552.0 315.0
face 0.37 24.0 266.0 37.0 283.0
face 0.37 638.0 389.0 649.0 403.0
face 0.37 326.0 422.0 337.0 434.0
face 0.37 702.0 349.0 713.0 363.0
face 0.37 292.0 333.0 303.0 347.0
face 0.37 536.0 305.0 545.0 315.0
face 0.37 680.0 319.0 689.0 330.0
face 0.37 614.0 271.0 625.0 283.0
face 0.37 720.0 317.0 730.0 330.0
face 0.37 511.0 148.0 521.0 160.0
face 0.37 285.0 326.0 295.0 339.0
face 0.37 296.0 429.0 307.0 441.0
face 0.37 647.0 278.0 657.0 290.0
face 0.37 742.0 322.0 757.0 339.0
face 0.37 536.0 310.0 546.0 322.0
face 0.37 54.0 248.0 64.0 259.0
face 0.37 109.0 508.0 123.0 526.0
face 0.37 608.0 271.0 617.0 281.0
face 0.37 639.0 311.0 649.0 324.0
face 0.37 617.0 255.0 627.0 267.0
face 0.37 846.0 215.0 856.0 227.0
face 0.37 518.0 299.0 530.0 314.0
face 0.37 736.0 270.0 747.0 283.0
face 0.37 647.0 293.0 657.0 306.0
face 0.37 415.0 302.0 427.0 316.0
face 0.37 653.0 126.0 667.0 144.0
face 0.37 929.0 166.0 940.0 179.0
face 0.37 901.0 334.0 912.0 347.0
face 0.37 359.0 324.0 370.0 339.0
face 0.37 294.0 358.0 304.0 370.0
face 0.37 519.0 128.0 529.0 140.0
face 0.37 152.0 326.0 161.0 338.0
face 0.37 423.0 163.0 432.0 175.0
face 0.37 470.0 237.0 480.0 249.0
face 0.37 231.0 523.0 244.0 540.0
face 0.37 224.0 309.0 234.0 321.0
face 0.37 158.0 401.0 173.0 418.0
face 0.37 248.0 303.0 257.0 315.0
face 0.37 407.0 197.0 418.0 210.0
face 0.37 293.0 531.0 308.0 549.0
face 0.37 152.0 183.0 162.0 195.0
face 0.37 785.0 358.0 794.0 369.0
face 0.37 569.0 85.0 578.0 97.0
face 0.37 177.0 277.0 187.0 289.0
face 0.36 693.0 336.0 703.0 348.0
face 0.36 833.0 173.0 844.0 188.0
face 0.36 735.0 334.0 745.0 345.0
face 0.36 712.0 269.0 722.0 281.0
face 0.36 343.0 376.0 353.0 388.0
face 0.36 783.0 396.0 794.0 410.0
face 0.36 447.0 303.0 457.0 315.0
face 0.36 773.0 388.0 784.0 402.0
face 0.36 957.0 339.0 970.0 354.0
face 0.36 608.0 318.0 618.0 330.0
face 0.36 294.0 327.0 303.0 338.0
face 0.36 774.0 133.0 785.0 146.0
face 0.36 607.0 127.0 617.0 140.0
face 0.36 445.0 413.0 457.0 427.0
face 0.36 679.0 277.0 689.0 289.0
face 0.36 689.0 398.0 699.0 410.0
face 0.36 653.0 300.0 664.0 313.0
face 0.36 654.0 294.0 663.0 306.0
face 0.36 310.0 349.0 322.0 363.0
face 0.36 366.0 318.0 376.0 330.0
face 0.36 677.0 183.0 688.0 195.0
face 0.36 684.0 325.0 696.0 340.0
face 0.36 30.0 230.0 39.0 240.0
face 0.36 198.0 404.0 209.0 418.0
face 0.36 454.0 413.0 465.0 426.0
face 0.36 376.0 340.0 387.0 353.0
face 0.36 470.0 319.0 481.0 330.0
face 0.36 389.0 555.0 403.0 572.0
face 0.36 638.0 381.0 648.0 394.0
face 0.36 726.0 311.0 737.0 323.0
face 0.36 965.0 612.0 977.0 626.0
face 0.36 351.0 295.0 360.0 305.0
face 0.36 374.0 222.0 383.0 233.0
face 0.36 361.0 420.0 371.0 433.0
face 0.36 727.0 343.0 737.0 354.0
face 0.36 268.0 421.0 280.0 436.0
face 0.36 182.0 294.0 192.0 306.0
face 0.36 838.0 219.0 850.0 233.0
face 0.36 486.0 413.0 497.0 426.0
face 0.36 669.0 270.0 680.0 284.0
face 0.36 703.0 279.0 713.0 290.0
face 0.36 225.0 446.0 237.0 460.0
face 0.36 542.0 93.0 555.0 107.0
face 0.36 263.0 548.0 274.0 563.0
face 0.36 927.0 349.0 938.0 362.0
face 0.36 724.0 668.0 737.0 681.0
face 0.36 287.0 332.0 298.0 345.0
face 0.36 359.0 429.0 370.0 442.0
face 0.36 951.0 270.0 961.0 283.0
face 0.36 301.0 428.0 314.0 443.0
face 0.36 255.0 366.0 264.0 377.0
face 0.36 759.0 254.0 769.0 266.0
face 0.36 582.0 63.0 592.0 75.0
face 0.36 535.0 270.0 545.0 283.0
face 0.36 112.0 334.0 123.0 347.0
face 0.36 545.0 295.0 554.0 306.0
face 0.36 232.0 437.0 242.0 450.0
face 0.36 422.0 286.0 431.0 297.0
face 0.36 528.0 311.0 537.0 322.0
face 0.36 541.0 620.0 556.0 637.0
face 0.36 263.0 293.0 273.0 304.0
face 0.36 719.0 279.0 730.0 292.0
face 0.36 702.0 343.0 713.0 355.0
face 0.36 383.0 271.0 392.0 282.0
face 0.36 88.0 276.0 97.0 288.0
face 0.36 109.0 150.0 118.0 162.0
face 0.36 528.0 319.0 537.0 330.0
face 0.36 247.0 335.0 257.0 347.0
face 0.36 728.0 333.0 738.0 345.0
face 0.36 782.0 404.0 794.0 419.0
face 0.36 544.0 227.0 557.0 243.0
face 0.36 143.0 349.0 154.0 362.0
face 0.36 709.0 102.0 719.0 114.0
face 0.36 511.0 296.0 521.0 308.0
face 0.36 327.0 405.0 338.0 418.0
face 0.36 264.0 286.0 273.0 297.0
face 0.36 57.0 181.0 66.0 192.0
face 0.36 373.0 422.0 384.0 436.0
face 0.36 622.0 292.0 633.0 306.0
face 0.36 390.0 351.0 400.0 364.0
face 0.36 662.0 380.0 674.0 394.0
face 0.36 551.0 415.0 561.0 427.0
face 0.36 46.0 237.0 56.0 248.0
face 0.36 143.0 197.0 154.0 211.0
face 0.36 190.0 309.0 203.0 325.0
face 0.36 817.0 399.0 827.0 410.0
face 0.36 412.0 409.0 426.0 427.0
face 0.36 348.0 332.0 359.0 346.0
face 0.36 205.0 372.0 217.0 387.0
face 0.36 303.0 301.0 312.0 313.0
face 0.36 143.0 342.0 154.0 355.0
face 0.36 175.0 271.0 185.0 283.0
face 0.36 688.0 421.0 698.0 434.0
face 0.36 190.0 373.0 199.0 385.0
face 0.36 30.0 255.0 42.0 267.0
face 0.36 445.0 403.0 457.0 418.0
face 0.36 374.0 430.0 384.0 442.0
face 0.36 200.0 334.0 211.0 347.0
face 0.36 684.0 492.0 697.0 507.0
face 0.36 615.0 117.0 625.0 129.0
face 0.36 839.0 229.0 850.0 241.0
face 0.36 551.0 301.0 561.0 313.0
face 0.36 504.0 295.0 514.0 308.0
face 0.36 686.0 267.0 696.0 280.0
face 0.36 760.0 294.0 770.0 307.0
face 0.36 502.0 399.0 513.0 412.0
face 0.36 777.0 181.0 787.0 194.0
face 0.36 573.0 132.0 585.0 147.0
face 0.36 373.0 533.0 384.0 547.0
face 0.36 264.0 279.0 273.0 290.0
face 0.36 911.0 158.0 921.0 171.0
face 0.36 85.0 188.0 99.0 205.0
face 0.36 366.0 343.0 376.0 355.0
face 0.36 829.0 620.0 839.0 633.0
face 0.36 790.0 366.0 800.0 377.0
face 0.36 157.0 189.0 167.0 201.0
face 0.36 903.0 245.0 914.0 258.0
face 0.36 663.0 341.0 674.0 354.0
face 0.36 622.0 333.0 633.0 346.0
face 0.36 6.0 244.0 18.0 260.0
face 0.36 550.0 341.0 562.0 356.0
face 0.36 197.0 158.0 209.0 173.0
face 0.36 198.0 358.0 208.0 371.0
face 0.36 576.0 357.0 586.0 368.0
face 0.36 398.0 399.0 408.0 411.0
face 0.36 903.0 278.0 913.0 290.0
face 0.36 407.0 294.0 417.0 306.0
face 0.36 400.0 263.0 409.0 274.0
face 0.36 422.0 535.0 432.0 547.0
face 0.36 919.0 349.0 929.0 361.0
face 0.36 310.0 432.0 320.0 444.0
face 0.36 878.0 263.0 889.0 276.0
face 0.36 366.0 334.0 376.0 346.0
face 0.36 583.0 206.0 593.0 219.0
face 0.36 494.0 295.0 504.0 306.0
face 0.36 334.0 396.0 348.0 414.0
face 0.36 686.0 139.0 698.0 155.0
face 0.36 744.0 196.0 754.0 207.0
face 0.36 232.0 341.0 242.0 354.0
face 0.36 511.0 381.0 522.0 394.0
face 0.36 541.0 413.0 553.0 427.0
face 0.36 855.0 254.0 866.0 268.0
face 0.36 441.0 397.0 452.0 410.0
face 0.36 382.0 430.0 393.0 442.0
face 0.36 606.0 422.0 618.0 437.0
face 0.36 624.0 389.0 634.0 401.0
face 0.36 416.0 294.0 425.0 305.0
face 0.36 349.0 373.0 360.0 387.0
face 0.36 893.0 443.0 905.0 457.0
face 0.36 224.0 342.0 234.0 354.0
face 0.36 136.0 182.0 146.0 194.0
face 0.36 510.0 318.0 520.0 330.0
face 0.36 373.0 310.0 385.0 323.0
face 0.36 759.0 159.0 769.0 170.0
face 0.36 551.0 317.0 560.0 328.0
face 0.36 510.0 269.0 519.0 280.0
face 0.36 524.0 597.0 534.0 610.0
face 0.36 791.0 277.0 800.0 288.0
face 0.36 359.0 308.0 369.0 320.0
face 0.36 597.0 410.0 609.0 426.0
face 0.36 749.0 286.0 761.0 300.0
face 0.36 669.0 351.0 682.0 368.0
face 0.36 750.0 293.0 760.0 306.0
face 0.36 108.0 275.0 121.0 291.0
face 0.36 438.0 141.0 448.0 153.0
face 0.36 574.0 374.0 586.0 387.0
face 0.36 272.0 262.0 282.0 273.0
face 0.36 527.0 286.0 537.0 298.0
face 0.36 463.0 315.0 474.0 328.0
face 0.36 360.0 342.0 370.0 353.0
face 0.36 224.0 439.0 234.0 450.0
face 0.36 724.0 349.0 736.0 363.0
face 0.36 782.0 365.0 792.0 378.0
face 0.36 249.0 278.0 259.0 290.0
face 0.36 710.0 406.0 721.0 420.0
face 0.36 216.0 326.0 225.0 337.0
face 0.36 543.0 423.0 553.0 435.0
face 0.36 374.0 381.0 386.0 394.0
face 0.36 175.0 381.0 184.0 393.0
face 0.36 399.0 302.0 409.0 314.0
face 0.36 632.0 397.0 642.0 411.0
face 0.36 504.0 269.0 514.0 281.0
face 0.36 213.0 308.0 226.0 324.0
face 0.36 526.0 131.0 536.0 143.0
face 0.36 368.0 350.0 378.0 363.0
face 0.36 541.0 388.0 551.0 401.0
face 0.36 200.0 366.0 210.0 378.0
face 0.36 486.0 287.0 496.0 299.0
face 0.36 166.0 365.0 177.0 376.0
face 0.36 776.0 188.0 786.0 202.0
face 0.36 305.0 336.0 315.0 348.0
face 0.36 743.0 335.0 753.0 348.0
face 0.36 375.0 302.0 385.0 314.0
face 0.36 616.0 261.0 626.0 273.0
face 0.36 97.0 62.0 109.0 79.0
face 0.36 704.0 294.0 714.0 306.0
face 0.36 255.0 374.0 265.0 387.0
face 0.36 637.0 284.0 651.0 301.0
face 0.36 479.0 319.0 489.0 330.0
face 0.36 951.0 46.0 961.0 58.0
face 0.36 559.0 335.0 569.0 347.0
face 0.36 751.0 350.0 762.0 363.0
face 0.36 175.0 301.0 185.0 313.0
face 0.36 943.0 62.0 954.0 73.0
face 0.36 970.0 362.0 983.0 378.0
face 0.36 343.0 288.0 353.0 300.0
face 0.36 38.0 199.0 47.0 210.0
face 0.36 433.0 293.0 443.0 305.0
face 0.36 583.0 276.0 594.0 290.0
face 0.36 288.0 383.0 298.0 396.0
face 0.36 486.0 150.0 495.0 161.0
face 0.36 192.0 358.0 202.0 370.0
face 0.36 511.0 286.0 521.0 298.0
face 0.36 198.0 422.0 209.0 434.0
face 0.36 455.0 44.0 469.0 63.0
face 0.36 295.0 286.0 304.0 298.0
face 0.36 223.0 327.0 232.0 338.0
face 0.36 950.0 263.0 960.0 276.0
face 0.36 382.0 438.0 392.0 450.0
face 0.36 367.0 269.0 376.0 280.0
face 0.36 535.0 262.0 545.0 275.0
face 0.36 616.0 287.0 625.0 298.0
face 0.36 717.0 323.0 731.0 339.0
face 0.36 165.0 285.0 175.0 298.0
face 0.36 205.0 327.0 216.0 340.0
face 0.35 567.0 365.0 579.0 379.0
face 0.35 48.0 255.0 57.0 266.0
face 0.35 349.0 198.0 361.0 213.0
face 0.35 288.0 309.0 298.0 322.0
face 0.35 652.0 276.0 665.0 291.0
face 0.35 751.0 252.0 762.0 267.0
face 0.35 663.0 412.0 675.0 426.0
face 0.35 534.0 253.0 548.0 269.0
face 0.35 528.0 279.0 538.0 291.0
face 0.35 766.0 444.0 777.0 460.0
face 0.35 886.0 158.0 896.0 170.0
face 0.35 902.0 174.0 912.0 186.0
face 0.35 456.0 247.0 466.0 260.0
face 0.35 109.0 180.0 121.0 194.0
face 0.35 550.0 394.0 563.0 410.0
face 0.35 228.0 155.0 241.0 171.0
face 0.35 511.0 326.0 521.0 338.0
face 0.35 343.0 276.0 353.0 289.0
face 0.35 455.0 271.0 464.0 283.0
face 0.35 609.0 119.0 618.0 130.0
face 0.35 526.0 324.0 538.0 338.0
face 0.35 214.0 318.0 224.0 330.0
face 0.35 399.0 389.0 409.0 401.0
face 0.35 495.0 334.0 505.0 347.0
face 0.35 399.0 270.0 409.0 282.0
face 0.35 303.0 295.0 313.0 307.0
face 0.35 318.0 294.0 329.0 306.0
face 0.35 374.0 268.0 386.0 281.0
face 0.35 792.0 181.0 801.0 194.0
face 0.35 783.0 286.0 793.0 298.0
face 0.35 479.0 236.0 489.0 249.0
face 0.35 559.0 239.0 569.0 250.0
face 0.35 159.0 391.0 170.0 405.0
face 0.35 487.0 477.0 497.0 489.0
face 0.35 319.0 271.0 330.0 283.0
face 0.35 518.0 342.0 528.0 356.0
face 0.35 748.0 308.0 761.0 326.0
face 0.35 934.0 262.0 945.0 276.0
face 0.35 222.0 476.0 233.0 490.0
face 0.35 279.0 262.0 290.0 275.0
face 0.35 854.0 223.0 863.0 234.0
face 0.35 223.0 526.0 233.0 539.0
face 0.35 822.0 422.0 833.0 434.0
face 0.35 574.0 407.0 584.0 418.0
face 0.35 870.0 227.0 881.0 240.0
face 0.35 175.0 427.0 189.0 446.0
face 0.35 238.0 116.0 247.0 129.0
face 0.35 765.0 314.0 777.0 329.0
face 0.35 488.0 311.0 498.0 323.0
face 0.35 815.0 292.0 825.0 304.0
face 0.35 586.0 371.0 600.0 388.0
face 0.35 542.0 482.0 553.0 497.0
face 0.35 584.0 214.0 594.0 225.0
face 0.35 230.0 458.0 243.0 474.0
face 0.35 624.0 287.0 634.0 299.0
face 0.35 446.0 295.0 456.0 306.0
face 0.35 479.0 255.0 488.0 267.0
face 0.35 798.0 296.0 808.0 308.0
face 0.35 672.0 295.0 682.0 307.0
face 0.35 271.0 383.0 281.0 395.0
face 0.35 599.0 287.0 608.0 298.0
face 0.35 791.0 319.0 801.0 331.0
face 0.35 535.0 407.0 546.0 420.0
face 0.35 245.0 422.0 255.0 434.0
face 0.35 360.0 333.0 370.0 346.0
face 0.35 784.0 275.0 795.0 288.0
face 0.35 936.0 518.0 945.0 530.0
