face 0.99 747.0 412.0 778.0 446.0
face 0.98 321.0 240.0 343.0 269.0
face 0.97 927.0 247.0 939.0 262.0
face 0.96 862.0 446.0 903.0 491.0
face 0.93 718.0 430.0 731.0 445.0
face 0.93 0.0 100.0 12.0 119.0
face 0.93 314.0 137.0 330.0 155.0
face 0.92 948.0 171.0 961.0 185.0
face 0.90 786.0 307.0 802.0 325.0
face 0.87 726.0 383.0 743.0 406.0
face 0.86 885.0 330.0 904.0 353.0
face 0.82 663.0 197.0 679.0 216.0
face 0.81 784.0 465.0 830.0 510.0
face 0.81 53.0 124.0 69.0 142.0
face 0.80 516.0 144.0 537.0 168.0
face 0.79 677.0 295.0 694.0 315.0
face 0.77 860.0 246.0 873.0 263.0
face 0.76 673.0 334.0 694.0 359.0
face 0.75 342.0 118.0 357.0 135.0
face 0.73 953.0 44.0 967.0 61.0
face 0.73 929.0 353.0 950.0 383.0
face 0.72 477.0 371.0 491.0 387.0
face 0.72 543.0 400.0 564.0 427.0
face 0.69 -1.0 301.0 9.0 318.0
face 0.68 851.0 226.0 861.0 240.0
face 0.68 367.0 296.0 388.0 321.0
face 0.68 973.0 342.0 988.0 360.0
face 0.67 367.0 345.0 388.0 370.0
face 0.67 797.0 160.0 807.0 173.0
face 0.67 647.0 312.0 672.0 344.0
face 0.67 875.0 363.0 897.0 390.0
face 0.65 726.0 102.0 737.0 114.0
face 0.65 716.0 266.0 734.0 287.0
face 0.65 641.0 220.0 652.0 233.0
face 0.65 774.0 101.0 784.0 113.0
face 0.64 33.0 264.0 56.0 290.0
face 0.63 952.0 236.0 962.0 249.0
face 0.62 514.0 368.0 531.0 387.0
face 0.62 341.0 20.0 357.0 38.0
face 0.62 348.0 301.0 364.0 319.0
face 0.61 136.0 466.0 166.0 507.0
face 0.60 351.0 147.0 366.0 165.0
face 0.60 851.0 346.0 864.0 363.0
face 0.59 556.0 164.0 572.0 182.0
face 0.59 949.0 87.0 959.0 99.0
face 0.59 828.0 380.0 853.0 410.0
face 0.58 553.0 215.0 566.0 231.0
face 0.58 799.0 116.0 809.0 128.0
face 0.57 910.0 295.0 924.0 311.0
face 0.56 855.0 178.0 875.0 204.0
face 0.55 945.0 254.0 957.0 268.0
face 0.55 935.0 292.0 947.0 306.0
face 0.55 932.0 443.0 946.0 463.0
face 0.54 103.0 298.0 120.0 317.0
face 0.52 58.0 301.0 76.0 321.0
face 0.52 554.0 131.0 565.0 144.0
face 0.52 928.0 233.0 938.0 245.0
face 0.51 149.0 226.0 162.0 243.0
face 0.51 681.0 5.0 694.0 19.0
face 0.51 679.0 148.0 692.0 164.0
face 0.50 930.0 45.0 941.0 59.0
face 0.50 144.0 135.0 155.0 148.0
face 0.50 983.0 126.0 993.0 139.0
face 0.50 181.0 233.0 210.0 268.0
face 0.50 840.0 301.0 849.0 313.0
face 0.50 304.0 244.0 330.0 274.0
face 0.49 947.0 373.0 974.0 402.0
face 0.49 814.0 243.0 825.0 256.0
face 0.49 255.0 240.0 267.0 254.0
face 0.48 558.0 357.0 575.0 376.0
face 0.48 538.0 281.0 551.0 298.0
face 0.48 192.0 30.0 204.0 44.0
face 0.48 32.0 134.0 44.0 148.0
face 0.47 792.0 383.0 813.0 410.0
face 0.47 832.0 167.0 842.0 179.0
face 0.47 696.0 230.0 709.0 246.0
face 0.47 217.0 45.0 227.0 57.0
face 0.47 999.0 118.0 1010.0 132.0
face 0.47 718.0 338.0 732.0 356.0
face 0.46 593.0 394.0 626.0 432.0
face 0.46 565.0 9.0 580.0 27.0
face 0.46 93.0 93.0 103.0 105.0
face 0.46 28.0 478.0 58.0 511.0
face 0.46 693.0 399.0 728.0 442.0
face 0.45 943.0 221.0 952.0 232.0
face 0.45 116.0 31.0 134.0 56.0
face 0.45 293.0 113.0 307.0 130.0
face 0.45 36.0 281.0 53.0 301.0
face 0.45 577.0 152.0 590.0 167.0
face 0.44 23.0 110.0 33.0 122.0
face 0.44 625.0 52.0 636.0 66.0
face 0.44 415.0 44.0 426.0 56.0
face 0.44 867.0 282.0 880.0 300.0
face 0.44 534.0 229.0 545.0 243.0
face 0.44 950.0 148.0 960.0 160.0
face 0.43 494.0 101.0 505.0 114.0
face 0.43 335.0 86.0 345.0 98.0
face 0.43 813.0 270.0 823.0 283.0
face 0.43 697.0 92.0 706.0 103.0
face 0.43 88.0 243.0 101.0 258.0
face 0.43 430.0 65.0 445.0 82.0
face 0.43 831.0 254.0 842.0 266.0
face 0.42 279.0 20.0 290.0 33.0
face 0.42 182.0 182.0 192.0 195.0
face 0.42 557.0 82.0 572.0 100.0
face 0.42 223.0 123.0 236.0 137.0
face 0.42 818.0 15.0 829.0 28.0
face 0.42 864.0 99.0 875.0 112.0
face 0.42 959.0 165.0 968.0 177.0
face 0.42 587.0 23.0 596.0 35.0
face 0.42 372.0 267.0 385.0 282.0
face 0.42 549.0 226.0 563.0 244.0
face 0.42 238.0 163.0 250.0 179.0
face 0.42 576.0 219.0 586.0 231.0
face 0.42 261.0 64.0 271.0 75.0
face 0.41 583.0 130.0 598.0 146.0
face 0.41 776.0 480.0 799.0 504.0
face 0.41 255.0 62.0 265.0 73.0
face 0.41 867.0 246.0 879.0 260.0
face 0.41 287.0 116.0 300.0 131.0
face 0.41 752.0 167.0 762.0 178.0
face 0.41 927.0 239.0 938.0 253.0
face 0.41 135.0 102.0 144.0 113.0
face 0.41 806.0 274.0 821.0 294.0
face 0.41 544.0 15.0 554.0 26.0
face 0.41 494.0 47.0 505.0 60.0
face 0.41 119.0 45.0 130.0 59.0
face 0.40 569.0 308.0 582.0 325.0
face 0.40 192.0 116.0 204.0 131.0
face 0.40 540.0 52.0 553.0 67.0
face 0.40 383.0 43.0 393.0 56.0
face 0.40 442.0 127.0 471.0 168.0
face 0.40 214.0 133.0 224.0 145.0
face 0.40 928.0 100.0 937.0 112.0
face 0.40 254.0 326.0 265.0 340.0
face 0.40 646.0 134.0 656.0 146.0
face 0.39 699.0 241.0 714.0 259.0
face 0.39 640.0 131.0 651.0 144.0
face 0.39 541.0 173.0 552.0 186.0
face 0.39 100.0 144.0 116.0 163.0
face 0.39 108.0 190.0 120.0 204.0
face 0.39 701.0 127.0 711.0 138.0
face 0.39 580.0 114.0 594.0 130.0
face 0.39 654.0 232.0 664.0 243.0
face 0.39 879.0 261.0 889.0 274.0
face 0.39 712.0 111.0 722.0 123.0
face 0.39 728.0 96.0 738.0 108.0
face 0.39 837.0 245.0 847.0 258.0
face 0.39 238.0 39.0 249.0 51.0
face 0.39 231.0 173.0 240.0 184.0
face 0.39 805.0 53.0 815.0 66.0
face 0.39 239.0 83.0 250.0 98.0
face 0.39 133.0 188.0 143.0 199.0
face 0.39 335.0 70.0 344.0 81.0
face 0.39 934.0 231.0 943.0 243.0
face 0.39 751.0 71.0 760.0 82.0
face 0.39 646.0 397.0 656.0 412.0
face 0.39 846.0 263.0 855.0 274.0
face 0.39 230.0 190.0 242.0 206.0
face 0.39 671.0 147.0 685.0 164.0
face 0.39 565.0 240.0 576.0 252.0
face 0.39 422.0 14.0 430.0 25.0
face 0.39 513.0 211.0 524.0 226.0
face 0.39 902.0 173.0 913.0 186.0
face 0.39 153.0 117.0 162.0 128.0
face 0.39 941.0 282.0 953.0 299.0
face 0.38 565.0 159.0 575.0 171.0
face 0.38 662.0 135.0 672.0 148.0
face 0.38 401.0 88.0 408.0 97.0
face 0.38 727.0 115.0 739.0 130.0
face 0.38 502.0 151.0 513.0 164.0
face 0.38 565.0 166.0 575.0 178.0
face 0.38 197.0 168.0 207.0 180.0
face 0.38 134.0 88.0 143.0 99.0
face 0.38 96.0 30.0 105.0 40.0
face 0.38 599.0 133.0 612.0 147.0
face 0.38 910.0 327.0 920.0 339.0
face 0.38 838.0 253.0 848.0 265.0
face 0.38 675.0 218.0 688.0 235.0
face 0.38 760.0 118.0 770.0 131.0
face 0.38 92.0 191.0 104.0 205.0
face 0.38 516.0 8.0 529.0 23.0
face 0.38 933.0 53.0 943.0 64.0
face 0.38 898.0 235.0 914.0 253.0
face 0.38 192.0 173.0 204.0 186.0
face 0.38 231.0 87.0 242.0 101.0
face 0.38 736.0 67.0 745.0 78.0
face 0.38 951.0 154.0 963.0 170.0
face 0.38 119.0 29.0 130.0 42.0
face 0.38 153.0 110.0 163.0 122.0
face 0.38 638.0 317.0 649.0 330.0
face 0.38 120.0 79.0 129.0 90.0
face 0.38 215.0 174.0 225.0 185.0
face 0.38 113.0 238.0 124.0 250.0
face 0.38 588.0 352.0 604.0 372.0
face 0.38 207.0 101.0 217.0 113.0
face 0.38 825.0 260.0 836.0 275.0
face 0.38 700.0 86.0 711.0 100.0
face 0.38 150.0 31.0 160.0 43.0
face 0.38 671.0 102.0 682.0 116.0
face 0.38 526.0 156.0 537.0 169.0
face 0.38 934.0 94.0 945.0 109.0
face 0.38 870.0 100.0 880.0 111.0
face 0.38 128.0 92.0 138.0 103.0
face 0.38 887.0 48.0 896.0 59.0
face 0.38 873.0 55.0 882.0 66.0
face 0.38 670.0 85.0 680.0 97.0
face 0.38 151.0 185.0 162.0 197.0
face 0.38 295.0 104.0 305.0 115.0
face 0.38 249.0 61.0 259.0 72.0
face 0.38 95.0 285.0 105.0 298.0
face 0.38 245.0 78.0 258.0 95.0
face 0.38 880.0 296.0 889.0 307.0
face 0.38 839.0 341.0 849.0 355.0
face 0.38 904.0 94.0 913.0 105.0
face 0.38 477.0 273.0 493.0 293.0
face 0.38 624.0 233.0 634.0 244.0
face 0.38 88.0 115.0 98.0 127.0
face 0.38 815.0 172.0 825.0 185.0
face 0.38 873.0 61.0 883.0 73.0
face 0.38 535.0 151.0 545.0 163.0
face 0.38 656.0 136.0 667.0 149.0
face 0.38 822.0 293.0 833.0 306.0
face 0.38 533.0 243.0 546.0 258.0
face 0.37 959.0 149.0 968.0 161.0
face 0.37 525.0 55.0 535.0 67.0
face 0.37 519.0 191.0 529.0 203.0
face 0.37 902.0 47.0 911.0 58.0
face 0.37 223.0 143.0 233.0 154.0
face 0.37 886.0 71.0 895.0 82.0
face 0.37 599.0 152.0 608.0 162.0
face 0.37 945.0 54.0 954.0 65.0
face 0.37 101.0 133.0 113.0 148.0
face 0.37 566.0 172.0 577.0 186.0
face 0.37 678.0 101.0 688.0 113.0
face 0.37 830.0 315.0 842.0 332.0
face 0.37 826.0 255.0 835.0 266.0
face 0.37 703.0 120.0 713.0 131.0
face 0.37 96.0 143.0 106.0 155.0
face 0.37 342.0 46.0 352.0 58.0
face 0.37 278.0 92.0 288.0 104.0
face 0.37 592.0 112.0 601.0 123.0
face 0.37 560.0 153.0 570.0 164.0
face 0.37 560.0 239.0 570.0 250.0
face 0.37 878.0 102.0 888.0 114.0
face 0.37 464.0 23.0 474.0 35.0
face 0.37 94.0 86.0 105.0 99.0
face 0.37 169.0 141.0 179.0 152.0
face 0.37 904.0 142.0 917.0 157.0
face 0.37 717.0 63.0 726.0 74.0
face 0.37 341.0 52.0 354.0 67.0
face 0.37 885.0 78.0 894.0 89.0
face 0.37 15.0 119.0 26.0 131.0
face 0.37 500.0 196.0 513.0 212.0
face 0.37 71.0 135.0 82.0 148.0
face 0.37 270.0 80.0 279.0 90.0
face 0.37 329.0 30.0 338.0 42.0
face 0.37 844.0 428.0 862.0 446.0
face 0.37 598.0 112.0 608.0 123.0
face 0.37 136.0 158.0 146.0 169.0
face 0.37 118.0 53.0 129.0 65.0
face 0.37 62.0 143.0 72.0 154.0
face 0.37 791.0 111.0 801.0 123.0
face 0.37 271.0 86.0 281.0 98.0
face 0.37 108.0 219.0 121.0 233.0
face 0.37 302.0 118.0 312.0 131.0
face 0.37 604.0 174.0 619.0 192.0
face 0.37 565.0 150.0 577.0 165.0
face 0.37 749.0 77.0 759.0 89.0
face 0.37 935.0 237.0 945.0 250.0
face 0.37 647.0 109.0 656.0 120.0
face 0.37 687.0 127.0 696.0 137.0
face 0.37 878.0 255.0 888.0 268.0
face 0.37 581.0 205.0 591.0 217.0
face 0.37 456.0 31.0 467.0 44.0
face 0.37 336.0 54.0 346.0 65.0
face 0.37 974.0 45.0 985.0 57.0
face 0.37 838.0 259.0 850.0 274.0
face 0.37 807.0 174.0 817.0 186.0
face 0.37 720.0 118.0 729.0 129.0
face 0.37 318.0 110.0 327.0 121.0
face 0.37 152.0 127.0 161.0 138.0
face 0.37 182.0 175.0 192.0 188.0
face 0.37 718.0 111.0 728.0 122.0
face 0.37 342.0 223.0 354.0 237.0
face 0.37 109.0 149.0 120.0 161.0
face 0.37 200.0 55.0 210.0 66.0
face 0.37 543.0 237.0 553.0 250.0
face 0.37 671.0 92.0 683.0 107.0
face 0.37 870.0 268.0 881.0 280.0
face 0.37 712.0 276.0 723.0 289.0
face 0.37 792.0 55.0 801.0 66.0
face 0.37 158.0 182.0 171.0 196.0
face 0.37 775.0 39.0 785.0 50.0
face 0.37 856.0 39.0 865.0 50.0
face 0.37 705.0 142.0 715.0 154.0
face 0.37 273.0 93.0 282.0 104.0
face 0.37 128.0 142.0 137.0 153.0
face 0.37 608.0 128.0 617.0 139.0
face 0.37 896.0 103.0 906.0 114.0
face 0.37 909.0 62.0 919.0 74.0
face 0.37 185.0 31.0 195.0 43.0
face 0.37 733.0 117.0 742.0 128.0
face 0.37 869.0 239.0 880.0 252.0
face 0.37 693.0 66.0 705.0 83.0
face 0.37 799.0 173.0 810.0 186.0
face 0.37 630.0 232.0 639.0 243.0
face 0.37 719.0 86.0 728.0 97.0
face 0.37 151.0 47.0 162.0 59.0
face 0.37 24.0 103.0 34.0 114.0
face 0.37 950.0 81.0 959.0 92.0
face 0.37 774.0 21.0 784.0 32.0
face 0.37 334.0 29.0 345.0 42.0
face 0.37 632.0 157.0 641.0 168.0
face 0.37 165.0 183.0 175.0 195.0
face 0.37 958.0 118.0 969.0 130.0
face 0.37 495.0 64.0 505.0 75.0
face 0.37 898.0 109.0 910.0 123.0
face 0.37 510.0 54.0 520.0 66.0
face 0.37 958.0 111.0 968.0 123.0
face 0.37 805.0 94.0 815.0 106.0
face 0.37 189.0 181.0 202.0 195.0
face 0.37 214.0 157.0 225.0 170.0
face 0.37 192.0 52.0 201.0 63.0
face 0.37 149.0 139.0 160.0 152.0
face 0.37 591.0 18.0 600.0 29.0
face 0.37 78.0 142.0 88.0 154.0
face 0.37 511.0 179.0 523.0 194.0
face 0.37 686.0 145.0 696.0 155.0
face 0.37 156.0 134.0 167.0 147.0
face 0.37 216.0 119.0 225.0 130.0
face 0.37 575.0 207.0 587.0 222.0
face 0.37 702.0 134.0 712.0 146.0
face 0.37 48.0 86.0 58.0 98.0
face 0.37 862.0 318.0 871.0 330.0
face 0.37 272.0 39.0 283.0 51.0
face 0.37 317.0 72.0 327.0 84.0
face 0.37 847.0 256.0 857.0 267.0
face 0.37 686.0 212.0 699.0 228.0
face 0.37 758.0 166.0 768.0 177.0
face 0.37 778.0 85.0 789.0 98.0
face 0.37 680.0 127.0 689.0 138.0
face 0.37 633.0 77.0 644.0 92.0
face 0.37 743.0 63.0 752.0 74.0
face 0.37 864.0 269.0 875.0 281.0
face 0.37 712.0 104.0 721.0 115.0
face 0.37 479.0 74.0 491.0 90.0
face 0.37 479.0 30.0 489.0 42.0
face 0.37 856.0 112.0 866.0 123.0
face 0.37 287.0 72.0 297.0 83.0
face 0.37 617.0 166.0 627.0 178.0
face 0.37 838.0 285.0 848.0 297.0
face 0.37 342.0 134.0 352.0 146.0
face 0.37 728.0 87.0 738.0 100.0
face 0.37 575.0 133.0 585.0 145.0
face 0.37 831.0 284.0 842.0 298.0
face 0.37 223.0 133.0 233.0 146.0
face 0.37 831.0 72.0 841.0 83.0
face 0.37 896.0 69.0 906.0 81.0
face 0.37 566.0 199.0 576.0 210.0
face 0.37 440.0 37.0 449.0 49.0
face 0.37 608.0 214.0 618.0 224.0
face 0.37 919.0 277.0 930.0 290.0
face 0.37 743.0 69.0 754.0 82.0
face 0.37 277.0 53.0 288.0 66.0
face 0.37 647.0 247.0 658.0 259.0
face 0.37 224.0 174.0 234.0 185.0
face 0.37 57.0 46.0 68.0 60.0
face 0.37 720.0 103.0 730.0 114.0
face 0.37 808.0 262.0 819.0 274.0
face 0.37 541.0 246.0 553.0 260.0
face 0.37 208.0 158.0 217.0 169.0
face 0.37 528.0 239.0 538.0 250.0
face 0.37 672.0 227.0 682.0 239.0
face 0.37 566.0 212.0 579.0 229.0
face 0.37 281.0 71.0 290.0 81.0
face 0.37 190.0 72.0 199.0 83.0
face 0.37 90.0 108.0 103.0 124.0
face 0.37 660.0 238.0 672.0 252.0
face 0.37 687.0 47.0 697.0 58.0
face 0.37 95.0 78.0 106.0 91.0
face 0.37 244.0 108.0 254.0 120.0
face 0.37 600.0 142.0 611.0 155.0
face 0.37 929.0 78.0 938.0 89.0
face 0.37 228.0 52.0 240.0 67.0
face 0.37 552.0 208.0 562.0 219.0
face 0.37 609.0 23.0 617.0 33.0
face 0.37 671.0 247.0 680.0 258.0
face 0.37 487.0 94.0 497.0 106.0
face 0.37 343.0 61.0 353.0 73.0
face 0.37 526.0 259.0 537.0 272.0
face 0.37 887.0 104.0 896.0 114.0
face 0.37 935.0 149.0 944.0 160.0
face 0.37 488.0 31.0 497.0 43.0
face 0.37 136.0 133.0 147.0 146.0
face 0.37 793.0 15.0 802.0 26.0
face 0.37 658.0 163.0 673.0 182.0
face 0.37 56.0 165.0 67.0 178.0
face 0.37 450.0 28.0 471.0 57.0
face 0.37 190.0 23.0 201.0 35.0
face 0.37 120.0 71.0 130.0 83.0
face 0.37 607.0 78.0 616.0 90.0
face 0.37 942.0 62.0 953.0 75.0
face 0.37 958.0 157.0 967.0 171.0
face 0.37 873.0 48.0 881.0 59.0
face 0.37 784.0 118.0 793.0 129.0
face 0.37 911.0 57.0 920.0 67.0
face 0.37 590.0 164.0 602.0 178.0
face 0.37 542.0 230.0 553.0 243.0
face 0.37 952.0 52.0 962.0 64.0
face 0.37 814.0 341.0 825.0 356.0
face 0.37 102.0 230.0 111.0 241.0
face 0.37 967.0 69.0 976.0 81.0
face 0.37 598.0 207.0 607.0 217.0
face 0.37 215.0 151.0 225.0 162.0
face 0.37 201.0 151.0 210.0 161.0
face 0.37 902.0 68.0 913.0 82.0
face 0.37 112.0 93.0 121.0 104.0
face 0.37 823.0 62.0 832.0 72.0
face 0.37 327.0 55.0 337.0 66.0
face 0.37 533.0 134.0 543.0 146.0
face 0.37 78.0 47.0 87.0 58.0
face 0.37 728.0 53.0 737.0 63.0
face 0.37 72.0 68.0 82.0 81.0
face 0.37 800.0 99.0 810.0 112.0
face 0.37 837.0 277.0 849.0 292.0
face 0.37 735.0 150.0 745.0 162.0
face 0.37 127.0 101.0 139.0 114.0
face 0.37 774.0 149.0 785.0 161.0
face 0.36 840.0 334.0 849.0 345.0
face 0.36 720.0 94.0 730.0 105.0
face 0.36 120.0 103.0 129.0 114.0
face 0.36 702.0 62.0 711.0 73.0
face 0.36 628.0 299.0 639.0 313.0
face 0.36 886.0 118.0 897.0 131.0
face 0.36 725.0 45.0 736.0 58.0
face 0.36 855.0 278.0 865.0 289.0
face 0.36 175.0 168.0 185.0 179.0
face 0.36 469.0 27.0 483.0 44.0
face 0.36 398.0 62.0 408.0 74.0
face 0.36 934.0 79.0 943.0 89.0
face 0.36 599.0 166.0 609.0 178.0
face 0.36 884.0 301.0 895.0 314.0
face 0.36 542.0 159.0 552.0 171.0
face 0.36 950.0 136.0 959.0 146.0
face 0.36 567.0 135.0 577.0 147.0
face 0.36 943.0 101.0 953.0 113.0
face 0.36 73.0 142.0 82.0 154.0
face 0.36 824.0 317.0 835.0 332.0
face 0.36 215.0 140.0 226.0 153.0
face 0.36 311.0 15.0 320.0 25.0
face 0.36 399.0 93.0 408.0 104.0
face 0.36 351.0 223.0 362.0 236.0
face 0.36 945.0 80.0 953.0 90.0
face 0.36 824.0 287.0 834.0 300.0
face 0.36 119.0 251.0 131.0 267.0
face 0.36 590.0 254.0 605.0 271.0
face 0.36 917.0 300.0 929.0 314.0
face 0.36 61.0 127.0 72.0 139.0
face 0.36 533.0 187.0 545.0 202.0
face 0.36 272.0 46.0 282.0 57.0
face 0.36 704.0 103.0 713.0 112.0
face 0.36 192.0 143.0 201.0 153.0
face 0.36 863.0 77.0 872.0 89.0
face 0.36 648.0 340.0 658.0 352.0
face 0.36 854.0 45.0 864.0 57.0
face 0.36 686.0 198.0 697.0 210.0
face 0.36 720.0 44.0 730.0 56.0
face 0.36 912.0 120.0 921.0 130.0
face 0.36 959.0 124.0 969.0 136.0
face 0.36 135.0 152.0 145.0 164.0
face 0.36 712.0 69.0 722.0 81.0
face 0.36 934.0 167.0 945.0 180.0
face 0.36 600.0 128.0 610.0 140.0
face 0.36 543.0 221.0 553.0 233.0
face 0.36 342.0 149.0 353.0 162.0
face 0.36 886.0 317.0 897.0 329.0
face 0.36 183.0 166.0 193.0 177.0
face 0.36 744.0 94.0 754.0 106.0
face 0.36 348.0 35.0 362.0 51.0
face 0.36 863.0 261.0 874.0 275.0
face 0.36 105.0 216.0 115.0 227.0
face 0.36 127.0 111.0 136.0 121.0
face 0.36 911.0 409.0 926.0 429.0
face 0.36 566.0 110.0 576.0 122.0
face 0.36 719.0 134.0 729.0 145.0
face 0.36 176.0 173.0 186.0 186.0
face 0.36 312.0 103.0 323.0 116.0
face 0.36 494.0 30.0 504.0 41.0
face 0.36 844.0 268.0 856.0 283.0
face 0.36 847.0 355.0 859.0 368.0
face 0.36 336.0 63.0 346.0 74.0
face 0.36 936.0 87.0 945.0 97.0
face 0.36 544.0 135.0 553.0 146.0
face 0.36 526.0 186.0 537.0 201.0
face 0.36 897.0 48.0 906.0 58.0
face 0.36 992.0 183.0 1003.0 195.0
face 0.36 390.0 62.0 401.0 74.0
face 0.36 559.0 119.0 568.0 129.0
face 0.36 223.0 190.0 235.0 206.0
face 0.36 31.0 47.0 40.0 57.0
face 0.36 823.0 126.0 832.0 137.0
face 0.36 714.0 404.0 728.0 422.0
face 0.36 895.0 255.0 905.0 268.0
face 0.36 7.0 94.0 16.0 106.0
face 0.36 423.0 20.0 433.0 32.0
face 0.36 543.0 253.0 553.0 265.0
face 0.36 286.0 124.0 297.0 136.0
face 0.36 870.0 355.0 882.0 370.0
face 0.36 742.0 103.0 753.0 115.0
face 0.36 359.0 54.0 368.0 65.0
face 0.36 800.0 58.0 811.0 72.0
face 0.36 607.0 110.0 617.0 122.0
face 0.36 788.0 237.0 802.0 253.0
face 0.36 934.0 70.0 944.0 82.0
face 0.36 672.0 215.0 682.0 228.0
face 0.36 968.0 86.0 978.0 98.0
face 0.36 692.0 268.0 705.0 285.0
face 0.36 479.0 93.0 489.0 104.0
face 0.36 942.0 249.0 953.0 262.0
face 0.36 775.0 30.0 786.0 43.0
face 0.36 216.0 167.0 225.0 179.0
face 0.36 710.0 143.0 720.0 155.0
face 0.36 317.0 116.0 328.0 130.0
face 0.36 656.0 37.0 668.0 51.0
face 0.36 789.0 264.0 799.0 276.0
face 0.36 862.0 240.0 873.0 253.0
face 0.36 911.0 96.0 920.0 106.0
face 0.36 967.0 134.0 976.0 144.0
face 0.36 943.0 92.0 955.0 106.0
face 0.36 167.0 63.0 177.0 73.0
face 0.36 7.0 22.0 17.0 33.0
face 0.36 423.0 8.0 434.0 21.0
face 0.36 117.0 61.0 128.0 74.0
face 0.36 520.0 59.0 532.0 73.0
face 0.36 855.0 315.0 868.0 330.0
face 0.36 519.0 246.0 529.0 257.0
face 0.36 119.0 175.0 128.0 186.0
face 0.36 311.0 62.0 320.0 73.0
face 0.36 727.0 165.0 737.0 178.0
face 0.36 183.0 158.0 193.0 170.0
face 0.36 951.0 60.0 962.0 74.0
face 0.36 527.0 246.0 538.0 258.0
face 0.36 799.0 136.0 808.0 146.0
face 0.36 504.0 79.0 513.0 91.0
face 0.36 719.0 55.0 729.0 66.0
face 0.36 640.0 53.0 650.0 65.0
face 0.36 303.0 56.0 313.0 67.0
face 0.36 118.0 213.0 132.0 230.0
face 0.36 607.0 159.0 617.0 169.0
face 0.36 311.0 117.0 322.0 129.0
face 0.36 561.0 111.0 570.0 121.0
face 0.36 926.0 175.0 938.0 188.0
face 0.36 120.0 110.0 129.0 122.0
face 0.36 745.0 56.0 753.0 66.0
face 0.36 567.0 86.0 578.0 98.0
face 0.36 855.0 134.0 866.0 148.0
face 0.36 56.0 229.0 67.0 242.0
face 0.36 837.0 324.0 849.0 339.0
face 0.36 662.0 159.0 673.0 172.0
face 0.36 278.0 47.0 288.0 58.0
face 0.36 928.0 144.0 937.0 154.0
face 0.36 215.0 21.0 224.0 32.0
face 0.36 189.0 103.0 201.0 116.0
face 0.36 946.0 143.0 956.0 155.0
face 0.36 729.0 63.0 738.0 74.0
face 0.36 407.0 77.0 418.0 89.0
face 0.36 13.0 123.0 27.0 140.0
face 0.36 687.0 192.0 697.0 203.0
face 0.36 422.0 46.0 432.0 57.0
face 0.36 856.0 76.0 866.0 89.0
face 0.36 335.0 38.0 345.0 51.0
face 0.36 950.0 260.0 960.0 271.0
face 0.36 823.0 267.0 834.0 281.0
face 0.36 199.0 144.0 208.0 154.0
face 0.36 862.0 165.0 876.0 183.0
face 0.36 735.0 112.0 744.0 123.0
face 0.36 632.0 133.0 641.0 144.0
face 0.36 552.0 151.0 563.0 163.0
face 0.36 904.0 53.0 914.0 64.0
face 0.36 271.0 72.0 281.0 82.0
face 0.36 615.0 214.0 624.0 224.0
face 0.36 16.0 94.0 25.0 105.0
face 0.36 933.0 174.0 943.0 186.0
face 0.36 55.0 21.0 67.0 35.0
face 0.36 166.0 53.0 177.0 67.0
face 0.36 319.0 32.0 328.0 42.0
face 0.36 952.0 71.0 961.0 81.0
face 0.36 877.0 229.0 890.0 243.0
face 0.36 1005.0 117.0 1015.0 130.0
face 0.36 112.0 111.0 121.0 122.0
face 0.36 135.0 143.0 144.0 153.0
face 0.36 94.0 240.0 104.0 252.0
face 0.36 899.0 258.0 913.0 276.0
face 0.36 792.0 103.0 801.0 113.0
face 0.36 567.0 192.0 578.0 204.0
face 0.36 991.0 172.0 1004.0 187.0
face 0.36 492.0 268.0 505.0 284.0
face 0.36 607.0 151.0 617.0 161.0
face 0.36 929.0 70.0 938.0 82.0
face 0.36 95.0 37.0 104.0 48.0
face 0.36 590.0 127.0 601.0 141.0
face 0.36 925.0 165.0 938.0 180.0
face 0.36 864.0 279.0 875.0 292.0
face 0.36 47.0 94.0 57.0 106.0
face 0.36 838.0 78.0 848.0 90.0
face 0.36 560.0 246.0 571.0 258.0
face 0.36 934.0 252.0 944.0 265.0
face 0.36 559.0 209.0 568.0 221.0
face 0.36 14.0 229.0 26.0 242.0
face 0.36 830.0 388.0 842.0 402.0
face 0.36 205.0 109.0 216.0 122.0
face 0.36 328.0 69.0 339.0 83.0
face 0.36 896.0 302.0 905.0 313.0
face 0.36 646.0 317.0 658.0 331.0
face 0.36 61.0 20.0 73.0 34.0
face 0.36 510.0 245.0 523.0 259.0
face 0.36 837.0 85.0 849.0 100.0
face 0.36 814.0 143.0 823.0 154.0
face 0.36 880.0 109.0 891.0 122.0
face 0.36 111.0 183.0 123.0 197.0
face 0.36 518.0 83.0 530.0 98.0
face 0.36 695.0 151.0 704.0 161.0
face 0.36 103.0 184.0 113.0 195.0
face 0.36 881.0 85.0 890.0 96.0
face 0.36 648.0 239.0 658.0 251.0
face 0.36 96.0 47.0 105.0 58.0
face 0.36 112.0 103.0 121.0 113.0
face 0.36 294.0 72.0 304.0 83.0
face 0.36 856.0 295.0 866.0 307.0
face 0.36 830.0 269.0 840.0 280.0
face 0.36 488.0 14.0 497.0 25.0
face 0.36 662.0 32.0 671.0 43.0
face 0.36 399.0 55.0 409.0 66.0
face 0.36 799.0 143.0 808.0 153.0
face 0.36 879.0 276.0 892.0 291.0
face 0.36 143.0 183.0 154.0 196.0
face 0.36 255.0 67.0 267.0 81.0
face 0.36 198.0 111.0 208.0 123.0
face 0.36 620.0 316.0 633.0 331.0
face 0.36 211.0 245.0 227.0 261.0
face 0.36 158.0 128.0 167.0 138.0
face 0.36 902.0 230.0 913.0 243.0
face 0.36 719.0 161.0 728.0 172.0
face 0.36 502.0 261.0 516.0 278.0
face 0.36 663.0 230.0 673.0 241.0
face 0.36 775.0 45.0 784.0 56.0
face 0.36 16.0 111.0 27.0 124.0
face 0.36 511.0 86.0 521.0 98.0
face 0.36 734.0 156.0 746.0 171.0
face 0.36 552.0 173.0 562.0 187.0
face 0.36 406.0 51.0 417.0 66.0
face 0.36 88.0 87.0 98.0 98.0
face 0.36 965.0 37.0 978.0 52.0
face 0.36 760.0 111.0 769.0 123.0
face 0.36 885.0 312.0 895.0 323.0
face 0.36 728.0 159.0 737.0 170.0
face 0.36 225.0 93.0 234.0 103.0
face 0.36 575.0 31.0 585.0 42.0
face 0.36 903.0 319.0 913.0 330.0
face 0.36 713.0 159.0 722.0 170.0
face 0.36 870.0 230.0 883.0 244.0
face 0.36 208.0 126.0 217.0 137.0
face 0.36 207.0 39.0 217.0 50.0
face 0.36 944.0 47.0 954.0 59.0
face 0.36 89.0 30.0 99.0 42.0
face 0.36 265.0 77.0 276.0 91.0
face 0.36 895.0 292.0 906.0 307.0
face 0.36 935.0 121.0 944.0 130.0
face 0.36 695.0 78.0 705.0 90.0
face 0.36 408.0 45.0 420.0 59.0
face 0.36 399.0 46.0 408.0 57.0
face 0.36 831.0 148.0 841.0 160.0
face 0.36 129.0 184.0 139.0 195.0
face 0.36 358.0 85.0 368.0 98.0
face 0.36 581.0 221.0 592.0 233.0
face 0.36 143.0 22.0 153.0 33.0
face 0.36 71.0 83.0 82.0 97.0
face 0.36 743.0 252.0 755.0 266.0
face 0.36 229.0 120.0 239.0 132.0
face 0.36 967.0 92.0 976.0 104.0
face 0.36 776.0 71.0 785.0 82.0
face 0.36 688.0 110.0 697.0 121.0
face 0.36 769.0 94.0 777.0 105.0
face 0.36 573.0 45.0 587.0 61.0
face 0.36 88.0 101.0 98.0 114.0
face 0.36 247.0 47.0 257.0 58.0
face 0.36 982.0 93.0 992.0 105.0
face 0.36 616.0 144.0 624.0 154.0
face 0.36 144.0 60.0 153.0 71.0
face 0.36 696.0 144.0 705.0 154.0
face 0.36 239.0 102.0 251.0 116.0
face 0.36 574.0 87.0 583.0 98.0
face 0.36 216.0 127.0 227.0 141.0
face 0.36 845.0 294.0 856.0 306.0
face 0.36 861.0 108.0 873.0 122.0
face 0.36 741.0 245.0 767.0 273.0
face 0.36 967.0 110.0 977.0 122.0
face 0.36 199.0 123.0 209.0 135.0
face 0.36 558.0 230.0 568.0 242.0
face 0.36 614.0 247.0 624.0 259.0
face 0.36 254.0 111.0 263.0 122.0
face 0.36 709.0 398.0 722.0 413.0
face 0.36 895.0 54.0 904.0 64.0
face 0.36 176.0 118.0 185.0 129.0
face 0.36 128.0 119.0 137.0 129.0
face 0.36 670.0 143.0 680.0 154.0
face 0.36 728.0 70.0 737.0 81.0
face 0.36 551.0 111.0 560.0 121.0
face 0.36 296.0 63.0 305.0 73.0
face 0.36 511.0 239.0 521.0 251.0
face 0.36 718.0 68.0 727.0 80.0
face 0.36 502.0 51.0 514.0 66.0
face 0.36 573.0 175.0 584.0 187.0
face 0.36 319.0 0.0 330.0 10.0
face 0.36 809.0 143.0 818.0 154.0
face 0.36 790.0 75.0 804.0 91.0
face 0.36 881.0 70.0 890.0 80.0
face 0.36 303.0 133.0 314.0 147.0
face 0.36 974.0 176.0 986.0 188.0
face 0.36 697.0 132.0 708.0 144.0
face 0.36 287.0 54.0 296.0 65.0
face 0.36 701.0 68.0 713.0 83.0
face 0.36 252.0 143.0 264.0 157.0
face 0.36 561.0 22.0 571.0 34.0
face 0.36 597.0 157.0 610.0 171.0
face 0.36 607.0 167.0 617.0 179.0
face 0.36 72.0 147.0 84.0 162.0
face 0.36 847.0 247.0 857.0 259.0
face 0.36 967.0 176.0 978.0 188.0
face 0.36 847.0 40.0 856.0 50.0
face 0.36 918.0 119.0 928.0 130.0
face 0.36 711.0 53.0 724.0 68.0
face 0.36 992.0 46.0 1003.0 59.0
face 0.36 745.0 86.0 755.0 98.0
face 0.36 879.0 48.0 888.0 59.0
face 0.36 527.0 141.0 537.0 154.0
face 0.36 583.0 173.0 593.0 184.0
face 0.36 943.0 71.0 952.0 81.0
face 0.36 655.0 21.0 666.0 33.0
face 0.36 201.0 102.0 211.0 114.0
face 0.36 167.0 47.0 177.0 59.0
face 0.36 201.0 159.0 210.0 169.0
face 0.36 120.0 93.0 129.0 105.0
face 0.36 121.0 142.0 131.0 154.0
face 0.36 527.0 79.0 537.0 91.0
face 0.36 287.0 102.0 299.0 115.0
face 0.36 151.0 166.0 159.0 177.0
face 0.36 799.0 151.0 808.0 163.0
face 0.36 415.0 76.0 424.0 87.0
