face 1.00 163.0 132.0 230.0 211.0
face 1.00 796.0 99.0 847.0 168.0
face 1.00 898.0 177.0 936.0 224.0
face 1.00 550.0 118.0 610.0 195.0
face 0.66 338.0 261.0 352.0 277.0
face 0.61 805.0 280.0 823.0 305.0
face 0.45 301.0 42.0 314.0 59.0
face 0.44 703.0 313.0 717.0 330.0
face 0.44 527.0 102.0 554.0 140.0
face 0.43 617.0 16.0 630.0 33.0
face 0.42 320.0 206.0 332.0 221.0
face 0.42 342.0 371.0 352.0 384.0
face 0.41 320.0 175.0 329.0 186.0
face 0.40 405.0 174.0 418.0 191.0
face 0.40 290.0 168.0 304.0 187.0
face 0.39 316.0 366.0 331.0 384.0
face 0.39 97.0 163.0 108.0 178.0
face 0.39 537.0 592.0 588.0 656.0
face 0.39 315.0 146.0 329.0 166.0
face 0.38 725.0 321.0 742.0 339.0
face 0.38 370.0 262.0 386.0 281.0
face 0.38 711.0 292.0 723.0 304.0
face 0.37 958.0 707.0 972.0 723.0
face 0.37 357.0 360.0 368.0 372.0
face 0.37 352.0 365.0 364.0 379.0
face 0.37 541.0 21.0 555.0 39.0
face 0.37 648.0 576.0 691.0 624.0
face 0.37 1.0 658.0 25.0 692.0
face 0.36 39.0 182.0 50.0 195.0
face 0.36 694.0 171.0 707.0 188.0
face 0.36 744.0 140.0 755.0 153.0
face 0.36 351.0 269.0 361.0 282.0
face 0.36 385.0 176.0 395.0 187.0
face 0.36 719.0 254.0 730.0 267.0
face 0.36 348.0 277.0 359.0 290.0
face 0.36 651.0 677.0 664.0 691.0
face 0.36 719.0 333.0 729.0 345.0
face 0.36 350.0 373.0 360.0 385.0
face 0.36 702.0 293.0 715.0 306.0
face 0.36 679.0 181.0 692.0 198.0
face 0.36 30.0 174.0 40.0 186.0
face 0.36 722.0 357.0 731.0 369.0
face 0.35 368.0 182.0 378.0 195.0
face 0.35 958.0 598.0 968.0 610.0
face 0.35 16.0 407.0 25.0 419.0
face 0.35 683.0 82.0 698.0 101.0
face 0.35 747.0 144.0 761.0 163.0
face 0.35 47.0 165.0 58.0 178.0
face 0.35 23.0 351.0 34.0 363.0
face 0.35 895.0 178.0 910.0 197.0
face 0.35 360.0 353.0 369.0 363.0
face 0.35 30.0 357.0 42.0 372.0
face 0.35 543.0 296.0 564.0 323.0
face 0.35 29.0 158.0 40.0 172.0
face 0.35 541.0 668.0 554.0 685.0
face 0.35 407.0 157.0 417.0 168.0
face 0.35 701.0 374.0 711.0 386.0
face 0.35 391.0 168.0 401.0 179.0
face 0.35 367.0 175.0 376.0 186.0
face 0.35 694.0 149.0 705.0 161.0
face 0.35 368.0 167.0 377.0 178.0
face 0.35 101.0 5.0 117.0 23.0
