face 1.00 679.0 204.0 723.0 258.0
face 1.00 814.0 82.0 853.0 130.0
face 1.00 862.0 172.0 904.0 228.0
face 1.00 13.0 168.0 57.0 223.0
face 1.00 139.0 281.0 192.0 348.0
face 1.00 794.0 229.0 831.0 274.0
face 1.00 95.0 66.0 134.0 115.0
face 1.00 720.0 0.0 761.0 58.0
face 1.00 496.0 157.0 536.0 211.0
face 1.00 348.0 268.0 396.0 333.0
face 1.00 302.0 149.0 346.0 202.0
face 1.00 446.0 66.0 481.0 116.0
face 1.00 685.0 70.0 719.0 113.0
face 1.00 572.0 124.0 616.0 176.0
face 1.00 217.0 258.0 264.0 324.0
face 1.00 178.0 193.0 228.0 258.0
face 0.99 352.0 393.0 404.0 459.0
face 0.99 321.0 216.0 358.0 256.0
face 0.97 458.0 223.0 508.0 281.0
face 0.97 640.0 23.0 675.0 65.0
face 0.96 632.0 174.0 664.0 218.0
face 0.88 894.0 6.0 914.0 30.0
face 0.87 358.0 7.0 387.0 39.0
face 0.83 305.0 4.0 347.0 47.0
face 0.76 488.0 4.0 517.0 35.0
face 0.71 437.0 197.0 464.0 238.0
face 0.71 107.0 -1.0 147.0 29.0
face 0.66 -1.0 39.0 20.0 77.0
face 0.66 773.0 281.0 830.0 351.0
face 0.60 648.0 150.0 680.0 182.0
face 0.59 162.0 1.0 188.0 28.0
face 0.54 709.0 14.0 720.0 28.0
face 0.43 82.0 82.0 97.0 101.0
face 0.39 546.0 283.0 592.0 339.0
face 0.37 1005.0 91.0 1026.0 124.0
face 0.37 462.0 276.0 475.0 292.0
face 0.36 392.0 2.0 410.0 21.0
face 0.36 182.0 4.0 194.0 19.0
