face 1.00 603.0 167.0 669.0 263.0
face 1.00 15.0 99.0 78.0 181.0
face 0.99 855.0 89.0 873.0 112.0
face 0.99 921.0 103.0 939.0 125.0
face 0.75 238.0 20.0 252.0 37.0
face 0.66 580.0 123.0 609.0 154.0
face 0.48 415.0 13.0 426.0 27.0
face 0.47 769.0 120.0 786.0 142.0
face 0.47 438.0 140.0 449.0 154.0
face 0.44 612.0 425.0 710.0 507.0
face 0.44 15.0 15.0 29.0 31.0
face 0.43 261.0 291.0 278.0 313.0
face 0.43 304.0 12.0 315.0 26.0
face 0.42 766.0 71.0 777.0 84.0
face 0.41 550.0 86.0 563.0 101.0
face 0.40 470.0 121.0 493.0 149.0
face 0.38 535.0 94.0 546.0 108.0
face 0.38 389.0 98.0 406.0 117.0
face 0.37 431.0 31.0 442.0 45.0
face 0.37 214.0 347.0 259.0 395.0
face 0.37 508.0 129.0 522.0 147.0
face 0.37 239.0 172.0 251.0 187.0
face 0.37 645.0 103.0 655.0 116.0
face 0.37 628.0 122.0 644.0 140.0
face 0.36 350.0 402.0 399.0 447.0
face 0.36 226.0 75.0 241.0 93.0
face 0.36 384.0 21.0 395.0 35.0
face 0.36 198.0 131.0 212.0 149.0
face 0.36 597.0 14.0 607.0 26.0
face 0.35 253.0 29.0 267.0 45.0
face 0.35 495.0 114.0 508.0 131.0
face 0.35 238.0 134.0 249.0 148.0
face 0.35 373.0 22.0 387.0 37.0
