face 1.00 443.0 460.0 464.0 484.0
face 1.00 177.0 394.0 196.0 417.0
face 1.00 888.0 193.0 908.0 217.0
face 1.00 500.0 324.0 518.0 346.0
face 1.00 939.0 502.0 960.0 528.0
face 1.00 104.0 385.0 123.0 408.0
face 1.00 103.0 431.0 121.0 454.0
face 1.00 340.0 449.0 357.0 470.0
face 1.00 577.0 416.0 596.0 441.0
face 1.00 289.0 439.0 307.0 462.0
face 1.00 678.0 426.0 703.0 456.0
face 1.00 201.0 82.0 220.0 105.0
face 1.00 25.0 380.0 44.0 403.0
face 1.00 642.0 379.0 662.0 404.0
face 0.99 140.0 315.0 158.0 336.0
face 0.99 863.0 499.0 882.0 521.0
face 0.99 792.0 458.0 810.0 479.0
face 0.99 299.0 338.0 318.0 363.0
face 0.99 15.0 260.0 35.0 285.0
face 0.99 400.0 131.0 418.0 152.0
face 0.99 160.0 424.0 177.0 447.0
face 0.99 284.0 93.0 302.0 116.0
face 0.99 425.0 368.0 445.0 393.0
face 0.99 262.0 236.0 279.0 256.0
face 0.99 490.0 134.0 510.0 160.0
face 0.99 711.0 239.0 729.0 261.0
face 0.99 496.0 484.0 515.0 507.0
face 0.99 643.0 219.0 662.0 243.0
face 0.99 747.0 234.0 764.0 256.0
face 0.98 865.0 609.0 880.0 629.0
face 0.98 724.0 412.0 741.0 432.0
face 0.98 753.0 443.0 771.0 465.0
face 0.98 544.0 493.0 563.0 515.0
face 0.98 186.0 360.0 204.0 382.0
face 0.97 463.0 380.0 478.0 399.0
face 0.97 783.0 413.0 803.0 436.0
face 0.97 236.0 293.0 255.0 317.0
face 0.97 719.0 469.0 738.0 491.0
face 0.96 533.0 130.0 551.0 152.0
face 0.96 602.0 498.0 620.0 518.0
face 0.95 445.0 139.0 463.0 161.0
face 0.95 642.0 473.0 664.0 499.0
face 0.95 92.0 315.0 115.0 345.0
face 0.94 667.0 499.0 685.0 520.0
face 0.94 554.0 141.0 570.0 164.0
face 0.94 211.0 449.0 226.0 466.0
face 0.93 773.0 225.0 793.0 248.0
face 0.93 952.0 654.0 973.0 679.0
face 0.92 253.0 387.0 273.0 411.0
face 0.91 394.0 256.0 415.0 280.0
face 0.91 582.0 458.0 605.0 486.0
face 0.90 19.0 326.0 37.0 347.0
face 0.90 857.0 312.0 879.0 341.0
face 0.89 813.0 264.0 831.0 284.0
face 0.88 86.0 220.0 109.0 252.0
face 0.88 40.0 414.0 57.0 435.0
face 0.87 824.0 428.0 840.0 449.0
face 0.87 735.0 371.0 748.0 387.0
face 0.87 873.0 643.0 895.0 668.0
face 0.87 735.0 514.0 760.0 541.0
face 0.86 434.0 437.0 450.0 457.0
face 0.86 929.0 236.0 944.0 254.0
face 0.85 286.0 321.0 302.0 341.0
face 0.84 308.0 409.0 323.0 428.0
face 0.82 379.0 403.0 397.0 424.0
face 0.82 179.0 309.0 195.0 330.0
face 0.81 130.0 213.0 148.0 237.0
face 0.80 770.0 526.0 789.0 548.0
face 0.80 439.0 286.0 460.0 310.0
face 0.75 647.0 422.0 669.0 450.0
face 0.73 115.0 201.0 129.0 219.0
face 0.73 768.0 389.0 786.0 410.0
face 0.73 121.0 361.0 137.0 381.0
face 0.72 973.0 110.0 1002.0 146.0
face 0.72 804.0 495.0 822.0 515.0
face 0.70 584.0 385.0 604.0 411.0
face 0.69 692.0 300.0 734.0 350.0
face 0.67 47.0 238.0 67.0 263.0
face 0.65 952.0 536.0 972.0 561.0
face 0.64 832.0 398.0 852.0 422.0
face 0.62 60.0 312.0 73.0 329.0
face 0.60 992.0 461.0 1012.0 487.0
face 0.59 900.0 521.0 921.0 544.0
face 0.58 853.0 419.0 870.0 436.0
face 0.57 23.0 300.0 38.0 319.0
face 0.56 73.0 263.0 93.0 287.0
face 0.54 372.0 257.0 387.0 276.0
face 0.53 759.0 549.0 774.0 568.0
face 0.53 478.0 305.0 494.0 325.0
face 0.51 931.0 621.0 953.0 650.0
face 0.51 622.0 441.0 644.0 467.0
face 0.49 410.0 306.0 426.0 324.0
face 0.49 901.0 663.0 918.0 681.0
face 0.49 323.0 88.0 342.0 113.0
face 0.47 544.0 302.0 567.0 330.0
face 0.46 229.0 346.0 244.0 366.0
face 0.46 970.0 82.0 986.0 101.0
face 0.46 218.0 262.0 238.0 286.0
face 0.45 217.0 127.0 234.0 150.0
face 0.44 333.0 531.0 344.0 545.0
face 0.44 20.0 342.0 36.0 361.0
face 0.44 260.0 214.0 270.0 227.0
face 0.43 427.0 539.0 441.0 559.0
face 0.43 215.0 331.0 228.0 347.0
face 0.43 757.0 453.0 787.0 492.0
face 0.42 101.0 297.0 118.0 317.0
face 0.42 463.0 553.0 475.0 569.0
face 0.42 949.0 484.0 965.0 501.0
face 0.41 845.0 458.0 860.0 478.0
face 0.40 914.0 474.0 931.0 495.0
face 0.40 230.0 465.0 246.0 483.0
face 0.40 967.0 44.0 1026.0 147.0
face 0.40 912.0 471.0 923.0 485.0
face 0.39 716.0 322.0 731.0 340.0
face 0.39 239.0 373.0 254.0 389.0
face 0.38 965.0 63.0 975.0 75.0
face 0.38 44.0 318.0 56.0 334.0
face 0.38 -1.0 335.0 13.0 358.0
face 0.38 847.0 418.0 860.0 433.0
face 0.38 933.0 484.0 946.0 501.0
face 0.38 526.0 492.0 536.0 505.0
face 0.37 802.0 338.0 816.0 355.0
face 0.37 818.0 458.0 834.0 480.0
face 0.37 327.0 390.0 338.0 404.0
face 0.37 702.0 420.0 714.0 437.0
face 0.37 396.0 329.0 426.0 363.0
face 0.36 623.0 477.0 634.0 491.0
face 0.36 454.0 373.0 464.0 386.0
face 0.36 63.0 333.0 74.0 347.0
face 0.36 14.0 394.0 27.0 411.0
face 0.36 284.0 399.0 299.0 418.0
face 0.36 1011.0 476.0 1023.0 492.0
face 0.36 332.0 307.0 348.0 328.0
face 0.36 315.0 310.0 332.0 329.0
face 0.36 364.0 538.0 380.0 558.0
face 0.36 829.0 650.0 842.0 666.0
face 0.36 942.0 484.0 953.0 498.0
face 0.36 766.0 427.0 781.0 444.0
face 0.36 206.0 229.0 218.0 244.0
face 0.35 894.0 268.0 906.0 280.0
face 0.35 743.0 460.0 757.0 478.0
face 0.35 816.0 406.0 827.0 418.0
face 0.35 469.0 284.0 484.0 302.0
face 0.35 46.0 370.0 59.0 389.0
face 0.35 392.0 267.0 402.0 281.0
face 0.35 103.0 212.0 114.0 227.0
face 0.35 333.0 109.0 350.0 127.0
face 0.35 727.0 453.0 738.0 465.0
face 0.35 880.0 478.0 890.0 490.0
face 0.35 728.0 523.0 741.0 539.0
face 0.35 246.0 230.0 258.0 243.0
face 0.35 727.0 439.0 737.0 452.0
face 0.35 534.0 302.0 545.0 314.0
