face 1.00 255.0 334.0 278.0 363.0
face 1.00 148.0 325.0 170.0 352.0
face 1.00 569.0 308.0 596.0 342.0
face 1.00 70.0 309.0 94.0 338.0
face 1.00 940.0 322.0 970.0 359.0
face 1.00 668.0 296.0 697.0 334.0
face 1.00 502.0 305.0 526.0 336.0
face 1.00 578.0 279.0 597.0 302.0
face 1.00 748.0 254.0 766.0 277.0
face 1.00 853.0 335.0 884.0 373.0
face 1.00 423.0 309.0 446.0 338.0
face 1.00 959.0 225.0 975.0 245.0
face 1.00 809.0 233.0 826.0 253.0
face 0.99 881.0 250.0 899.0 272.0
face 0.99 981.0 235.0 998.0 254.0
face 0.99 781.0 351.0 806.0 381.0
face 0.96 703.0 213.0 714.0 227.0
face 0.95 2.0 312.0 21.0 335.0
face 0.95 212.0 357.0 234.0 382.0
face 0.93 586.0 251.0 600.0 268.0
face 0.92 295.0 221.0 307.0 235.0
face 0.92 323.0 321.0 348.0 353.0
face 0.88 613.0 223.0 626.0 238.0
face 0.87 302.0 250.0 316.0 266.0
face 0.83 495.0 260.0 511.0 279.0
face 0.80 386.0 251.0 398.0 268.0
face 0.78 231.0 275.0 244.0 289.0
face 0.78 906.0 226.0 918.0 242.0
face 0.76 94.0 270.0 105.0 285.0
face 0.72 516.0 538.0 529.0 555.0
face 0.66 812.0 211.0 823.0 224.0
face 0.66 5.0 204.0 17.0 218.0
face 0.63 572.0 216.0 585.0 232.0
face 0.61 1.0 165.0 28.0 200.0
face 0.61 972.0 595.0 1001.0 624.0
face 0.58 548.0 225.0 559.0 237.0
face 0.57 665.0 191.0 675.0 204.0
face 0.55 28.0 517.0 45.0 541.0
face 0.55 954.0 570.0 977.0 596.0
face 0.53 799.0 204.0 811.0 217.0
face 0.50 915.0 601.0 932.0 621.0
face 0.47 945.0 126.0 966.0 151.0
face 0.47 217.0 525.0 233.0 544.0
face 0.47 805.0 205.0 820.0 222.0
face 0.47 956.0 205.0 967.0 219.0
face 0.46 132.0 525.0 147.0 542.0
face 0.46 733.0 185.0 743.0 197.0
face 0.45 119.0 371.0 131.0 385.0
face 0.42 544.0 201.0 554.0 213.0
face 0.42 807.0 126.0 820.0 142.0
face 0.42 711.0 172.0 721.0 184.0
face 0.41 616.0 360.0 631.0 381.0
face 0.41 305.0 128.0 321.0 148.0
face 0.40 697.0 251.0 713.0 268.0
face 0.40 646.0 424.0 687.0 464.0
face 0.40 280.0 173.0 295.0 191.0
face 0.39 462.0 93.0 478.0 116.0
face 0.38 626.0 182.0 637.0 197.0
face 0.38 1.0 507.0 48.0 571.0
face 0.38 904.0 138.0 916.0 153.0
face 0.38 765.0 250.0 778.0 269.0
face 0.38 863.0 157.0 877.0 174.0
face 0.38 155.0 538.0 171.0 556.0
face 0.38 862.0 93.0 878.0 112.0
face 0.38 565.0 134.0 581.0 152.0
face 0.37 584.0 179.0 596.0 195.0
face 0.37 918.0 99.0 964.0 151.0
face 0.37 966.0 191.0 976.0 202.0
face 0.37 853.0 141.0 863.0 154.0
face 0.37 559.0 190.0 568.0 201.0
face 0.37 696.0 132.0 709.0 147.0
face 0.37 133.0 222.0 148.0 240.0
face 0.37 815.0 197.0 825.0 210.0
face 0.37 260.0 545.0 274.0 564.0
face 0.37 829.0 235.0 841.0 251.0
face 0.36 745.0 190.0 754.0 202.0
face 0.36 503.0 150.0 513.0 162.0
face 0.36 235.0 154.0 248.0 170.0
face 0.36 549.0 204.0 559.0 216.0
face 0.36 76.0 258.0 91.0 276.0
face 0.36 519.0 179.0 531.0 194.0
face 0.36 527.0 165.0 536.0 176.0
face 0.36 891.0 355.0 904.0 369.0
face 0.36 709.0 253.0 722.0 268.0
face 0.36 520.0 143.0 529.0 154.0
face 0.36 884.0 210.0 895.0 225.0
face 0.36 398.0 235.0 411.0 250.0
face 0.36 167.0 237.0 177.0 249.0
face 0.36 312.0 222.0 323.0 236.0
face 0.36 911.0 380.0 927.0 400.0
face 0.36 536.0 206.0 546.0 218.0
face 0.36 903.0 164.0 912.0 175.0
face 0.36 656.0 213.0 666.0 226.0
face 0.36 741.0 196.0 752.0 211.0
face 0.36 896.0 160.0 905.0 171.0
face 0.36 846.0 101.0 858.0 115.0
face 0.36 959.0 200.0 968.0 212.0
face 0.36 313.0 230.0 323.0 241.0
face 0.36 583.0 174.0 592.0 186.0
face 0.36 922.0 148.0 934.0 164.0
face 0.36 745.0 184.0 755.0 195.0
face 0.36 3.0 223.0 17.0 246.0
face 0.36 646.0 124.0 658.0 138.0
face 0.35 889.0 167.0 898.0 177.0
face 0.35 606.0 244.0 618.0 259.0
face 0.35 360.0 259.0 372.0 274.0
face 0.35 768.0 174.0 779.0 188.0
face 0.35 758.0 237.0 769.0 252.0
face 0.35 550.0 166.0 559.0 177.0
face 0.35 710.0 244.0 723.0 260.0
face 0.35 477.0 124.0 502.0 155.0
face 0.35 732.0 165.0 745.0 180.0
face 0.35 869.0 164.0 881.0 178.0
face 0.35 958.0 104.0 969.0 118.0
face 0.35 662.0 201.0 675.0 218.0
face 0.35 311.0 238.0 321.0 250.0
face 0.35 167.0 205.0 178.0 218.0
face 0.35 303.0 238.0 314.0 251.0
face 0.35 496.0 147.0 508.0 162.0
face 0.35 839.0 158.0 850.0 172.0
face 0.35 224.0 547.0 236.0 561.0
face 0.35 582.0 148.0 595.0 162.0
face 0.35 868.0 149.0 880.0 164.0
face 0.35 43.0 523.0 59.0 543.0
face 0.35 524.0 174.0 535.0 188.0
face 0.35 952.0 210.0 965.0 226.0
face 0.35 559.0 207.0 569.0 218.0
face 0.35 196.0 540.0 208.0 553.0
face 0.35 950.0 176.0 962.0 188.0
face 0.35 383.0 228.0 393.0 241.0
face 0.35 494.0 142.0 505.0 154.0
face 0.35 811.0 190.0 824.0 204.0
face 0.35 558.0 196.0 569.0 209.0
face 0.35 641.0 125.0 650.0 136.0
face 0.35 567.0 199.0 576.0 210.0
face 0.35 767.0 157.0 777.0 168.0
