face 1.00 928.0 171.0 1010.0 264.0
face 1.00 731.0 126.0 803.0 221.0
face 1.00 589.0 100.0 640.0 163.0
face 0.96 40.0 113.0 70.0 151.0
face 0.95 797.0 66.0 842.0 148.0
face 0.92 4.0 121.0 23.0 145.0
face 0.90 320.0 110.0 376.0 213.0
face 0.90 868.0 190.0 922.0 256.0
face 0.80 460.0 542.0 534.0 638.0
face 0.80 190.0 111.0 229.0 156.0
face 0.65 752.0 498.0 850.0 574.0
face 0.55 37.0 200.0 64.0 230.0
face 0.51 540.0 147.0 556.0 167.0
face 0.51 998.0 95.0 1025.0 143.0
face 0.47 90.0 130.0 105.0 148.0
face 0.47 74.0 118.0 105.0 155.0
face 0.43 709.0 202.0 724.0 221.0
face 0.43 547.0 285.0 583.0 337.0
face 0.42 943.0 112.0 960.0 132.0
face 0.40 341.0 344.0 359.0 366.0
face 0.40 956.0 339.0 975.0 364.0
face 0.40 385.0 775.0 404.0 797.0
face 0.40 45.0 211.0 58.0 227.0
face 0.39 275.0 434.0 289.0 451.0
face 0.37 215.0 410.0 229.0 430.0
face 0.37 657.0 51.0 674.0 69.0
face 0.36 499.0 151.0 512.0 168.0
face 0.36 726.0 54.0 736.0 66.0
face 0.35 260.0 132.0 277.0 151.0
face 0.35 62.0 101.0 73.0 115.0
face 0.35 400.0 62.0 410.0 74.0
face 0.35 725.0 45.0 737.0 58.0
face 0.35 534.0 142.0 545.0 154.0
face 0.35 736.0 54.0 747.0 66.0
face 0.35 725.0 37.0 737.0 51.0
face 0.35 988.0 360.0 1004.0 378.0
face 0.35 285.0 132.0 298.0 149.0
