face 1.00 296.0 151.0 329.0 193.0
face 1.00 451.0 158.0 487.0 200.0
face 1.00 587.0 168.0 621.0 210.0
face 0.88 951.0 188.0 984.0 233.0
face 0.75 595.0 120.0 616.0 144.0
face 0.65 828.0 128.0 855.0 165.0
face 0.61 139.0 159.0 155.0 179.0
face 0.56 64.0 107.0 98.0 143.0
face 0.54 717.0 192.0 748.0 229.0
face 0.47 709.0 135.0 738.0 170.0
face 0.46 178.0 37.0 194.0 59.0
face 0.44 273.0 114.0 288.0 134.0
face 0.43 136.0 142.0 178.0 191.0
face 0.40 971.0 142.0 984.0 158.0
face 0.40 11.0 73.0 28.0 95.0
face 0.39 497.0 158.0 507.0 171.0
face 0.39 583.0 386.0 608.0 418.0
face 0.38 648.0 272.0 670.0 298.0
face 0.37 997.0 116.0 1012.0 133.0
face 0.36 1006.0 290.0 1023.0 311.0
face 0.36 244.0 118.0 277.0 160.0
face 0.36 402.0 277.0 420.0 298.0
face 0.35 160.0 108.0 174.0 124.0
face 0.35 952.0 148.0 963.0 162.0
face 0.35 244.0 125.0 261.0 147.0
face 0.35 170.0 505.0 186.0 526.0
