face 1.00 266.0 495.0 330.0 582.0
face 1.00 546.0 545.0 614.0 623.0
face 1.00 66.0 543.0 131.0 632.0
face 1.00 635.0 522.0 690.0 591.0
face 0.99 763.0 106.0 810.0 161.0
face 0.98 679.0 24.0 722.0 75.0
face 0.93 538.0 192.0 563.0 218.0
face 0.84 742.0 511.0 802.0 576.0
face 0.82 365.0 64.0 402.0 109.0
face 0.82 -1.0 75.0 36.0 132.0
face 0.79 912.0 569.0 982.0 646.0
face 0.73 601.0 109.0 640.0 168.0
face 0.56 678.0 612.0 706.0 643.0
face 0.55 531.0 547.0 552.0 579.0
face 0.55 282.0 384.0 332.0 440.0
face 0.54 182.0 32.0 215.0 71.0
face 0.52 681.0 109.0 696.0 128.0
face 0.52 210.0 640.0 224.0 657.0
face 0.44 246.0 517.0 258.0 532.0
face 0.43 409.0 259.0 423.0 277.0
face 0.42 527.0 281.0 543.0 301.0
face 0.40 7.0 190.0 18.0 203.0
face 0.40 255.0 229.0 270.0 247.0
face 0.39 106.0 25.0 122.0 44.0
face 0.39 131.0 57.0 174.0 109.0
face 0.39 466.0 68.0 517.0 126.0
face 0.39 429.0 174.0 452.0 201.0
face 0.38 427.0 442.0 442.0 462.0
face 0.38 596.0 260.0 611.0 279.0
face 0.38 244.0 629.0 287.0 674.0
face 0.37 366.0 110.0 377.0 123.0
face 0.37 705.0 306.0 723.0 325.0
face 0.37 10.0 158.0 37.0 191.0
face 0.36 292.0 14.0 307.0 31.0
face 0.36 421.0 505.0 481.0 568.0
face 0.36 617.0 524.0 627.0 536.0
face 0.36 813.0 195.0 827.0 212.0
face 0.36 102.0 15.0 113.0 28.0
face 0.35 936.0 21.0 947.0 36.0
face 0.35 799.0 58.0 814.0 77.0
face 0.35 671.0 471.0 683.0 485.0
face 0.35 696.0 286.0 706.0 298.0
face 0.35 656.0 62.0 667.0 75.0
face 0.35 734.0 404.0 746.0 419.0
face 0.35 660.0 62.0 674.0 79.0
face 0.35 830.0 215.0 842.0 229.0
