face 1.00 805.0 178.0 844.0 227.0
face 1.00 484.0 239.0 518.0 283.0
face 1.00 840.0 68.0 871.0 105.0
face 1.00 638.0 58.0 682.0 110.0
face 1.00 274.0 234.0 316.0 285.0
face 1.00 789.0 70.0 820.0 109.0
face 1.00 71.0 88.0 98.0 122.0
face 1.00 483.0 94.0 522.0 144.0
face 1.00 132.0 76.0 149.0 96.0
face 1.00 34.0 65.0 63.0 100.0
face 1.00 163.0 82.0 182.0 106.0
face 0.98 432.0 73.0 455.0 98.0
face 0.97 952.0 98.0 975.0 128.0
face 0.95 748.0 91.0 762.0 107.0
face 0.92 882.0 203.0 910.0 241.0
face 0.87 993.0 91.0 1009.0 108.0
face 0.86 703.0 65.0 728.0 93.0
face 0.59 326.0 179.0 339.0 195.0
face 0.57 962.0 88.0 976.0 110.0
face 0.53 457.0 268.0 474.0 289.0
face 0.48 1013.0 196.0 1023.0 212.0
face 0.47 282.0 78.0 297.0 94.0
face 0.44 998.0 217.0 1012.0 234.0
face 0.41 680.0 20.0 706.0 51.0
face 0.41 5.0 68.0 20.0 84.0
face 0.40 972.0 74.0 985.0 89.0
face 0.39 142.0 188.0 175.0 223.0
face 0.37 987.0 116.0 1003.0 137.0
face 0.37 927.0 332.0 941.0 349.0
face 0.36 904.0 325.0 915.0 338.0
face 0.36 85.0 93.0 108.0 119.0
face 0.36 1005.0 214.0 1015.0 227.0
face 0.36 212.0 172.0 224.0 186.0
face 0.35 904.0 332.0 914.0 346.0
face 0.35 0.0 70.0 10.0 84.0
face 0.35 -1.0 91.0 9.0 106.0
face 0.35 891.0 337.0 906.0 356.0
face 0.35 17.0 334.0 68.0 386.0
face 0.35 455.0 261.0 467.0 275.0
face 0.35 900.0 66.0 916.0 85.0
face 0.35 708.0 310.0 720.0 325.0
face 0.35 678.0 251.0 693.0 268.0
face 0.35 927.0 326.0 938.0 339.0
