face 1.00 716.0 157.0 781.0 244.0
face 0.97 842.0 139.0 867.0 167.0
face 0.96 424.0 111.0 476.0 177.0
face 0.94 204.0 171.0 221.0 191.0
face 0.89 254.0 177.0 278.0 204.0
face 0.77 939.0 117.0 965.0 148.0
face 0.65 823.0 497.0 851.0 532.0
face 0.64 585.0 23.0 606.0 48.0
face 0.62 336.0 175.0 349.0 189.0
face 0.55 578.0 289.0 601.0 318.0
face 0.53 124.0 444.0 166.0 510.0
face 0.52 777.0 173.0 804.0 204.0
face 0.51 805.0 325.0 816.0 338.0
face 0.51 815.0 85.0 824.0 98.0
face 0.49 712.0 188.0 741.0 221.0
face 0.48 188.0 20.0 206.0 43.0
face 0.46 154.0 25.0 171.0 47.0
face 0.44 873.0 140.0 888.0 159.0
face 0.42 359.0 174.0 370.0 186.0
face 0.42 113.0 210.0 160.0 259.0
face 0.39 617.0 138.0 639.0 167.0
face 0.38 253.0 186.0 266.0 201.0
face 0.38 200.0 135.0 218.0 157.0
face 0.38 5.0 69.0 20.0 87.0
face 0.38 269.0 180.0 281.0 196.0
face 0.38 86.0 176.0 97.0 189.0
face 0.38 393.0 147.0 412.0 170.0
face 0.38 169.0 204.0 184.0 221.0
face 0.37 978.0 264.0 1011.0 303.0
face 0.37 957.0 195.0 973.0 213.0
face 0.37 637.0 378.0 654.0 399.0
face 0.37 365.0 173.0 376.0 185.0
face 0.36 115.0 248.0 133.0 268.0
face 0.36 737.0 309.0 754.0 327.0
face 0.36 133.0 63.0 144.0 76.0
face 0.36 373.0 158.0 384.0 171.0
face 0.36 59.0 263.0 79.0 286.0
face 0.36 656.0 172.0 667.0 185.0
face 0.36 656.0 204.0 669.0 222.0
face 0.36 584.0 21.0 594.0 34.0
face 0.36 1012.0 121.0 1025.0 140.0
face 0.36 511.0 457.0 559.0 513.0
face 0.35 297.0 173.0 307.0 185.0
face 0.35 568.0 31.0 577.0 41.0
face 0.35 376.0 174.0 386.0 186.0
face 0.35 353.0 174.0 363.0 186.0
face 0.35 166.0 117.0 176.0 128.0
face 0.35 373.0 165.0 385.0 180.0
face 0.35 303.0 150.0 313.0 162.0
face 0.35 351.0 157.0 362.0 170.0
face 0.35 821.0 68.0 831.0 80.0
face 0.35 382.0 171.0 396.0 188.0
face 0.35 368.0 167.0 378.0 179.0
face 0.35 112.0 45.0 123.0 59.0
face 0.35 832.0 47.0 841.0 58.0
face 0.35 335.0 168.0 346.0 181.0
face 0.35 157.0 159.0 168.0 170.0
face 0.35 856.0 46.0 866.0 59.0
face 0.35 288.0 188.0 300.0 203.0
face 0.35 112.0 244.0 125.0 262.0
face 0.35 228.0 164.0 240.0 178.0
face 0.35 13.0 77.0 25.0 91.0
face 0.35 367.0 181.0 377.0 194.0
