face 1.00 670.0 671.0 714.0 730.0
face 1.00 217.0 1239.0 301.0 1345.0
face 1.00 60.0 875.0 98.0 925.0
face 1.00 391.0 323.0 700.0 636.0
face 1.00 589.0 736.0 630.0 791.0
face 1.00 636.0 1165.0 677.0 1230.0
face 0.86 486.0 36.0 735.0 317.0
face 0.69 145.0 1409.0 186.0 1467.0
face 0.65 387.0 126.0 680.0 453.0
face 0.57 607.0 788.0 634.0 821.0
face 0.56 227.0 1381.0 282.0 1471.0
face 0.48 589.0 943.0 610.0 968.0
face 0.45 568.0 781.0 592.0 813.0
face 0.44 29.0 156.0 41.0 173.0
face 0.40 134.0 1041.0 150.0 1060.0
face 0.38 419.0 90.0 574.0 276.0
face 0.36 563.0 801.0 578.0 818.0
face 0.36 92.0 531.0 348.0 830.0
face 0.35 156.0 1132.0 170.0 1150.0
face 0.35 551.0 859.0 562.0 872.0
face 0.35 555.0 853.0 568.0 869.0
