face 1.00 62.0 240.0 193.0 433.0
face 1.00 235.0 407.0 423.0 693.0
face 1.00 203.0 97.0 318.0 257.0
face 1.00 840.0 118.0 970.0 284.0
face 1.00 704.0 125.0 804.0 284.0
face 0.96 865.0 -1.0 909.0 40.0
face 0.84 507.0 242.0 668.0 470.0
face 0.72 558.0 443.0 575.0 464.0
face 0.46 920.0 463.0 1021.0 623.0
face 0.41 780.0 40.0 806.0 72.0
face 0.39 526.0 470.0 543.0 491.0
face 0.37 474.0 436.0 490.0 454.0
face 0.37 496.0 307.0 508.0 323.0
face 0.36 458.0 341.0 474.0 360.0
face 0.35 481.0 351.0 492.0 363.0
face 0.35 802.0 21.0 849.0 87.0
face 0.35 567.0 485.0 580.0 503.0
face 0.35 566.0 69.0 576.0 81.0
