face 0.99 885.0 458.0 917.0 496.0
face 0.98 779.0 485.0 853.0 599.0
face 0.86 638.0 334.0 652.0 352.0
face 0.77 620.0 291.0 655.0 342.0
face 0.74 904.0 620.0 917.0 636.0
face 0.60 125.0 421.0 136.0 433.0
face 0.50 752.0 411.0 762.0 424.0
face 0.48 724.0 426.0 742.0 444.0
face 0.44 155.0 422.0 166.0 437.0
face 0.43 109.0 439.0 120.0 454.0
face 0.41 553.0 320.0 563.0 331.0
face 0.40 701.0 359.0 711.0 371.0
face 0.39 750.0 437.0 762.0 450.0
face 0.39 721.0 357.0 731.0 370.0
face 0.38 676.0 434.0 689.0 449.0
face 0.38 37.0 309.0 49.0 323.0
face 0.38 127.0 444.0 138.0 458.0
face 0.37 887.0 429.0 898.0 443.0
face 0.37 764.0 431.0 774.0 441.0
face 0.37 103.0 443.0 117.0 460.0
face 0.37 837.0 454.0 852.0 472.0
face 0.37 757.0 436.0 771.0 450.0
face 0.37 172.0 331.0 185.0 346.0
face 0.37 657.0 333.0 668.0 347.0
face 0.37 775.0 390.0 785.0 402.0
face 0.36 117.0 454.0 128.0 465.0
face 0.36 56.0 351.0 66.0 361.0
face 0.36 686.0 436.0 700.0 451.0
face 0.36 948.0 426.0 994.0 487.0
face 0.36 558.0 333.0 569.0 345.0
face 0.36 470.0 311.0 479.0 321.0
face 0.36 133.0 438.0 145.0 451.0
face 0.36 743.0 317.0 753.0 329.0
face 0.36 494.0 262.0 505.0 274.0
face 0.36 751.0 398.0 760.0 410.0
face 0.36 620.0 421.0 647.0 456.0
face 0.36 463.0 349.0 474.0 363.0
face 0.36 766.0 425.0 775.0 436.0
face 0.36 294.0 427.0 305.0 442.0
face 0.36 174.0 423.0 184.0 433.0
face 0.36 182.0 429.0 191.0 440.0
face 0.36 465.0 311.0 474.0 321.0
face 0.36 8.0 382.0 20.0 396.0
face 0.36 732.0 270.0 743.0 284.0
face 0.36 423.0 329.0 433.0 340.0
face 0.36 710.0 372.0 721.0 385.0
face 0.36 205.0 423.0 216.0 437.0
face 0.35 326.0 318.0 336.0 329.0
face 0.35 616.0 416.0 626.0 428.0
face 0.35 200.0 424.0 210.0 435.0
face 0.35 520.0 329.0 529.0 340.0
face 0.35 734.0 285.0 745.0 299.0
face 0.35 673.0 431.0 684.0 443.0
face 0.35 264.0 310.0 274.0 321.0
face 0.35 430.0 406.0 441.0 419.0
face 0.35 487.0 263.0 498.0 274.0
face 0.35 454.0 390.0 465.0 402.0
face 0.35 480.0 310.0 489.0 321.0
face 0.35 271.0 439.0 281.0 450.0
face 0.35 505.0 319.0 514.0 330.0
face 0.35 319.0 311.0 329.0 322.0
face 0.35 55.0 254.0 66.0 266.0
face 0.35 216.0 421.0 226.0 433.0
face 0.35 133.0 347.0 144.0 361.0
face 0.35 85.0 414.0 97.0 427.0
face 0.35 864.0 429.0 873.0 440.0
face 0.35 852.0 239.0 865.0 255.0
face 0.35 455.0 318.0 465.0 329.0
face 0.35 574.0 349.0 588.0 367.0
face 0.35 311.0 312.0 322.0 323.0
face 0.35 436.0 411.0 450.0 428.0
face 0.35 85.0 445.0 97.0 457.0
face 0.35 313.0 294.0 322.0 305.0
face 0.35 982.0 359.0 993.0 372.0
face 0.35 167.0 325.0 181.0 341.0
face 0.35 678.0 357.0 688.0 369.0
face 0.35 790.0 388.0 801.0 402.0
face 0.35 168.0 429.0 177.0 441.0
face 0.35 272.0 431.0 282.0 443.0
face 0.35 61.0 434.0 75.0 455.0
face 0.35 846.0 356.0 857.0 369.0
face 0.35 31.0 359.0 39.0 369.0
face 0.35 838.0 196.0 851.0 212.0
face 0.35 877.0 404.0 891.0 421.0
face 0.35 175.0 437.0 186.0 450.0
face 0.35 447.0 334.0 456.0 345.0
face 0.35 254.0 311.0 264.0 323.0
