face 0.91 17.0 489.0 46.0 522.0
face 0.88 268.0 507.0 295.0 543.0
face 0.87 797.0 337.0 861.0 438.0
face 0.58 120.0 261.0 130.0 274.0
face 0.56 160.0 528.0 222.0 607.0
face 0.53 290.0 514.0 304.0 533.0
face 0.44 997.0 402.0 1013.0 421.0
face 0.41 763.0 451.0 779.0 471.0
face 0.40 1010.0 411.0 1023.0 429.0
face 0.40 36.0 590.0 51.0 611.0
face 0.39 743.0 527.0 759.0 545.0
face 0.39 46.0 62.0 57.0 75.0
face 0.38 867.0 237.0 881.0 254.0
face 0.37 215.0 466.0 244.0 498.0
face 0.37 835.0 251.0 851.0 269.0
face 0.37 0.0 237.0 8.0 250.0
face 0.36 136.0 263.0 146.0 275.0
face 0.36 38.0 0.0 53.0 13.0
face 0.36 643.0 641.0 659.0 661.0
face 0.36 263.0 598.0 293.0 634.0
face 0.36 20.0 58.0 33.0 73.0
face 0.36 3.0 537.0 19.0 558.0
face 0.35 20.0 174.0 34.0 190.0
face 0.35 1.0 230.0 11.0 245.0
face 0.35 957.0 361.0 974.0 382.0
face 0.35 15.0 188.0 27.0 202.0
face 0.35 60.0 467.0 74.0 487.0
face 0.35 86.0 118.0 96.0 130.0
