face 1.00 454.0 1062.0 591.0 1235.0
face 1.00 211.0 176.0 503.0 496.0
face 0.80 622.0 1278.0 728.0 1393.0
face 0.74 814.0 132.0 826.0 146.0
face 0.70 16.0 367.0 129.0 554.0
face 0.57 487.0 466.0 512.0 496.0
face 0.56 620.0 548.0 678.0 613.0
face 0.53 172.0 134.0 183.0 146.0
face 0.48 505.0 474.0 591.0 550.0
face 0.46 493.0 453.0 504.0 466.0
face 0.45 366.0 1166.0 463.0 1290.0
face 0.43 187.0 711.0 208.0 737.0
face 0.41 479.0 1123.0 516.0 1159.0
face 0.41 722.0 868.0 749.0 902.0
face 0.40 829.0 418.0 871.0 472.0
face 0.40 179.0 549.0 194.0 567.0
face 0.38 620.0 992.0 703.0 1120.0
face 0.38 235.0 562.0 251.0 583.0
face 0.37 212.0 114.0 228.0 131.0
face 0.37 433.0 508.0 474.0 568.0
face 0.37 496.0 924.0 510.0 940.0
face 0.36 975.0 1178.0 988.0 1195.0
face 0.36 477.0 557.0 491.0 575.0
face 0.36 976.0 1116.0 987.0 1130.0
face 0.35 180.0 524.0 194.0 542.0
face 0.35 470.0 564.0 483.0 580.0
