face 1.00 157.0 145.0 187.0 185.0
face 1.00 634.0 392.0 651.0 412.0
face 1.00 808.0 544.0 831.0 572.0
face 0.97 965.0 452.0 979.0 469.0
face 0.96 909.0 431.0 925.0 452.0
face 0.93 942.0 375.0 956.0 393.0
face 0.93 460.0 365.0 475.0 383.0
face 0.92 924.0 492.0 939.0 509.0
face 0.92 889.0 459.0 905.0 479.0
face 0.91 995.0 348.0 1014.0 372.0
face 0.89 690.0 413.0 706.0 433.0
face 0.87 676.0 404.0 691.0 425.0
face 0.85 852.0 520.0 868.0 540.0
face 0.85 770.0 566.0 793.0 595.0
face 0.84 773.0 494.0 789.0 513.0
face 0.83 489.0 389.0 505.0 409.0
face 0.82 782.0 466.0 799.0 485.0
face 0.82 757.0 450.0 773.0 470.0
face 0.81 122.0 247.0 210.0 386.0
face 0.80 892.0 554.0 907.0 572.0
face 0.79 967.0 346.0 986.0 371.0
face 0.75 749.0 371.0 763.0 390.0
face 0.75 980.0 484.0 1001.0 508.0
face 0.69 587.0 387.0 602.0 405.0
face 0.69 215.0 156.0 227.0 171.0
face 0.68 660.0 510.0 694.0 561.0
face 0.66 619.0 429.0 632.0 444.0
face 0.66 474.0 523.0 490.0 543.0
face 0.66 408.0 417.0 422.0 434.0
face 0.64 994.0 466.0 1007.0 484.0
face 0.64 728.0 516.0 748.0 539.0
face 0.63 304.0 363.0 317.0 381.0
face 0.61 437.0 406.0 452.0 425.0
face 0.61 745.0 477.0 758.0 493.0
face 0.59 597.0 320.0 613.0 340.0
face 0.59 712.0 407.0 723.0 422.0
face 0.58 903.0 476.0 917.0 493.0
face 0.58 389.0 364.0 404.0 382.0
face 0.58 788.0 187.0 801.0 204.0
face 0.57 759.0 322.0 773.0 338.0
face 0.56 418.0 387.0 433.0 407.0
face 0.56 718.0 426.0 734.0 444.0
face 0.54 753.0 507.0 767.0 524.0
face 0.53 818.0 457.0 833.0 477.0
face 0.52 966.0 622.0 979.0 639.0
face 0.52 663.0 319.0 678.0 337.0
face 0.51 940.0 575.0 953.0 591.0
face 0.49 532.0 401.0 547.0 420.0
face 0.49 447.0 343.0 459.0 356.0
face 0.48 382.0 398.0 397.0 418.0
face 0.48 738.0 401.0 753.0 421.0
face 0.47 716.0 473.0 730.0 493.0
face 0.47 320.0 372.0 333.0 389.0
face 0.46 959.0 480.0 970.0 494.0
face 0.45 509.0 341.0 523.0 359.0
face 0.44 773.0 525.0 784.0 539.0
face 0.43 367.0 157.0 377.0 169.0
face 0.43 862.0 622.0 873.0 635.0
face 0.43 676.0 213.0 691.0 232.0
face 0.43 862.0 157.0 908.0 211.0
face 0.43 588.0 440.0 600.0 458.0
face 0.41 940.0 464.0 953.0 480.0
face 0.41 642.0 429.0 658.0 447.0
face 0.41 790.0 437.0 806.0 457.0
face 0.41 996.0 375.0 1012.0 397.0
face 0.41 128.0 234.0 159.0 272.0
face 0.40 477.0 126.0 487.0 138.0
face 0.40 352.0 476.0 366.0 492.0
face 0.40 1014.0 477.0 1024.0 492.0
face 0.40 44.0 386.0 59.0 406.0
face 0.40 454.0 388.0 466.0 403.0
face 0.39 914.0 509.0 932.0 529.0
face 0.39 248.0 131.0 261.0 149.0
face 0.39 551.0 203.0 562.0 219.0
face 0.39 900.0 656.0 917.0 677.0
face 0.39 810.0 318.0 828.0 343.0
face 0.39 798.0 298.0 812.0 313.0
face 0.38 386.0 442.0 401.0 460.0
face 0.38 330.0 299.0 355.0 329.0
face 0.38 770.0 599.0 788.0 622.0
face 0.38 412.0 438.0 428.0 456.0
face 0.38 829.0 213.0 845.0 231.0
face 0.38 437.0 432.0 451.0 449.0
face 0.38 358.0 384.0 371.0 402.0
face 0.38 806.0 280.0 817.0 293.0
face 0.38 476.0 410.0 491.0 426.0
face 0.38 782.0 179.0 797.0 198.0
face 0.37 719.0 461.0 733.0 478.0
face 0.37 853.0 562.0 870.0 582.0
face 0.37 379.0 457.0 392.0 473.0
face 0.37 746.0 545.0 761.0 563.0
face 0.37 248.0 166.0 257.0 177.0
face 0.37 494.0 205.0 504.0 218.0
face 0.37 526.0 134.0 537.0 148.0
face 0.37 800.0 125.0 811.0 139.0
face 0.37 231.0 169.0 240.0 179.0
face 0.36 15.0 183.0 25.0 196.0
face 0.36 421.0 157.0 434.0 173.0
face 0.36 228.0 174.0 239.0 186.0
face 0.36 509.0 213.0 521.0 227.0
face 0.36 342.0 360.0 354.0 374.0
face 0.36 391.0 160.0 402.0 173.0
face 0.36 29.0 191.0 40.0 205.0
face 0.36 555.0 363.0 570.0 382.0
face 0.36 262.0 172.0 273.0 185.0
face 0.36 246.0 139.0 259.0 156.0
face 0.36 302.0 477.0 318.0 497.0
face 0.36 454.0 421.0 466.0 437.0
face 0.36 908.0 171.0 923.0 191.0
face 0.36 446.0 157.0 456.0 168.0
face 0.36 264.0 158.0 273.0 169.0
face 0.36 789.0 107.0 802.0 124.0
face 0.36 324.0 149.0 336.0 162.0
face 0.36 805.0 118.0 816.0 130.0
face 0.36 759.0 148.0 771.0 162.0
face 0.36 318.0 148.0 330.0 163.0
face 0.36 784.0 101.0 797.0 116.0
face 0.36 517.0 195.0 528.0 208.0
face 0.36 421.0 430.0 434.0 445.0
face 0.36 7.0 180.0 20.0 197.0
face 0.36 416.0 163.0 428.0 176.0
face 0.36 576.0 411.0 586.0 423.0
face 0.36 1010.0 117.0 1023.0 135.0
face 0.36 325.0 156.0 336.0 170.0
face 0.36 445.0 411.0 456.0 424.0
face 0.36 814.0 133.0 826.0 147.0
face 0.36 351.0 405.0 363.0 419.0
face 0.36 430.0 157.0 440.0 169.0
face 0.36 847.0 125.0 859.0 140.0
face 0.36 566.0 142.0 576.0 153.0
face 0.36 948.0 509.0 960.0 523.0
face 0.36 248.0 199.0 258.0 212.0
face 0.36 431.0 431.0 442.0 444.0
face 0.36 401.0 150.0 411.0 161.0
face 0.36 308.0 437.0 322.0 456.0
face 0.36 471.0 142.0 481.0 154.0
face 0.36 534.0 189.0 545.0 202.0
face 0.36 359.0 172.0 370.0 185.0
face 0.35 247.0 191.0 257.0 202.0
face 0.35 597.0 188.0 612.0 207.0
face 0.35 598.0 183.0 609.0 195.0
face 0.35 287.0 212.0 302.0 232.0
face 0.35 848.0 613.0 859.0 629.0
face 0.35 947.0 516.0 961.0 532.0
face 0.35 767.0 110.0 777.0 122.0
face 0.35 398.0 156.0 409.0 170.0
face 0.35 532.0 132.0 543.0 146.0
face 0.35 311.0 167.0 320.0 178.0
face 0.35 447.0 152.0 455.0 162.0
face 0.35 289.0 158.0 298.0 169.0
face 0.35 249.0 159.0 258.0 171.0
face 0.35 233.0 150.0 244.0 162.0
face 0.35 293.0 159.0 303.0 170.0
face 0.35 472.0 407.0 483.0 421.0
face 0.35 382.0 166.0 395.0 179.0
face 0.35 711.0 197.0 722.0 210.0
face 0.35 775.0 111.0 787.0 125.0
face 0.35 512.0 192.0 523.0 206.0
face 0.35 726.0 235.0 738.0 251.0
face 0.35 520.0 136.0 530.0 147.0
face 0.35 934.0 177.0 951.0 197.0
face 0.35 798.0 204.0 811.0 219.0
face 0.35 527.0 188.0 540.0 204.0
face 0.35 472.0 148.0 484.0 163.0
face 0.35 478.0 324.0 490.0 338.0
face 0.35 624.0 93.0 636.0 108.0
face 0.35 320.0 157.0 330.0 169.0
face 0.35 245.0 180.0 257.0 195.0
face 0.35 639.0 348.0 654.0 366.0
face 0.35 256.0 172.0 268.0 187.0
face 0.35 575.0 134.0 585.0 146.0
face 0.35 460.0 219.0 476.0 238.0
face 0.35 790.0 206.0 800.0 219.0
face 0.35 6.0 176.0 16.0 187.0
face 0.35 623.0 196.0 636.0 211.0
face 0.35 783.0 203.0 796.0 219.0
face 0.35 494.0 189.0 505.0 202.0
face 0.35 771.0 412.0 785.0 429.0
face 0.35 439.0 150.0 448.0 160.0
face 0.35 775.0 103.0 785.0 114.0
face 0.35 334.0 150.0 343.0 161.0
face 0.35 478.0 131.0 488.0 145.0
face 0.35 247.0 149.0 258.0 162.0
face 0.35 288.0 152.0 298.0 162.0
face 0.35 905.0 573.0 917.0 587.0
face 0.35 551.0 192.0 562.0 204.0
face 0.35 366.0 165.0 376.0 177.0
face 0.35 383.0 597.0 394.0 611.0
face 0.35 294.0 166.0 304.0 177.0
face 0.35 465.0 143.0 474.0 154.0
face 0.35 463.0 164.0 473.0 176.0
face 0.35 783.0 142.0 793.0 153.0
