face 1.00 906.0 477.0 985.0 577.0
face 1.00 633.0 427.0 712.0 533.0
face 1.00 0.0 278.0 104.0 415.0
face 1.00 462.0 354.0 527.0 443.0
face 0.99 227.0 465.0 281.0 535.0
face 0.94 848.0 245.0 942.0 378.0
face 0.93 168.0 209.0 244.0 312.0
face 0.88 834.0 53.0 858.0 83.0
face 0.78 270.0 353.0 307.0 398.0
face 0.72 711.0 24.0 806.0 139.0
face 0.59 48.0 92.0 88.0 147.0
face 0.52 251.0 96.0 354.0 207.0
face 0.48 310.0 558.0 321.0 571.0
face 0.48 358.0 47.0 430.0 136.0
face 0.47 174.0 517.0 190.0 536.0
face 0.41 397.0 66.0 443.0 122.0
face 0.41 143.0 432.0 183.0 473.0
face 0.40 549.0 8.0 662.0 122.0
face 0.38 260.0 316.0 273.0 331.0
face 0.37 667.0 169.0 683.0 189.0
face 0.37 35.0 439.0 77.0 480.0
face 0.37 68.0 528.0 94.0 562.0
face 0.36 230.0 315.0 246.0 332.0
face 0.36 535.0 469.0 547.0 483.0
face 0.36 238.0 311.0 250.0 325.0
face 0.36 247.0 310.0 258.0 323.0
face 0.36 925.0 1.0 963.0 39.0
face 0.36 246.0 317.0 256.0 330.0
face 0.35 213.0 294.0 225.0 308.0
face 0.35 253.0 304.0 264.0 316.0
