face 1.00 186.0 313.0 208.0 343.0
face 1.00 118.0 340.0 145.0 372.0
face 1.00 331.0 300.0 350.0 324.0
face 1.00 532.0 301.0 554.0 327.0
face 1.00 45.0 478.0 93.0 534.0
face 1.00 461.0 373.0 499.0 417.0
face 1.00 38.0 587.0 120.0 675.0
face 1.00 23.0 296.0 47.0 324.0
face 1.00 283.0 334.0 313.0 369.0
face 1.00 181.0 371.0 221.0 417.0
face 1.00 965.0 351.0 998.0 390.0
face 1.00 807.0 321.0 835.0 354.0
face 1.00 493.0 315.0 517.0 349.0
face 1.00 598.0 329.0 626.0 361.0
face 1.00 73.0 311.0 96.0 340.0
face 1.00 218.0 330.0 244.0 360.0
face 1.00 130.0 272.0 146.0 292.0
face 1.00 539.0 439.0 582.0 493.0
face 1.00 95.0 279.0 113.0 300.0
face 1.00 352.0 472.0 399.0 525.0
face 1.00 728.0 341.0 758.0 380.0
face 1.00 393.0 334.0 416.0 361.0
face 1.00 122.0 296.0 143.0 321.0
face 1.00 656.0 279.0 675.0 303.0
face 1.00 764.0 299.0 785.0 325.0
face 1.00 770.0 249.0 786.0 268.0
face 1.00 565.0 286.0 585.0 312.0
face 1.00 605.0 271.0 622.0 292.0
face 1.00 448.0 269.0 464.0 288.0
face 1.00 275.0 292.0 296.0 319.0
face 1.00 978.0 305.0 1000.0 332.0
face 1.00 681.0 415.0 712.0 454.0
face 1.00 398.0 300.0 421.0 329.0
face 1.00 892.0 303.0 912.0 329.0
face 1.00 426.0 257.0 442.0 275.0
face 0.99 620.0 256.0 633.0 271.0
face 0.99 968.0 262.0 981.0 280.0
face 0.99 861.0 263.0 878.0 283.0
face 0.99 783.0 276.0 798.0 295.0
face 0.99 248.0 254.0 264.0 275.0
face 0.99 55.0 277.0 75.0 302.0
face 0.99 651.0 244.0 665.0 260.0
face 0.99 -1.0 280.0 15.0 305.0
face 0.99 451.0 299.0 471.0 323.0
face 0.99 100.0 243.0 116.0 261.0
face 0.99 806.0 424.0 843.0 463.0
face 0.99 151.0 272.0 167.0 293.0
face 0.98 294.0 275.0 310.0 293.0
face 0.98 727.0 292.0 744.0 315.0
face 0.98 898.0 235.0 911.0 251.0
face 0.98 461.0 249.0 474.0 265.0
face 0.98 837.0 283.0 855.0 305.0
face 0.97 903.0 373.0 932.0 409.0
face 0.97 739.0 276.0 755.0 295.0
face 0.97 827.0 301.0 841.0 321.0
face 0.96 532.0 279.0 550.0 303.0
face 0.96 327.0 266.0 343.0 285.0
face 0.96 360.0 271.0 376.0 291.0
face 0.96 398.0 245.0 411.0 261.0
face 0.95 915.0 291.0 936.0 314.0
face 0.95 814.0 264.0 829.0 281.0
face 0.95 676.0 306.0 701.0 336.0
face 0.94 65.0 186.0 79.0 203.0
face 0.93 701.0 251.0 713.0 266.0
face 0.93 187.0 233.0 199.0 247.0
face 0.93 192.0 271.0 219.0 299.0
face 0.93 155.0 235.0 171.0 253.0
face 0.93 509.0 242.0 522.0 256.0
face 0.91 456.0 230.0 470.0 245.0
face 0.91 882.0 251.0 896.0 268.0
face 0.90 321.0 366.0 353.0 406.0
face 0.89 681.0 270.0 697.0 290.0
face 0.89 319.0 222.0 329.0 234.0
face 0.89 37.0 182.0 52.0 198.0
face 0.89 512.0 262.0 528.0 282.0
face 0.89 133.0 232.0 147.0 250.0
face 0.89 359.0 232.0 370.0 246.0
face 0.88 535.0 230.0 545.0 243.0
face 0.85 484.0 258.0 498.0 274.0
face 0.84 524.0 236.0 535.0 249.0
face 0.82 631.0 240.0 644.0 255.0
face 0.82 701.0 235.0 714.0 252.0
face 0.82 542.0 212.0 552.0 226.0
face 0.81 26.0 263.0 41.0 283.0
face 0.81 572.0 242.0 583.0 256.0
face 0.80 422.0 239.0 433.0 252.0
face 0.79 93.0 179.0 108.0 196.0
face 0.78 932.0 323.0 959.0 352.0
face 0.78 589.0 228.0 601.0 242.0
face 0.77 987.0 252.0 1002.0 270.0
face 0.76 427.0 420.0 457.0 460.0
face 0.75 281.0 249.0 292.0 263.0
face 0.75 920.0 232.0 931.0 245.0
face 0.75 275.0 226.0 286.0 240.0
face 0.75 1006.0 260.0 1023.0 280.0
face 0.71 374.0 250.0 388.0 268.0
face 0.71 331.0 215.0 341.0 227.0
face 0.71 855.0 205.0 866.0 219.0
face 0.69 308.0 234.0 319.0 246.0
face 0.69 838.0 237.0 852.0 253.0
face 0.69 549.0 233.0 560.0 247.0
face 0.68 221.0 229.0 231.0 241.0
face 0.66 608.0 253.0 618.0 265.0
face 0.64 933.0 264.0 944.0 277.0
face 0.64 958.0 246.0 969.0 259.0
face 0.63 552.0 356.0 566.0 374.0
face 0.63 221.0 214.0 231.0 225.0
face 0.62 760.0 238.0 772.0 252.0
face 0.61 814.0 212.0 830.0 231.0
face 0.61 626.0 313.0 645.0 336.0
face 0.61 976.0 244.0 986.0 257.0
face 0.60 623.0 209.0 633.0 221.0
face 0.60 768.0 494.0 814.0 546.0
face 0.59 321.0 252.0 334.0 266.0
face 0.58 101.0 195.0 114.0 209.0
face 0.58 352.0 217.0 362.0 229.0
face 0.58 571.0 313.0 585.0 332.0
face 0.57 578.0 215.0 587.0 226.0
face 0.56 30.0 338.0 44.0 357.0
face 0.55 382.0 395.0 404.0 422.0
face 0.55 293.0 232.0 302.0 243.0
face 0.55 49.0 181.0 63.0 197.0
face 0.54 307.0 496.0 323.0 516.0
face 0.54 158.0 213.0 168.0 225.0
face 0.54 970.0 559.0 1023.0 624.0
face 0.53 19.0 194.0 31.0 210.0
face 0.52 840.0 484.0 851.0 499.0
face 0.52 672.0 227.0 682.0 240.0
face 0.52 742.0 245.0 753.0 258.0
face 0.52 863.0 247.0 874.0 259.0
face 0.52 631.0 221.0 642.0 235.0
face 0.51 261.0 233.0 270.0 244.0
face 0.51 871.0 348.0 896.0 375.0
face 0.50 901.0 214.0 912.0 226.0
face 0.50 574.0 273.0 590.0 291.0
face 0.50 950.0 230.0 962.0 244.0
face 0.49 94.0 492.0 105.0 507.0
face 0.49 689.0 246.0 699.0 260.0
face 0.49 459.0 325.0 472.0 343.0
face 0.49 492.0 432.0 511.0 457.0
face 0.48 760.0 190.0 769.0 202.0
face 0.48 990.0 222.0 1001.0 235.0
face 0.48 559.0 207.0 568.0 218.0
face 0.47 742.0 230.0 752.0 242.0
face 0.46 279.0 313.0 294.0 330.0
face 0.45 774.0 161.0 788.0 178.0
face 0.45 494.0 231.0 504.0 243.0
face 0.45 883.0 212.0 894.0 226.0
face 0.45 935.0 550.0 968.0 598.0
face 0.45 743.0 205.0 754.0 217.0
face 0.45 560.0 245.0 570.0 257.0
face 0.45 446.0 207.0 458.0 221.0
face 0.44 701.0 224.0 712.0 236.0
face 0.44 1014.0 322.0 1024.0 338.0
face 0.44 742.0 237.0 752.0 251.0
face 0.44 606.0 229.0 617.0 242.0
face 0.44 -1.0 362.0 18.0 393.0
face 0.44 850.0 388.0 866.0 405.0
face 0.44 135.0 198.0 147.0 211.0
face 0.44 488.0 217.0 497.0 227.0
face 0.43 541.0 244.0 552.0 257.0
face 0.43 992.0 334.0 1005.0 349.0
face 0.43 129.0 182.0 142.0 197.0
face 0.43 520.0 231.0 531.0 246.0
face 0.43 151.0 187.0 163.0 204.0
face 0.43 176.0 216.0 186.0 228.0
face 0.42 262.0 253.0 274.0 269.0
face 0.42 280.0 208.0 290.0 220.0
face 0.42 374.0 231.0 383.0 242.0
face 0.42 161.0 489.0 221.0 549.0
face 0.42 998.0 244.0 1011.0 260.0
face 0.42 821.0 156.0 833.0 171.0
face 0.42 910.0 262.0 921.0 275.0
face 0.42 934.0 292.0 945.0 306.0
face 0.41 669.0 198.0 679.0 210.0
face 0.41 228.0 260.0 242.0 275.0
face 0.41 718.0 229.0 729.0 242.0
face 0.41 874.0 216.0 890.0 236.0
face 0.41 445.0 390.0 456.0 403.0
face 0.41 167.0 230.0 178.0 244.0
face 0.41 757.0 229.0 770.0 244.0
face 0.41 102.0 503.0 118.0 524.0
face 0.41 288.0 213.0 297.0 225.0
face 0.40 742.0 224.0 752.0 235.0
face 0.40 118.0 242.0 132.0 261.0
face 0.40 270.0 270.0 281.0 283.0
face 0.40 445.0 253.0 457.0 267.0
face 0.40 60.0 251.0 77.0 270.0
face 0.40 480.0 237.0 490.0 249.0
face 0.40 608.0 214.0 617.0 226.0
face 0.40 737.0 237.0 746.0 249.0
face 0.40 406.0 223.0 416.0 236.0
face 0.40 1006.0 214.0 1017.0 227.0
face 0.40 606.0 222.0 616.0 234.0
face 0.40 294.0 214.0 304.0 225.0
face 0.39 846.0 309.0 860.0 326.0
face 0.39 120.0 388.0 133.0 406.0
face 0.39 383.0 199.0 392.0 210.0
face 0.39 569.0 159.0 580.0 171.0
face 0.39 916.0 242.0 929.0 258.0
face 0.39 923.0 197.0 939.0 217.0
face 0.39 325.0 235.0 337.0 250.0
face 0.39 495.0 237.0 504.0 248.0
face 0.39 358.0 252.0 369.0 265.0
face 0.39 72.0 266.0 86.0 283.0
face 0.39 272.0 246.0 283.0 259.0
face 0.39 727.0 256.0 738.0 269.0
face 0.39 501.0 254.0 512.0 267.0
face 0.39 53.0 373.0 67.0 391.0
face 0.39 487.0 237.0 496.0 247.0
face 0.39 756.0 222.0 769.0 236.0
face 0.39 462.0 169.0 472.0 181.0
face 0.39 604.0 235.0 616.0 251.0
face 0.39 790.0 255.0 803.0 269.0
face 0.39 118.0 206.0 130.0 219.0
face 0.39 1014.0 300.0 1024.0 317.0
face 0.39 653.0 222.0 663.0 233.0
face 0.39 369.0 222.0 378.0 232.0
face 0.39 764.0 276.0 778.0 292.0
face 0.39 605.0 245.0 617.0 259.0
face 0.39 544.0 240.0 554.0 252.0
face 0.39 750.0 207.0 759.0 218.0
face 0.39 910.0 254.0 923.0 269.0
face 0.39 223.0 193.0 237.0 212.0
face 0.39 228.0 201.0 241.0 216.0
face 0.39 828.0 268.0 842.0 285.0
face 0.39 733.0 269.0 749.0 287.0
face 0.39 488.0 230.0 498.0 242.0
face 0.38 677.0 252.0 690.0 267.0
face 0.38 374.0 215.0 383.0 226.0
face 0.38 778.0 214.0 790.0 229.0
face 0.38 320.0 227.0 331.0 240.0
face 0.38 246.0 214.0 257.0 226.0
face 0.38 575.0 231.0 585.0 243.0
face 0.38 937.0 238.0 948.0 250.0
face 0.38 206.0 230.0 215.0 241.0
face 0.38 843.0 343.0 857.0 360.0
face 0.38 1005.0 243.0 1018.0 259.0
face 0.38 374.0 237.0 386.0 250.0
face 0.38 873.0 228.0 883.0 240.0
face 0.38 917.0 276.0 929.0 291.0
face 0.38 846.0 222.0 859.0 236.0
face 0.38 423.0 222.0 433.0 234.0
face 0.38 359.0 224.0 369.0 236.0
face 0.38 848.0 205.0 860.0 219.0
face 0.38 853.0 302.0 866.0 316.0
face 0.38 664.0 222.0 674.0 233.0
face 0.38 965.0 219.0 975.0 232.0
face 0.38 471.0 238.0 482.0 250.0
face 0.38 950.0 299.0 963.0 315.0
face 0.38 643.0 67.0 659.0 86.0
face 0.38 158.0 194.0 172.0 209.0
face 0.38 32.0 183.0 44.0 196.0
face 0.38 254.0 208.0 264.0 219.0
face 0.38 727.0 277.0 738.0 291.0
face 0.38 22.0 183.0 32.0 195.0
face 0.38 989.0 236.0 1003.0 250.0
face 0.38 206.0 214.0 215.0 225.0
face 0.38 207.0 222.0 216.0 233.0
face 0.38 678.0 228.0 688.0 240.0
face 0.38 688.0 240.0 698.0 252.0
face 0.38 734.0 254.0 745.0 266.0
face 0.38 576.0 219.0 587.0 233.0
face 0.38 294.0 223.0 305.0 235.0
face 0.38 383.0 238.0 394.0 252.0
face 0.38 265.0 192.0 274.0 203.0
face 0.38 345.0 221.0 354.0 232.0
face 0.38 726.0 231.0 736.0 242.0
face 0.38 688.0 206.0 697.0 217.0
face 0.38 246.0 174.0 257.0 188.0
face 0.38 303.0 253.0 313.0 266.0
face 0.38 446.0 172.0 456.0 184.0
face 0.38 401.0 229.0 410.0 240.0
face 0.38 917.0 251.0 930.0 267.0
face 0.38 696.0 206.0 706.0 218.0
face 0.38 259.0 293.0 271.0 310.0
face 0.38 174.0 229.0 185.0 243.0
face 0.38 287.0 222.0 298.0 236.0
face 0.37 782.0 206.0 792.0 219.0
face 0.37 670.0 191.0 680.0 203.0
face 0.37 567.0 223.0 576.0 233.0
face 0.37 488.0 222.0 498.0 233.0
face 0.37 942.0 246.0 953.0 257.0
face 0.37 224.0 181.0 235.0 194.0
face 0.37 126.0 244.0 137.0 259.0
face 0.37 232.0 237.0 242.0 249.0
face 0.37 420.0 389.0 433.0 403.0
face 0.37 448.0 237.0 457.0 249.0
face 0.37 940.0 293.0 954.0 308.0
face 0.37 808.0 246.0 817.0 258.0
face 0.37 950.0 255.0 960.0 267.0
face 0.37 776.0 221.0 787.0 233.0
face 0.37 680.0 209.0 689.0 219.0
face 0.37 223.0 207.0 234.0 220.0
face 0.37 859.0 299.0 873.0 314.0
face 0.37 656.0 217.0 665.0 228.0
face 0.37 552.0 207.0 563.0 219.0
face 0.37 206.0 248.0 216.0 258.0
face 0.37 543.0 200.0 553.0 211.0
face 0.37 670.0 246.0 682.0 260.0
face 0.37 649.0 226.0 660.0 242.0
face 0.37 686.0 230.0 696.0 242.0
face 0.37 615.0 214.0 625.0 225.0
face 0.37 238.0 231.0 248.0 243.0
face 0.37 303.0 206.0 312.0 217.0
face 0.37 462.0 214.0 473.0 228.0
face 0.37 999.0 260.0 1010.0 274.0
face 0.37 494.0 224.0 503.0 235.0
face 0.37 944.0 254.0 954.0 266.0
face 0.37 582.0 261.0 592.0 273.0
face 0.37 150.0 220.0 161.0 234.0
face 0.37 738.0 205.0 747.0 216.0
face 0.37 133.0 190.0 144.0 203.0
face 0.37 76.0 179.0 90.0 196.0
face 0.37 500.0 439.0 512.0 452.0
face 0.37 295.0 252.0 305.0 266.0
face 0.37 489.0 198.0 498.0 209.0
face 0.37 702.0 207.0 712.0 217.0
face 0.37 783.0 230.0 793.0 241.0
face 0.37 888.0 196.0 899.0 208.0
face 0.37 1008.0 220.0 1019.0 232.0
face 0.37 423.0 216.0 432.0 226.0
face 0.37 591.0 216.0 601.0 226.0
face 0.37 328.0 208.0 339.0 222.0
face 0.37 496.0 245.0 506.0 259.0
face 0.37 268.0 253.0 281.0 268.0
face 0.37 560.0 222.0 569.0 233.0
face 0.37 606.0 190.0 615.0 201.0
face 0.37 261.0 214.0 272.0 226.0
face 0.37 487.0 246.0 497.0 259.0
face 0.37 568.0 230.0 578.0 241.0
face 0.37 758.0 215.0 768.0 227.0
face 0.37 256.0 222.0 266.0 234.0
face 0.37 331.0 252.0 346.0 268.0
face 0.37 829.0 400.0 840.0 413.0
face 0.37 101.0 181.0 112.0 194.0
face 0.37 998.0 174.0 1008.0 186.0
face 0.37 751.0 230.0 762.0 242.0
face 0.37 728.0 237.0 738.0 249.0
face 0.37 296.0 245.0 306.0 259.0
face 0.37 662.0 217.0 671.0 227.0
face 0.37 366.0 253.0 378.0 267.0
face 0.37 748.0 269.0 763.0 286.0
face 0.37 439.0 330.0 452.0 347.0
face 0.37 872.0 196.0 881.0 207.0
face 0.37 712.0 222.0 722.0 234.0
face 0.37 871.0 214.0 882.0 227.0
face 0.37 222.0 236.0 232.0 248.0
face 0.37 733.0 263.0 744.0 275.0
face 0.37 709.0 182.0 719.0 194.0
face 0.37 559.0 239.0 569.0 251.0
face 0.37 288.0 236.0 298.0 249.0
face 0.37 792.0 206.0 804.0 220.0
face 0.37 911.0 222.0 921.0 234.0
face 0.37 333.0 329.0 348.0 348.0
face 0.37 662.0 181.0 675.0 196.0
face 0.37 830.0 182.0 843.0 196.0
face 0.37 493.0 214.0 503.0 226.0
face 0.37 719.0 260.0 730.0 273.0
face 0.37 110.0 173.0 121.0 187.0
face 0.37 949.0 277.0 960.0 290.0
face 0.37 279.0 189.0 290.0 202.0
face 0.37 855.0 294.0 866.0 307.0
face 0.37 304.0 224.0 315.0 237.0
face 0.37 437.0 220.0 449.0 235.0
face 0.37 240.0 222.0 250.0 233.0
face 0.37 983.0 222.0 994.0 234.0
face 0.37 982.0 238.0 993.0 250.0
face 0.37 241.0 214.0 251.0 226.0
face 0.37 589.0 206.0 598.0 217.0
face 0.37 230.0 178.0 241.0 192.0
face 0.37 589.0 269.0 602.0 284.0
face 0.37 415.0 444.0 425.0 456.0
face 0.37 428.0 392.0 441.0 404.0
face 0.37 663.0 189.0 676.0 204.0
face 0.37 955.0 105.0 970.0 125.0
face 0.37 751.0 255.0 761.0 266.0
face 0.37 918.0 224.0 929.0 236.0
face 0.37 398.0 207.0 407.0 218.0
face 0.37 238.0 238.0 248.0 250.0
face 0.37 560.0 335.0 570.0 346.0
face 0.36 693.0 245.0 708.0 264.0
face 0.36 601.0 215.0 610.0 225.0
face 0.36 167.0 224.0 177.0 235.0
face 0.36 454.0 207.0 464.0 219.0
face 0.36 141.0 220.0 154.0 235.0
face 0.36 879.0 196.0 888.0 207.0
face 0.36 238.0 173.0 252.0 192.0
face 0.36 760.0 207.0 769.0 218.0
face 0.36 601.0 222.0 610.0 232.0
face 0.36 551.0 224.0 561.0 236.0
face 0.36 951.0 261.0 961.0 273.0
face 0.36 935.0 199.0 946.0 212.0
face 0.36 638.0 207.0 648.0 218.0
face 0.36 335.0 198.0 344.0 209.0
face 0.36 263.0 223.0 272.0 235.0
face 0.36 665.0 229.0 675.0 241.0
face 0.36 231.0 223.0 240.0 234.0
face 0.36 334.0 230.0 344.0 242.0
face 0.36 791.0 246.0 801.0 258.0
face 0.36 999.0 375.0 1023.0 412.0
face 0.36 561.0 190.0 570.0 200.0
face 0.36 975.0 190.0 985.0 203.0
face 0.36 343.0 237.0 353.0 249.0
face 0.36 358.0 216.0 367.0 226.0
face 0.36 599.0 262.0 610.0 276.0
face 0.36 228.0 363.0 241.0 382.0
face 0.36 950.0 213.0 960.0 225.0
face 0.36 559.0 231.0 568.0 242.0
face 0.36 431.0 229.0 440.0 240.0
face 0.36 141.0 290.0 155.0 309.0
face 0.36 415.0 230.0 424.0 241.0
face 0.36 423.0 231.0 434.0 244.0
face 0.36 481.0 222.0 490.0 233.0
face 0.36 792.0 239.0 802.0 250.0
face 0.36 751.0 237.0 760.0 248.0
face 0.36 158.0 207.0 168.0 219.0
face 0.36 440.0 213.0 450.0 225.0
face 0.36 664.0 238.0 674.0 251.0
face 0.36 239.0 207.0 248.0 218.0
face 0.36 350.0 269.0 361.0 283.0
face 0.36 263.0 244.0 274.0 259.0
face 0.36 639.0 199.0 648.0 209.0
face 0.36 479.0 244.0 489.0 258.0
face 0.36 982.0 199.0 993.0 213.0
face 0.36 181.0 213.0 192.0 226.0
face 0.36 743.0 252.0 754.0 263.0
face 0.36 918.0 261.0 929.0 273.0
face 0.36 741.0 212.0 753.0 226.0
face 0.36 566.0 190.0 575.0 200.0
face 0.36 614.0 222.0 625.0 234.0
face 0.36 431.0 198.0 440.0 209.0
face 0.36 744.0 176.0 753.0 187.0
face 0.36 991.0 188.0 1003.0 202.0
face 0.36 799.0 255.0 810.0 267.0
face 0.36 614.0 230.0 624.0 241.0
face 0.36 109.0 190.0 120.0 203.0
face 0.36 493.0 260.0 505.0 276.0
face 0.36 624.0 192.0 633.0 202.0
face 0.36 687.0 180.0 695.0 192.0
face 0.36 697.0 189.0 706.0 201.0
face 0.36 720.0 205.0 730.0 216.0
face 0.36 944.0 230.0 954.0 242.0
face 0.36 757.0 271.0 770.0 286.0
face 0.36 727.0 181.0 737.0 193.0
face 0.36 702.0 215.0 712.0 226.0
face 0.36 742.0 522.0 759.0 543.0
face 0.36 697.0 229.0 707.0 241.0
face 0.36 311.0 215.0 320.0 225.0
face 0.36 886.0 350.0 898.0 364.0
face 0.36 855.0 315.0 866.0 330.0
face 0.36 772.0 333.0 784.0 350.0
face 0.36 329.0 199.0 337.0 209.0
face 0.36 823.0 246.0 833.0 257.0
face 0.36 615.0 199.0 624.0 209.0
face 0.36 1014.0 237.0 1023.0 250.0
face 0.36 927.0 255.0 937.0 267.0
face 0.36 542.0 334.0 552.0 347.0
face 0.36 152.0 205.0 162.0 218.0
face 0.36 590.0 198.0 601.0 211.0
face 0.36 472.0 208.0 481.0 219.0
face 0.36 286.0 190.0 295.0 201.0
face 0.36 712.0 22.0 722.0 34.0
face 0.36 775.0 229.0 785.0 241.0
face 0.36 670.0 235.0 680.0 249.0
face 0.36 942.0 277.0 954.0 291.0
face 0.36 783.0 238.0 793.0 250.0
face 0.36 688.0 200.0 697.0 211.0
face 0.36 464.0 192.0 473.0 203.0
face 0.36 702.0 189.0 712.0 200.0
face 0.36 961.0 214.0 972.0 227.0
face 0.36 1005.0 207.0 1014.0 219.0
face 0.36 975.0 231.0 984.0 242.0
face 0.36 495.0 206.0 504.0 217.0
face 0.36 256.0 199.0 265.0 210.0
face 0.36 551.0 351.0 562.0 364.0
face 0.36 437.0 190.0 446.0 201.0
face 0.36 550.0 199.0 559.0 209.0
face 0.36 414.0 208.0 422.0 218.0
face 0.36 919.0 197.0 931.0 211.0
face 0.36 636.0 214.0 647.0 228.0
face 0.36 711.0 246.0 721.0 258.0
face 0.36 408.0 213.0 417.0 225.0
face 0.36 712.0 207.0 721.0 217.0
face 0.36 320.0 238.0 330.0 249.0
face 0.36 1014.0 229.0 1024.0 243.0
face 0.36 73.0 357.0 83.0 369.0
face 0.36 738.0 215.0 747.0 226.0
face 0.36 142.0 214.0 153.0 227.0
face 0.36 248.0 209.0 258.0 220.0
face 0.36 446.0 246.0 457.0 259.0
face 0.36 727.0 249.0 737.0 260.0
face 0.36 180.0 175.0 191.0 187.0
face 0.36 413.0 252.0 426.0 270.0
face 0.36 726.0 199.0 735.0 210.0
face 0.36 631.0 228.0 644.0 246.0
face 0.36 287.0 209.0 296.0 219.0
face 0.36 583.0 223.0 593.0 234.0
face 0.36 270.0 190.0 280.0 202.0
face 0.36 400.0 190.0 409.0 200.0
face 0.36 463.0 208.0 473.0 219.0
face 0.36 887.0 231.0 897.0 243.0
face 0.36 671.0 215.0 682.0 228.0
face 0.36 390.0 238.0 401.0 251.0
face 0.36 237.0 243.0 249.0 258.0
face 0.36 760.0 196.0 770.0 208.0
face 0.36 727.0 190.0 736.0 201.0
face 0.36 585.0 207.0 594.0 218.0
face 0.36 204.0 237.0 215.0 251.0
face 0.36 838.0 308.0 849.0 322.0
face 0.36 271.0 215.0 281.0 227.0
face 0.36 903.0 266.0 918.0 283.0
face 0.36 935.0 257.0 945.0 269.0
face 0.36 871.0 207.0 881.0 218.0
face 0.36 839.0 206.0 851.0 220.0
face 0.36 600.0 243.0 610.0 256.0
face 0.36 528.0 222.0 537.0 234.0
face 0.36 912.0 239.0 922.0 252.0
face 0.36 433.0 192.0 442.0 204.0
face 0.36 815.0 248.0 825.0 258.0
face 0.36 753.0 214.0 761.0 225.0
face 0.36 470.0 192.0 479.0 202.0
face 0.36 215.0 284.0 226.0 299.0
face 0.36 639.0 192.0 648.0 202.0
face 0.36 430.0 157.0 442.0 171.0
face 0.36 952.0 270.0 962.0 282.0
face 0.36 320.0 209.0 328.0 219.0
face 0.36 223.0 246.0 233.0 259.0
face 0.36 211.0 266.0 225.0 285.0
face 0.36 383.0 233.0 393.0 244.0
face 0.36 719.0 248.0 729.0 259.0
face 0.36 600.0 197.0 609.0 208.0
face 0.36 944.0 212.0 954.0 225.0
face 0.36 862.0 207.0 872.0 218.0
face 0.36 895.0 221.0 906.0 234.0
face 0.36 667.0 417.0 693.0 450.0
face 0.36 200.0 232.0 210.0 243.0
face 0.36 713.0 215.0 722.0 226.0
face 0.36 911.0 198.0 922.0 210.0
face 0.36 80.0 189.0 90.0 203.0
face 0.36 392.0 190.0 400.0 200.0
face 0.36 296.0 208.0 305.0 219.0
face 0.36 920.0 214.0 930.0 226.0
face 0.36 995.0 179.0 1010.0 198.0
face 0.36 6.0 181.0 15.0 192.0
face 0.36 550.0 191.0 559.0 202.0
face 0.36 439.0 166.0 449.0 178.0
face 0.36 303.0 261.0 313.0 274.0
face 0.36 670.0 184.0 680.0 195.0
face 0.36 767.0 214.0 775.0 226.0
face 0.36 750.0 246.0 761.0 259.0
face 0.36 270.0 239.0 281.0 250.0
face 0.36 637.0 230.0 648.0 243.0
face 0.36 512.0 224.0 521.0 234.0
face 0.36 805.0 252.0 816.0 266.0
face 0.36 141.0 205.0 153.0 217.0
face 0.36 334.0 247.0 344.0 259.0
face 0.36 303.0 215.0 313.0 226.0
face 0.36 648.0 208.0 657.0 218.0
face 0.36 664.0 205.0 674.0 217.0
face 0.36 601.0 231.0 611.0 243.0
face 0.36 503.0 207.0 511.0 217.0
face 0.36 566.0 207.0 575.0 217.0
face 0.36 927.0 244.0 937.0 257.0
face 0.36 437.0 158.0 448.0 171.0
face 0.36 936.0 244.0 946.0 256.0
face 0.36 118.0 191.0 129.0 203.0
face 0.36 696.0 213.0 705.0 224.0
face 0.36 561.0 201.0 569.0 212.0
face 0.35 879.0 237.0 889.0 249.0
face 0.35 118.0 199.0 129.0 212.0
face 0.35 750.0 181.0 762.0 196.0
face 0.35 672.0 253.0 683.0 265.0
face 0.35 565.0 341.0 575.0 355.0
face 0.35 367.0 230.0 377.0 242.0
face 0.35 1006.0 254.0 1018.0 268.0
face 0.35 432.0 214.0 441.0 225.0
face 0.35 616.0 207.0 625.0 218.0
face 0.35 407.0 382.0 417.0 394.0
face 0.35 657.0 182.0 666.0 193.0
face 0.35 608.0 183.0 617.0 193.0
face 0.35 653.0 262.0 664.0 275.0
face 0.35 718.0 215.0 728.0 226.0
face 0.35 558.0 340.0 569.0 354.0
face 0.35 444.0 350.0 457.0 365.0
face 0.35 336.0 151.0 346.0 163.0
face 0.35 494.0 200.0 502.0 210.0
face 0.35 679.0 200.0 689.0 210.0
face 0.35 903.0 198.0 913.0 210.0
face 0.35 439.0 230.0 449.0 242.0
face 0.35 335.0 238.0 345.0 250.0
face 0.35 89.0 182.0 99.0 195.0
face 0.35 926.0 273.0 940.0 291.0
face 0.35 727.0 224.0 736.0 235.0
face 0.35 489.0 176.0 498.0 187.0
face 0.35 17.0 182.0 27.0 193.0
face 0.35 478.0 214.0 489.0 226.0
face 0.35 840.0 214.0 850.0 226.0
face 0.35 1007.0 181.0 1017.0 194.0
face 0.35 703.0 199.0 712.0 210.0
face 0.35 320.0 172.0 329.0 183.0
face 0.35 415.0 246.0 425.0 258.0
face 0.35 976.0 222.0 986.0 234.0
face 0.35 263.0 207.0 272.0 218.0
face 0.35 630.0 192.0 639.0 203.0
face 0.35 576.0 264.0 587.0 276.0
face 0.35 166.0 268.0 178.0 283.0
face 0.35 751.0 175.0 760.0 185.0
face 0.35 190.0 214.0 199.0 225.0
face 0.35 949.0 223.0 960.0 237.0
face 0.35 838.0 189.0 848.0 200.0
face 0.35 512.0 190.0 521.0 202.0
face 0.35 829.0 221.0 842.0 236.0
face 0.35 439.0 238.0 449.0 249.0
face 0.35 232.0 151.0 244.0 163.0
face 0.35 656.0 199.0 665.0 209.0
face 0.35 216.0 222.0 227.0 235.0
face 0.35 457.0 167.0 467.0 179.0
face 0.35 687.0 214.0 697.0 225.0
face 0.35 695.0 199.0 705.0 210.0
face 0.35 886.0 218.0 897.0 232.0
face 0.35 408.0 168.0 417.0 178.0
face 0.35 519.0 224.0 529.0 235.0
face 0.35 144.0 183.0 154.0 194.0
face 0.35 489.0 208.0 498.0 219.0
face 0.35 768.0 222.0 777.0 233.0
face 0.35 798.0 188.0 811.0 204.0
face 0.35 607.0 197.0 617.0 209.0
face 0.35 567.0 199.0 576.0 210.0
face 0.35 552.0 213.0 561.0 224.0
face 0.35 280.0 168.0 289.0 178.0
face 0.35 983.0 181.0 994.0 194.0
face 0.35 231.0 301.0 242.0 315.0
face 0.35 830.0 213.0 842.0 228.0
face 0.35 615.0 175.0 624.0 186.0
face 0.35 480.0 175.0 489.0 185.0
face 0.35 542.0 183.0 552.0 194.0
face 0.35 85.0 244.0 97.0 261.0
face 0.35 527.0 253.0 537.0 267.0
face 0.35 423.0 446.0 433.0 459.0
face 0.35 287.0 269.0 298.0 282.0
face 0.35 488.0 192.0 497.0 202.0
face 0.35 1000.0 213.0 1010.0 225.0
face 0.35 470.0 165.0 482.0 180.0
face 0.35 743.0 190.0 752.0 201.0
face 0.35 543.0 251.0 553.0 263.0
face 0.35 141.0 261.0 155.0 276.0
face 0.35 1013.0 222.0 1023.0 235.0
face 0.35 504.0 167.0 513.0 178.0
face 0.35 958.0 230.0 968.0 242.0
face 0.35 839.0 157.0 850.0 170.0
face 0.35 311.0 255.0 321.0 266.0
face 0.35 552.0 342.0 561.0 354.0
face 0.35 431.0 166.0 442.0 179.0
face 0.35 873.0 238.0 882.0 249.0
face 0.35 287.0 184.0 296.0 195.0
face 0.35 591.0 175.0 600.0 186.0
face 0.35 968.0 188.0 980.0 203.0
face 0.35 828.0 157.0 841.0 171.0
face 0.35 990.0 196.0 1002.0 210.0
face 0.35 758.0 290.0 772.0 308.0
face 0.35 798.0 238.0 807.0 249.0
face 0.35 312.0 158.0 321.0 169.0
face 0.35 839.0 221.0 850.0 233.0
face 0.35 287.0 635.0 300.0 652.0
face 0.35 271.0 207.0 283.0 220.0
face 0.35 984.0 229.0 995.0 242.0
face 0.35 119.0 231.0 128.0 242.0
face 0.35 500.0 400.0 514.0 420.0
face 0.35 199.0 245.0 212.0 258.0
face 0.35 542.0 350.0 553.0 363.0
face 0.35 544.0 175.0 554.0 186.0
face 0.35 727.0 205.0 736.0 216.0
face 0.35 311.0 208.0 320.0 218.0
face 0.35 656.0 188.0 668.0 203.0
face 0.35 280.0 197.0 290.0 209.0
face 0.35 217.0 207.0 226.0 219.0
face 0.35 824.0 182.0 836.0 195.0
face 0.35 375.0 208.0 385.0 219.0
face 0.35 912.0 229.0 924.0 243.0
face 0.35 471.0 198.0 480.0 209.0
face 0.35 392.0 214.0 402.0 225.0
face 0.35 351.0 200.0 360.0 210.0
face 0.35 728.0 270.0 739.0 283.0
face 0.35 630.0 301.0 642.0 315.0
face 0.35 638.0 340.0 651.0 356.0
face 0.35 213.0 292.0 225.0 308.0
face 0.35 638.0 238.0 648.0 251.0
face 0.35 278.0 237.0 289.0 250.0
face 0.35 478.0 166.0 488.0 178.0
face 0.35 303.0 175.0 312.0 186.0
face 0.35 519.0 190.0 528.0 201.0
face 0.35 316.0 46.0 330.0 62.0
face 0.35 455.0 198.0 466.0 211.0
face 0.35 631.0 199.0 640.0 209.0
face 0.35 789.0 413.0 802.0 429.0
face 0.35 342.0 198.0 352.0 208.0
face 0.35 238.0 200.0 247.0 211.0
face 0.35 512.0 231.0 521.0 243.0
face 0.35 481.0 182.0 489.0 192.0
face 0.35 256.0 192.0 265.0 202.0
face 0.35 538.0 206.0 550.0 221.0
face 0.35 462.0 222.0 473.0 236.0
