face 1.00 651.0 220.0 727.0 313.0
face 1.00 981.0 222.0 1024.0 275.0
face 1.00 473.0 211.0 551.0 308.0
face 1.00 333.0 184.0 357.0 216.0
face 1.00 591.0 178.0 616.0 209.0
face 1.00 339.0 256.0 444.0 393.0
face 0.99 818.0 339.0 879.0 433.0
face 0.96 390.0 181.0 407.0 202.0
face 0.94 223.0 196.0 272.0 260.0
face 0.90 283.0 173.0 298.0 192.0
face 0.75 560.0 219.0 604.0 276.0
face 0.69 88.0 189.0 120.0 231.0
face 0.51 438.0 174.0 480.0 224.0
face 0.44 398.0 294.0 446.0 360.0
face 0.43 877.0 306.0 894.0 329.0
face 0.42 411.0 179.0 428.0 198.0
face 0.42 293.0 175.0 304.0 190.0
face 0.41 109.0 174.0 150.0 221.0
face 0.41 243.0 232.0 268.0 261.0
face 0.38 148.0 53.0 164.0 73.0
face 0.37 33.0 79.0 79.0 138.0
face 0.37 695.0 78.0 795.0 208.0
face 0.37 228.0 278.0 258.0 314.0
face 0.37 436.0 186.0 454.0 209.0
face 0.36 132.0 203.0 148.0 221.0
face 0.36 204.0 0.0 219.0 14.0
face 0.36 406.0 181.0 419.0 195.0
face 0.36 571.0 7.0 589.0 30.0
