face 1.00 535.0 370.0 656.0 508.0
face 1.00 182.0 80.0 234.0 143.0
face 0.97 263.0 429.0 384.0 572.0
face 0.97 659.0 311.0 694.0 352.0
face 0.90 609.0 270.0 631.0 298.0
face 0.80 619.0 306.0 644.0 339.0
face 0.78 973.0 223.0 1025.0 305.0
face 0.75 629.0 252.0 654.0 281.0
face 0.69 88.0 324.0 150.0 401.0
face 0.60 999.0 269.0 1025.0 308.0
face 0.54 999.0 63.0 1024.0 112.0
face 0.53 421.0 55.0 438.0 76.0
face 0.46 457.0 51.0 468.0 66.0
face 0.44 603.0 61.0 624.0 88.0
face 0.43 189.0 90.0 218.0 124.0
face 0.42 663.0 244.0 683.0 270.0
face 0.41 840.0 -1.0 930.0 81.0
face 0.40 995.0 230.0 1023.0 261.0
face 0.40 698.0 286.0 716.0 310.0
face 0.38 192.0 47.0 204.0 60.0
face 0.37 618.0 363.0 633.0 382.0
face 0.36 163.0 26.0 181.0 45.0
