face 1.00 935.0 472.0 968.0 512.0
face 1.00 163.0 418.0 188.0 449.0
face 1.00 698.0 450.0 730.0 495.0
face 1.00 911.0 608.0 945.0 656.0
face 1.00 14.0 525.0 44.0 561.0
face 1.00 437.0 427.0 463.0 460.0
face 1.00 370.0 419.0 395.0 453.0
face 1.00 514.0 436.0 543.0 474.0
face 1.00 283.0 440.0 305.0 468.0
face 1.00 993.0 266.0 1011.0 288.0
face 1.00 801.0 455.0 835.0 492.0
face 1.00 61.0 415.0 82.0 439.0
face 0.99 371.0 367.0 386.0 384.0
face 0.97 627.0 412.0 650.0 441.0
face 0.97 969.0 431.0 997.0 462.0
face 0.96 183.0 340.0 199.0 358.0
face 0.95 172.0 383.0 194.0 407.0
face 0.95 661.0 414.0 687.0 450.0
face 0.95 24.0 414.0 47.0 441.0
face 0.94 609.0 456.0 639.0 495.0
face 0.94 199.0 364.0 214.0 381.0
face 0.92 596.0 432.0 616.0 458.0
face 0.91 278.0 336.0 289.0 351.0
face 0.90 778.0 524.0 808.0 560.0
face 0.86 136.0 346.0 150.0 362.0
face 0.86 225.0 415.0 250.0 443.0
face 0.85 435.0 332.0 446.0 345.0
face 0.75 129.0 427.0 152.0 456.0
face 0.72 363.0 348.0 377.0 364.0
face 0.71 878.0 490.0 922.0 548.0
face 0.69 305.0 214.0 324.0 238.0
face 0.68 660.0 266.0 673.0 281.0
face 0.68 781.0 308.0 793.0 321.0
face 0.66 750.0 278.0 760.0 290.0
face 0.65 401.0 357.0 422.0 385.0
face 0.64 202.0 205.0 215.0 222.0
face 0.60 102.0 317.0 112.0 330.0
face 0.59 336.0 404.0 360.0 434.0
face 0.59 1013.0 164.0 1024.0 181.0
face 0.58 59.0 327.0 74.0 346.0
face 0.57 495.0 327.0 509.0 342.0
face 0.56 944.0 307.0 957.0 323.0
face 0.53 417.0 267.0 431.0 283.0
face 0.50 766.0 311.0 776.0 323.0
face 0.50 776.0 292.0 790.0 308.0
face 0.47 531.0 377.0 547.0 398.0
face 0.47 227.0 357.0 240.0 374.0
face 0.44 726.0 465.0 740.0 486.0
face 0.43 297.0 356.0 308.0 369.0
face 0.42 102.0 487.0 115.0 501.0
face 0.42 824.0 287.0 834.0 299.0
face 0.42 703.0 354.0 715.0 370.0
face 0.41 266.0 104.0 282.0 125.0
face 0.41 57.0 102.0 70.0 116.0
face 0.41 488.0 359.0 499.0 373.0
face 0.41 618.0 204.0 631.0 222.0
face 0.40 809.0 288.0 820.0 300.0
face 0.39 539.0 402.0 557.0 424.0
face 0.39 51.0 402.0 66.0 420.0
face 0.39 760.0 300.0 770.0 313.0
face 0.39 685.0 320.0 695.0 332.0
face 0.38 941.0 626.0 958.0 644.0
face 0.38 723.0 202.0 765.0 253.0
face 0.38 686.0 301.0 696.0 313.0
face 0.38 645.0 314.0 660.0 332.0
face 0.38 219.0 225.0 236.0 246.0
face 0.38 666.0 328.0 680.0 345.0
face 0.37 670.0 319.0 680.0 330.0
face 0.37 679.0 324.0 691.0 338.0
face 0.37 512.0 295.0 525.0 313.0
face 0.37 413.0 357.0 424.0 371.0
face 0.37 978.0 203.0 992.0 221.0
face 0.37 760.0 306.0 773.0 321.0
face 0.37 445.0 349.0 457.0 363.0
face 0.37 758.0 270.0 768.0 283.0
face 0.37 421.0 334.0 431.0 347.0
face 0.36 382.0 333.0 392.0 345.0
face 0.36 768.0 294.0 778.0 305.0
face 0.36 229.0 213.0 241.0 228.0
face 0.36 413.0 309.0 423.0 321.0
face 0.36 799.0 286.0 809.0 297.0
face 0.36 752.0 294.0 762.0 306.0
face 0.36 886.0 165.0 898.0 179.0
face 0.36 343.0 332.0 354.0 346.0
face 0.36 670.0 313.0 679.0 323.0
face 0.36 621.0 236.0 632.0 251.0
face 0.36 790.0 287.0 800.0 300.0
face 0.36 157.0 340.0 169.0 355.0
face 0.36 489.0 318.0 498.0 330.0
face 0.36 774.0 287.0 784.0 300.0
face 0.36 687.0 309.0 697.0 322.0
face 0.36 961.0 261.0 971.0 273.0
face 0.36 758.0 262.0 769.0 275.0
face 0.36 765.0 255.0 777.0 269.0
face 0.36 934.0 301.0 946.0 317.0
face 0.36 665.0 318.0 674.0 329.0
face 0.36 38.0 413.0 50.0 428.0
face 0.36 406.0 341.0 416.0 353.0
face 0.36 382.0 355.0 395.0 371.0
face 0.36 950.0 278.0 960.0 289.0
face 0.35 960.0 268.0 971.0 282.0
face 0.35 383.0 349.0 394.0 363.0
face 0.35 150.0 357.0 161.0 370.0
face 0.35 752.0 299.0 765.0 315.0
face 0.35 207.0 221.0 218.0 235.0
face 0.35 856.0 225.0 870.0 242.0
face 0.35 481.0 334.0 491.0 346.0
face 0.35 774.0 279.0 783.0 290.0
face 0.35 671.0 303.0 680.0 313.0
face 0.35 4.0 405.0 20.0 423.0
face 0.35 88.0 577.0 102.0 596.0
face 0.35 679.0 333.0 690.0 345.0
face 0.35 927.0 279.0 936.0 290.0
face 0.35 128.0 343.0 138.0 355.0
face 0.35 227.0 220.0 241.0 238.0
face 0.35 927.0 286.0 936.0 297.0
face 0.35 816.0 310.0 826.0 322.0
face 0.35 287.0 350.0 297.0 362.0
face 0.35 848.0 486.0 859.0 501.0
face 0.35 158.0 349.0 169.0 361.0
face 0.35 834.0 484.0 845.0 498.0
face 0.35 943.0 214.0 954.0 227.0
