face 1.00 127.0 342.0 150.0 368.0
face 1.00 61.0 369.0 76.0 388.0
face 0.98 207.0 364.0 222.0 380.0
face 0.87 502.0 347.0 522.0 372.0
face 0.87 564.0 329.0 589.0 358.0
face 0.80 469.0 355.0 487.0 375.0
face 0.73 180.0 354.0 198.0 373.0
face 0.72 400.0 360.0 414.0 377.0
face 0.58 106.0 351.0 122.0 372.0
face 0.54 94.0 493.0 112.0 516.0
face 0.46 280.0 71.0 291.0 84.0
face 0.44 47.0 367.0 59.0 380.0
face 0.43 827.0 234.0 840.0 249.0
face 0.43 301.0 204.0 313.0 220.0
face 0.42 932.0 231.0 946.0 248.0
face 0.42 918.0 325.0 928.0 338.0
face 0.42 109.0 427.0 138.0 461.0
face 0.41 904.0 103.0 935.0 145.0
face 0.40 584.0 460.0 612.0 496.0
face 0.39 231.0 372.0 245.0 387.0
face 0.39 413.0 366.0 428.0 383.0
face 0.39 203.0 53.0 214.0 68.0
face 0.38 679.0 12.0 692.0 29.0
face 0.38 236.0 368.0 246.0 380.0
face 0.38 61.0 85.0 72.0 98.0
face 0.37 124.0 315.0 136.0 331.0
face 0.37 922.0 406.0 937.0 424.0
face 0.37 223.0 372.0 236.0 387.0
face 0.37 165.0 349.0 176.0 363.0
face 0.37 223.0 365.0 233.0 378.0
face 0.37 788.0 337.0 807.0 358.0
face 0.36 38.0 262.0 48.0 275.0
face 0.36 286.0 155.0 299.0 171.0
face 0.36 819.0 380.0 833.0 399.0
face 0.36 643.0 146.0 656.0 162.0
face 0.36 45.0 373.0 57.0 387.0
face 0.36 664.0 350.0 675.0 364.0
face 0.36 480.0 221.0 490.0 234.0
face 0.36 364.0 230.0 377.0 247.0
face 0.36 832.0 192.0 842.0 204.0
face 0.36 462.0 286.0 473.0 299.0
face 0.36 640.0 364.0 652.0 380.0
face 0.36 236.0 60.0 250.0 76.0
face 0.36 713.0 106.0 729.0 124.0
face 0.36 382.0 174.0 392.0 186.0
face 0.35 223.0 350.0 233.0 361.0
face 0.35 40.0 374.0 50.0 386.0
face 0.35 989.0 349.0 1000.0 362.0
face 0.35 893.0 333.0 904.0 345.0
face 0.35 223.0 358.0 234.0 372.0
face 0.35 176.0 236.0 187.0 249.0
face 0.35 132.0 308.0 146.0 323.0
face 0.35 159.0 223.0 169.0 235.0
face 0.35 318.0 16.0 329.0 29.0
face 0.35 381.0 222.0 393.0 236.0
face 0.35 414.0 245.0 424.0 258.0
face 0.35 709.0 135.0 721.0 149.0
face 0.35 438.0 182.0 449.0 196.0
face 0.35 92.0 441.0 107.0 462.0
face 0.35 686.0 125.0 700.0 141.0
face 0.35 445.0 180.0 457.0 194.0
face 0.35 456.0 209.0 466.0 219.0
face 0.35 292.0 142.0 304.0 156.0
