face 1.00 654.0 514.0 785.0 667.0
face 1.00 205.0 185.0 245.0 238.0
face 0.59 814.0 132.0 826.0 147.0
face 0.58 526.0 450.0 551.0 478.0
face 0.56 879.0 1080.0 899.0 1110.0
face 0.56 237.0 405.0 298.0 473.0
face 0.49 814.0 773.0 826.0 787.0
face 0.47 502.0 163.0 516.0 182.0
face 0.46 166.0 709.0 258.0 841.0
face 0.43 184.0 976.0 287.0 1084.0
face 0.41 592.0 373.0 607.0 392.0
face 0.40 116.0 643.0 295.0 875.0
face 0.38 613.0 505.0 628.0 523.0
face 0.38 489.0 388.0 503.0 406.0
face 0.38 362.0 609.0 385.0 638.0
face 0.37 394.0 970.0 456.0 1051.0
face 0.36 948.0 261.0 965.0 281.0
face 0.36 426.0 523.0 440.0 542.0
face 0.36 975.0 1178.0 988.0 1195.0
face 0.36 478.0 517.0 490.0 531.0
face 0.36 633.0 507.0 647.0 522.0
face 0.36 976.0 1116.0 987.0 1130.0
face 0.35 172.0 134.0 183.0 147.0
face 0.35 171.0 774.0 184.0 789.0
