face 1.00 87.0 254.0 150.0 335.0
face 1.00 942.0 416.0 1001.0 503.0
face 1.00 471.0 146.0 524.0 208.0
face 1.00 982.0 259.0 1026.0 323.0
face 1.00 389.0 141.0 444.0 205.0
face 0.95 347.0 156.0 383.0 213.0
face 0.88 692.0 148.0 732.0 191.0
face 0.88 615.0 419.0 674.0 488.0
face 0.86 553.0 136.0 587.0 183.0
face 0.74 763.0 57.0 791.0 99.0
face 0.69 225.0 205.0 267.0 269.0
face 0.68 194.0 295.0 229.0 348.0
face 0.65 924.0 50.0 968.0 104.0
face 0.47 299.0 291.0 317.0 313.0
face 0.47 748.0 132.0 773.0 164.0
face 0.46 682.0 417.0 698.0 437.0
face 0.43 967.0 600.0 981.0 619.0
face 0.42 716.0 598.0 731.0 616.0
face 0.41 619.0 146.0 639.0 169.0
face 0.39 988.0 602.0 1003.0 621.0
face 0.38 332.0 168.0 353.0 195.0
face 0.37 661.0 600.0 675.0 619.0
face 0.37 69.0 276.0 86.0 298.0
face 0.35 638.0 597.0 650.0 611.0
face 0.35 534.0 604.0 545.0 618.0
face 0.35 198.0 307.0 209.0 321.0
