face 1.00 683.0 403.0 727.0 453.0
face 1.00 430.0 375.0 476.0 434.0
face 1.00 303.0 385.0 344.0 433.0
face 1.00 191.0 274.0 246.0 346.0
face 1.00 377.0 361.0 410.0 411.0
face 1.00 77.0 383.0 116.0 432.0
face 1.00 259.0 379.0 301.0 436.0
face 0.99 758.0 288.0 876.0 408.0
face 0.99 521.0 346.0 566.0 412.0
face 0.99 280.0 670.0 293.0 685.0
face 0.98 921.0 380.0 952.0 429.0
face 0.95 554.0 346.0 597.0 410.0
face 0.94 23.0 410.0 39.0 430.0
face 0.81 755.0 542.0 862.0 649.0
face 0.70 973.0 118.0 998.0 147.0
face 0.65 291.0 781.0 305.0 798.0
face 0.64 273.0 823.0 287.0 839.0
face 0.61 -1.0 558.0 9.0 573.0
face 0.57 687.0 -1.0 710.0 23.0
face 0.55 726.0 396.0 752.0 429.0
face 0.53 51.0 563.0 96.0 613.0
face 0.51 416.0 43.0 451.0 88.0
face 0.50 457.0 8.0 475.0 30.0
face 0.48 510.0 370.0 526.0 393.0
face 0.46 922.0 371.0 938.0 390.0
face 0.45 909.0 402.0 925.0 421.0
face 0.43 843.0 5.0 877.0 44.0
face 0.42 501.0 -1.0 531.0 29.0
face 0.42 136.0 672.0 160.0 700.0
face 0.41 43.0 417.0 60.0 437.0
face 0.41 589.0 315.0 603.0 333.0
face 0.41 276.0 637.0 287.0 651.0
face 0.40 968.0 425.0 1018.0 494.0
face 0.40 924.0 221.0 955.0 263.0
face 0.40 160.0 613.0 200.0 653.0
face 0.39 293.0 326.0 309.0 347.0
face 0.39 364.0 621.0 379.0 641.0
face 0.39 85.0 560.0 100.0 578.0
face 0.38 285.0 821.0 296.0 836.0
face 0.38 174.0 298.0 204.0 331.0
face 0.38 290.0 731.0 302.0 746.0
face 0.37 611.0 140.0 626.0 158.0
face 0.37 254.0 712.0 266.0 726.0
face 0.36 686.0 220.0 700.0 238.0
face 0.36 493.0 269.0 507.0 288.0
face 0.36 269.0 765.0 280.0 779.0
face 0.36 598.0 360.0 635.0 403.0
face 0.36 16.0 405.0 27.0 418.0
face 0.36 144.0 746.0 303.0 956.0
face 0.36 638.0 335.0 655.0 354.0
face 0.36 47.0 397.0 58.0 410.0
face 0.36 46.0 287.0 58.0 300.0
face 0.36 271.0 709.0 284.0 725.0
face 0.36 296.0 852.0 309.0 870.0
face 0.35 262.0 655.0 273.0 667.0
face 0.35 510.0 257.0 523.0 273.0
face 0.35 516.0 293.0 528.0 308.0
face 0.35 296.0 846.0 306.0 859.0
face 0.35 0.0 412.0 9.0 426.0
face 0.35 286.0 639.0 297.0 651.0
face 0.35 280.0 765.0 291.0 778.0
