face 1.00 368.0 303.0 436.0 402.0
face 1.00 525.0 469.0 548.0 497.0
face 1.00 753.0 542.0 790.0 594.0
face 1.00 959.0 583.0 1014.0 666.0
face 0.99 590.0 545.0 656.0 629.0
face 0.97 772.0 605.0 815.0 657.0
face 0.88 633.0 656.0 659.0 691.0
face 0.79 46.0 396.0 63.0 415.0
face 0.64 65.0 416.0 87.0 442.0
face 0.49 335.0 26.0 445.0 117.0
face 0.47 254.0 275.0 312.0 349.0
face 0.41 63.0 397.0 77.0 413.0
face 0.41 887.0 379.0 903.0 397.0
face 0.40 97.0 399.0 108.0 412.0
face 0.38 948.0 384.0 963.0 404.0
face 0.37 86.0 241.0 131.0 290.0
face 0.37 -1.0 424.0 14.0 447.0
face 0.37 710.0 378.0 720.0 390.0
face 0.36 19.0 398.0 35.0 416.0
face 0.36 515.0 501.0 529.0 519.0
face 0.36 122.0 458.0 140.0 480.0
face 0.35 395.0 475.0 408.0 491.0
face 0.35 5.0 466.0 21.0 490.0
face 0.35 22.0 435.0 35.0 452.0
