face 1.00 287.0 336.0 326.0 389.0
face 1.00 220.0 347.0 274.0 404.0
face 1.00 481.0 381.0 522.0 436.0
face 1.00 374.0 462.0 468.0 579.0
face 1.00 189.0 291.0 222.0 330.0
face 1.00 1.0 422.0 40.0 470.0
face 1.00 225.0 243.0 261.0 288.0
face 1.00 156.0 410.0 199.0 463.0
face 0.98 791.0 1112.0 850.0 1194.0
face 0.97 875.0 362.0 909.0 405.0
face 0.74 978.0 373.0 996.0 396.0
face 0.73 107.0 350.0 129.0 379.0
face 0.73 105.0 152.0 130.0 187.0
face 0.66 1004.0 366.0 1024.0 395.0
face 0.63 511.0 494.0 523.0 508.0
face 0.62 853.0 225.0 878.0 255.0
face 0.57 842.0 1200.0 888.0 1250.0
face 0.55 496.0 543.0 564.0 612.0
face 0.54 921.0 520.0 946.0 550.0
face 0.52 732.0 1335.0 884.0 1534.0
face 0.48 628.0 373.0 654.0 401.0
face 0.47 956.0 379.0 970.0 397.0
face 0.47 270.0 937.0 343.0 1059.0
face 0.42 239.0 403.0 264.0 434.0
face 0.41 463.0 1286.0 474.0 1300.0
face 0.39 100.0 144.0 117.0 166.0
face 0.38 471.0 525.0 511.0 581.0
face 0.38 197.0 617.0 260.0 702.0
face 0.37 1003.0 401.0 1024.0 431.0
face 0.37 793.0 1155.0 809.0 1176.0
face 0.37 574.0 411.0 599.0 443.0
face 0.37 987.0 580.0 1010.0 608.0
face 0.36 46.0 386.0 62.0 405.0
face 0.36 608.0 290.0 622.0 308.0
face 0.36 985.0 339.0 1000.0 357.0
face 0.35 547.0 422.0 564.0 445.0
face 0.35 910.0 326.0 924.0 341.0
face 0.35 226.0 -3.0 278.0 42.0
face 0.35 485.0 524.0 500.0 542.0
face 0.35 1007.0 332.0 1021.0 349.0
