face 1.00 514.0 200.0 577.0 287.0
face 1.00 829.0 124.0 864.0 176.0
face 1.00 692.0 97.0 724.0 142.0
face 1.00 131.0 58.0 172.0 98.0
face 1.00 386.0 54.0 425.0 107.0
face 1.00 904.0 100.0 948.0 159.0
face 0.99 718.0 1.0 746.0 37.0
face 0.99 458.0 87.0 499.0 138.0
face 0.99 12.0 18.0 42.0 57.0
face 0.99 2.0 197.0 51.0 281.0
face 0.98 923.0 182.0 959.0 239.0
face 0.98 568.0 146.0 627.0 206.0
face 0.97 277.0 333.0 332.0 410.0
face 0.97 313.0 11.0 343.0 54.0
face 0.95 594.0 0.0 612.0 20.0
face 0.95 401.0 129.0 448.0 192.0
face 0.92 342.0 111.0 375.0 155.0
face 0.91 987.0 147.0 1022.0 220.0
face 0.91 530.0 1.0 552.0 26.0
face 0.90 737.0 177.0 782.0 244.0
face 0.90 710.0 374.0 760.0 451.0
face 0.89 895.0 299.0 975.0 411.0
face 0.88 993.0 -1.0 1021.0 29.0
face 0.86 672.0 56.0 708.0 95.0
face 0.83 118.0 13.0 148.0 52.0
face 0.80 153.0 332.0 260.0 462.0
face 0.79 601.0 540.0 626.0 572.0
face 0.79 247.0 85.0 276.0 118.0
face 0.77 226.0 510.0 309.0 576.0
face 0.76 418.0 307.0 458.0 369.0
face 0.75 42.0 8.0 74.0 49.0
face 0.71 683.0 251.0 721.0 292.0
face 0.69 505.0 35.0 535.0 70.0
face 0.66 113.0 93.0 156.0 151.0
face 0.64 175.0 12.0 202.0 45.0
face 0.64 722.0 55.0 765.0 104.0
face 0.62 717.0 206.0 754.0 255.0
face 0.62 887.0 27.0 928.0 82.0
face 0.62 1.0 107.0 35.0 169.0
face 0.61 198.0 124.0 252.0 184.0
face 0.61 743.0 147.0 783.0 201.0
face 0.57 542.0 72.0 576.0 111.0
face 0.56 0.0 82.0 11.0 100.0
face 0.54 848.0 173.0 896.0 224.0
face 0.53 655.0 94.0 676.0 122.0
face 0.52 235.0 15.0 251.0 36.0
face 0.49 296.0 131.0 335.0 183.0
face 0.49 405.0 264.0 450.0 322.0
face 0.49 446.0 1.0 477.0 29.0
face 0.47 676.0 250.0 694.0 271.0
face 0.47 428.0 28.0 446.0 51.0
face 0.43 221.0 2.0 238.0 20.0
face 0.42 637.0 242.0 669.0 280.0
face 0.42 398.0 253.0 425.0 286.0
face 0.40 858.0 201.0 913.0 263.0
face 0.39 1.0 376.0 18.0 402.0
face 0.39 83.0 182.0 118.0 236.0
face 0.38 238.0 4.0 264.0 36.0
face 0.38 932.0 180.0 948.0 202.0
face 0.38 354.0 66.0 367.0 84.0
face 0.37 627.0 -1.0 648.0 16.0
face 0.37 698.0 429.0 710.0 444.0
face 0.37 736.0 164.0 762.0 196.0
face 0.37 912.0 291.0 938.0 321.0
face 0.36 418.0 18.0 435.0 38.0
face 0.36 357.0 3.0 373.0 21.0
face 0.36 387.0 12.0 404.0 31.0
face 0.36 739.0 118.0 760.0 145.0
face 0.36 141.0 32.0 157.0 52.0
face 0.36 814.0 92.0 839.0 123.0
face 0.35 245.0 11.0 257.0 27.0
face 0.35 562.0 47.0 580.0 67.0
face 0.35 436.0 118.0 451.0 137.0
