face 1.00 710.0 190.0 743.0 232.0
face 1.00 222.0 227.0 263.0 275.0
face 1.00 384.0 232.0 422.0 283.0
face 1.00 71.0 224.0 110.0 268.0
face 1.00 30.0 239.0 61.0 282.0
face 1.00 514.0 261.0 545.0 296.0
face 0.89 342.0 183.0 364.0 211.0
face 0.81 569.0 222.0 579.0 235.0
face 0.75 477.0 379.0 489.0 393.0
face 0.68 476.0 274.0 490.0 292.0
face 0.63 652.0 243.0 673.0 269.0
face 0.47 933.0 265.0 952.0 296.0
face 0.46 903.0 181.0 914.0 195.0
face 0.44 365.0 267.0 380.0 286.0
face 0.41 526.0 160.0 537.0 172.0
face 0.41 481.0 270.0 502.0 297.0
face 0.41 512.0 221.0 525.0 236.0
face 0.40 459.0 384.0 472.0 400.0
face 0.38 606.0 182.0 619.0 197.0
face 0.37 441.0 179.0 453.0 194.0
face 0.37 704.0 571.0 717.0 587.0
face 0.37 671.0 498.0 697.0 530.0
face 0.36 496.0 339.0 508.0 355.0
face 0.36 491.0 268.0 506.0 287.0
face 0.36 496.0 179.0 507.0 192.0
face 0.36 485.0 217.0 497.0 232.0
face 0.36 20.0 41.0 37.0 62.0
face 0.36 472.0 269.0 482.0 282.0
face 0.36 511.0 366.0 522.0 380.0
face 0.35 486.0 269.0 498.0 282.0
face 0.35 620.0 124.0 633.0 140.0
face 0.35 584.0 214.0 595.0 227.0
face 0.35 685.0 550.0 695.0 562.0
face 0.35 585.0 222.0 595.0 234.0
face 0.35 521.0 238.0 531.0 249.0
face 0.35 612.0 413.0 626.0 430.0
