face 1.00 851.0 652.0 905.0 743.0
face 1.00 103.0 620.0 147.0 683.0
face 1.00 124.0 567.0 142.0 590.0
face 0.99 619.0 662.0 670.0 741.0
face 0.98 48.0 712.0 86.0 762.0
face 0.97 947.0 622.0 966.0 643.0
face 0.97 150.0 715.0 181.0 765.0
face 0.93 1005.0 626.0 1023.0 652.0
face 0.86 440.0 658.0 467.0 695.0
face 0.72 745.0 157.0 755.0 169.0
face 0.61 685.0 173.0 697.0 188.0
face 0.48 630.0 134.0 642.0 148.0
face 0.48 941.0 172.0 954.0 187.0
face 0.48 990.0 715.0 1005.0 733.0
face 0.45 240.0 175.0 250.0 187.0
face 0.45 125.0 199.0 134.0 211.0
face 0.45 556.0 665.0 578.0 697.0
face 0.44 369.0 491.0 415.0 540.0
face 0.43 144.0 179.0 153.0 190.0
face 0.43 190.0 165.0 200.0 177.0
face 0.42 404.0 712.0 450.0 766.0
face 0.41 302.0 639.0 338.0 685.0
face 0.41 271.0 171.0 284.0 188.0
face 0.40 631.0 157.0 642.0 171.0
face 0.40 375.0 486.0 385.0 499.0
face 0.39 733.0 708.0 789.0 769.0
face 0.38 600.0 724.0 615.0 741.0
face 0.37 855.0 155.0 866.0 167.0
face 0.37 836.0 172.0 849.0 188.0
face 0.37 320.0 524.0 331.0 538.0
face 0.36 961.0 156.0 970.0 167.0
face 0.36 992.0 156.0 1002.0 168.0
face 0.36 957.0 198.0 968.0 210.0
face 0.36 245.0 156.0 256.0 169.0
face 0.36 434.0 739.0 448.0 759.0
face 0.36 147.0 175.0 159.0 189.0
face 0.35 846.0 174.0 857.0 187.0
face 0.35 984.0 157.0 993.0 168.0
face 0.35 975.0 159.0 984.0 169.0
face 0.35 350.0 491.0 363.0 508.0
face 0.35 592.0 431.0 601.0 442.0
