face 1.00 621.0 380.0 696.0 469.0
face 1.00 193.0 428.0 250.0 493.0
face 0.97 396.0 478.0 454.0 542.0
face 0.71 17.0 290.0 63.0 338.0
face 0.63 422.0 291.0 438.0 309.0
face 0.51 671.0 617.0 722.0 676.0
face 0.49 987.0 316.0 1002.0 336.0
face 0.48 666.0 466.0 757.0 584.0
face 0.48 700.0 343.0 716.0 366.0
face 0.47 584.0 564.0 596.0 578.0
face 0.45 314.0 455.0 329.0 477.0
face 0.45 234.0 274.0 249.0 291.0
face 0.43 186.0 324.0 203.0 345.0
face 0.40 226.0 258.0 249.0 289.0
face 0.39 510.0 718.0 552.0 765.0
face 0.39 624.0 98.0 637.0 115.0
face 0.38 149.0 280.0 165.0 298.0
face 0.38 72.0 429.0 133.0 510.0
face 0.38 362.0 487.0 384.0 514.0
face 0.38 872.0 449.0 886.0 468.0
face 0.38 364.0 157.0 378.0 175.0
face 0.37 877.0 9.0 968.0 114.0
face 0.37 406.0 299.0 420.0 318.0
face 0.37 963.0 408.0 979.0 430.0
face 0.36 506.0 191.0 521.0 209.0
face 0.36 818.0 148.0 834.0 167.0
face 0.36 775.0 132.0 871.0 275.0
face 0.35 523.0 308.0 538.0 325.0
face 0.35 213.0 605.0 275.0 661.0
face 0.35 443.0 291.0 459.0 310.0
face 0.35 907.0 352.0 924.0 372.0
