face 1.00 695.0 287.0 799.0 409.0
face 1.00 486.0 399.0 599.0 558.0
face 0.98 627.0 353.0 693.0 432.0
face 0.85 424.0 357.0 465.0 405.0
face 0.59 264.0 96.0 513.0 318.0
face 0.43 183.0 649.0 197.0 666.0
face 0.42 373.0 282.0 387.0 298.0
face 0.40 682.0 255.0 705.0 286.0
face 0.40 322.0 158.0 396.0 217.0
face 0.39 281.0 554.0 299.0 574.0
face 0.38 353.0 284.0 366.0 298.0
face 0.38 245.0 18.0 259.0 36.0
face 0.37 998.0 685.0 1022.0 719.0
face 0.37 590.0 392.0 606.0 414.0
face 0.37 622.0 385.0 646.0 418.0
face 0.36 606.0 248.0 620.0 266.0
