face 1.00 353.0 254.0 397.0 306.0
face 1.00 408.0 244.0 450.0 295.0
face 1.00 607.0 247.0 650.0 306.0
face 1.00 480.0 283.0 524.0 337.0
face 1.00 314.0 517.0 353.0 576.0
face 1.00 481.0 32.0 516.0 75.0
face 1.00 206.0 125.0 249.0 179.0
face 1.00 517.0 471.0 559.0 521.0
face 1.00 225.0 0.0 259.0 42.0
face 1.00 567.0 235.0 605.0 280.0
face 1.00 227.0 550.0 243.0 570.0
face 1.00 322.0 477.0 364.0 528.0
face 1.00 206.0 245.0 250.0 295.0
face 1.00 957.0 271.0 999.0 327.0
face 1.00 894.0 116.0 936.0 164.0
face 0.99 531.0 274.0 560.0 311.0
face 0.99 314.0 406.0 337.0 434.0
face 0.99 544.0 154.0 559.0 172.0
face 0.99 815.0 523.0 852.0 574.0
face 0.97 930.0 267.0 973.0 322.0
face 0.96 173.0 164.0 209.0 212.0
face 0.95 348.0 9.0 383.0 52.0
face 0.93 301.0 265.0 337.0 308.0
face 0.90 962.0 168.0 1004.0 218.0
face 0.88 1004.0 117.0 1023.0 148.0
face 0.84 110.0 301.0 148.0 347.0
face 0.80 848.0 92.0 881.0 132.0
face 0.79 122.0 494.0 152.0 539.0
face 0.75 362.0 360.0 376.0 377.0
face 0.74 482.0 246.0 523.0 293.0
face 0.71 211.0 464.0 231.0 493.0
face 0.71 248.0 272.0 268.0 296.0
face 0.70 891.0 252.0 927.0 295.0
face 0.67 788.0 194.0 800.0 209.0
face 0.67 83.0 553.0 105.0 578.0
face 0.66 155.0 493.0 181.0 529.0
face 0.62 614.0 526.0 654.0 578.0
face 0.60 516.0 0.0 531.0 13.0
face 0.58 155.0 307.0 171.0 328.0
face 0.56 780.0 414.0 804.0 442.0
face 0.55 458.0 384.0 487.0 424.0
face 0.54 58.0 247.0 73.0 268.0
face 0.53 392.0 562.0 403.0 576.0
face 0.52 67.0 595.0 84.0 616.0
face 0.51 669.0 122.0 686.0 143.0
face 0.51 147.0 479.0 161.0 496.0
face 0.50 306.0 2.0 325.0 21.0
face 0.48 980.0 286.0 1006.0 321.0
face 0.48 623.0 566.0 645.0 591.0
face 0.48 906.0 555.0 960.0 614.0
face 0.48 481.0 252.0 501.0 277.0
face 0.47 96.0 297.0 111.0 318.0
face 0.47 149.0 266.0 162.0 283.0
face 0.47 307.0 309.0 324.0 327.0
face 0.46 430.0 645.0 441.0 659.0
face 0.46 760.0 285.0 775.0 304.0
face 0.45 646.0 288.0 661.0 305.0
face 0.44 212.0 555.0 226.0 572.0
face 0.44 191.0 607.0 230.0 664.0
face 0.42 102.0 506.0 127.0 534.0
face 0.42 781.0 268.0 818.0 314.0
face 0.42 1011.0 298.0 1023.0 315.0
face 0.41 789.0 566.0 801.0 580.0
face 0.40 140.0 490.0 155.0 509.0
face 0.39 296.0 163.0 330.0 216.0
face 0.39 756.0 572.0 771.0 592.0
face 0.38 818.0 266.0 865.0 325.0
face 0.38 635.0 625.0 651.0 646.0
face 0.38 413.0 645.0 425.0 659.0
face 0.38 163.0 533.0 180.0 556.0
face 0.37 201.0 502.0 226.0 527.0
face 0.37 394.0 627.0 412.0 648.0
face 0.37 972.0 604.0 987.0 623.0
face 0.37 885.0 569.0 898.0 587.0
face 0.37 359.0 75.0 375.0 95.0
face 0.37 374.0 255.0 386.0 269.0
face 0.37 80.0 198.0 92.0 211.0
face 0.37 687.0 117.0 698.0 131.0
face 0.37 1011.0 619.0 1024.0 639.0
face 0.36 579.0 588.0 593.0 607.0
face 0.36 160.0 253.0 170.0 265.0
face 0.36 734.0 37.0 744.0 50.0
face 0.36 751.0 46.0 761.0 58.0
face 0.36 159.0 492.0 170.0 506.0
face 0.36 158.0 270.0 169.0 283.0
face 0.36 704.0 197.0 714.0 210.0
face 0.36 717.0 182.0 728.0 195.0
face 0.36 60.0 20.0 72.0 34.0
face 0.36 655.0 542.0 670.0 559.0
face 0.36 771.0 562.0 786.0 582.0
face 0.36 148.0 488.0 163.0 506.0
face 0.36 126.0 221.0 138.0 237.0
face 0.36 233.0 258.0 250.0 281.0
face 0.36 601.0 228.0 615.0 245.0
face 0.36 797.0 296.0 815.0 318.0
face 0.36 44.0 99.0 92.0 186.0
face 0.36 163.0 211.0 180.0 230.0
face 0.36 660.0 182.0 671.0 195.0
face 0.36 302.0 444.0 315.0 460.0
face 0.36 792.0 141.0 802.0 153.0
face 0.36 693.0 111.0 702.0 122.0
face 0.36 741.0 29.0 754.0 45.0
face 0.35 160.0 261.0 170.0 274.0
face 0.35 115.0 652.0 136.0 678.0
face 0.35 384.0 245.0 397.0 260.0
face 0.35 814.0 150.0 824.0 162.0
face 0.35 678.0 108.0 690.0 122.0
face 0.35 164.0 243.0 178.0 262.0
face 0.35 678.0 119.0 689.0 133.0
face 0.35 500.0 268.0 515.0 285.0
face 0.35 728.0 37.0 739.0 50.0
face 0.35 719.0 213.0 729.0 227.0
face 0.35 421.0 643.0 436.0 660.0
face 0.35 800.0 204.0 811.0 218.0
face 0.35 759.0 299.0 771.0 313.0
