face 1.00 582.0 453.0 604.0 483.0
face 1.00 360.0 453.0 386.0 485.0
face 1.00 213.0 470.0 239.0 501.0
face 1.00 684.0 461.0 708.0 494.0
face 1.00 736.0 421.0 757.0 446.0
face 1.00 615.0 494.0 642.0 526.0
face 1.00 92.0 391.0 111.0 413.0
face 1.00 777.0 459.0 802.0 488.0
face 1.00 504.0 540.0 539.0 578.0
face 1.00 283.0 536.0 316.0 579.0
face 1.00 334.0 472.0 359.0 503.0
face 0.99 985.0 367.0 997.0 382.0
face 0.99 681.0 557.0 713.0 598.0
face 0.99 938.0 463.0 954.0 485.0
face 0.99 591.0 386.0 607.0 404.0
face 0.99 634.0 417.0 651.0 438.0
face 0.99 820.0 392.0 834.0 409.0
face 0.99 806.0 433.0 823.0 452.0
face 0.98 128.0 500.0 153.0 533.0
face 0.97 349.0 401.0 367.0 420.0
face 0.97 858.0 419.0 879.0 443.0
face 0.97 70.0 350.0 84.0 365.0
face 0.97 872.0 388.0 891.0 411.0
face 0.97 173.0 382.0 188.0 398.0
face 0.96 546.0 387.0 559.0 404.0
face 0.96 390.0 529.0 424.0 570.0
face 0.96 462.0 355.0 475.0 371.0
face 0.96 15.0 548.0 47.0 591.0
face 0.95 455.0 413.0 468.0 430.0
face 0.93 783.0 387.0 798.0 405.0
face 0.92 753.0 470.0 782.0 507.0
face 0.92 707.0 350.0 719.0 365.0
face 0.91 1011.0 369.0 1024.0 387.0
face 0.91 295.0 364.0 305.0 376.0
face 0.89 632.0 350.0 644.0 364.0
face 0.89 646.0 378.0 660.0 396.0
face 0.87 570.0 415.0 588.0 437.0
face 0.86 322.0 428.0 340.0 449.0
face 0.86 590.0 364.0 606.0 381.0
face 0.84 85.0 453.0 108.0 479.0
face 0.83 207.0 356.0 218.0 368.0
face 0.83 183.0 526.0 217.0 566.0
face 0.83 475.0 375.0 485.0 389.0
face 0.83 975.0 351.0 986.0 365.0
face 0.82 725.0 481.0 739.0 500.0
face 0.81 976.0 428.0 992.0 447.0
face 0.80 22.0 359.0 34.0 372.0
face 0.79 155.0 317.0 169.0 334.0
face 0.78 881.0 482.0 910.0 518.0
face 0.77 347.0 542.0 361.0 559.0
face 0.77 739.0 367.0 751.0 381.0
face 0.76 981.0 343.0 993.0 358.0
face 0.72 525.0 334.0 538.0 348.0
face 0.71 804.0 369.0 817.0 384.0
face 0.71 300.0 403.0 315.0 420.0
face 0.68 956.0 336.0 967.0 349.0
face 0.68 101.0 522.0 126.0 553.0
face 0.67 715.0 375.0 725.0 387.0
face 0.67 396.0 489.0 412.0 509.0
face 0.65 23.0 379.0 36.0 394.0
face 0.64 374.0 350.0 384.0 362.0
face 0.63 270.0 334.0 279.0 346.0
face 0.61 662.0 163.0 676.0 180.0
face 0.58 453.0 395.0 467.0 412.0
face 0.58 697.0 380.0 710.0 395.0
face 0.56 684.0 411.0 701.0 429.0
face 0.55 247.0 281.0 261.0 297.0
face 0.54 414.0 404.0 427.0 420.0
face 0.54 667.0 382.0 682.0 397.0
face 0.54 952.0 342.0 963.0 355.0
face 0.53 871.0 341.0 881.0 352.0
face 0.53 221.0 385.0 234.0 402.0
face 0.52 22.0 397.0 36.0 414.0
face 0.52 208.0 374.0 218.0 386.0
face 0.51 330.0 392.0 352.0 417.0
face 0.51 255.0 353.0 269.0 370.0
face 0.51 620.0 411.0 633.0 426.0
face 0.50 204.0 394.0 221.0 414.0
face 0.50 782.0 349.0 796.0 364.0
face 0.50 552.0 345.0 562.0 357.0
face 0.50 717.0 334.0 727.0 346.0
face 0.49 424.0 370.0 439.0 386.0
face 0.49 927.0 326.0 938.0 338.0
face 0.48 383.0 360.0 393.0 372.0
face 0.48 609.0 397.0 621.0 412.0
face 0.47 831.0 589.0 876.0 652.0
face 0.47 162.0 405.0 179.0 426.0
face 0.47 728.0 311.0 739.0 324.0
face 0.46 624.0 336.0 633.0 347.0
face 0.46 648.0 360.0 659.0 371.0
face 0.46 897.0 474.0 912.0 496.0
face 0.45 539.0 414.0 555.0 430.0
face 0.45 703.0 311.0 713.0 322.0
face 0.44 513.0 326.0 525.0 340.0
face 0.44 460.0 561.0 476.0 580.0
face 0.44 957.0 356.0 967.0 369.0
face 0.43 560.0 382.0 570.0 394.0
face 0.43 965.0 319.0 975.0 330.0
face 0.43 84.0 517.0 100.0 537.0
face 0.43 893.0 341.0 905.0 354.0
face 0.43 224.0 359.0 236.0 372.0
face 0.42 524.0 306.0 538.0 323.0
face 0.42 391.0 335.0 401.0 346.0
face 0.42 79.0 389.0 91.0 404.0
face 0.41 140.0 436.0 155.0 454.0
face 0.41 534.0 351.0 543.0 362.0
face 0.41 917.0 417.0 932.0 436.0
face 0.41 902.0 341.0 916.0 356.0
face 0.41 826.0 463.0 842.0 484.0
face 0.40 113.0 427.0 126.0 443.0
face 0.40 733.0 357.0 744.0 369.0
face 0.40 447.0 366.0 458.0 379.0
face 0.40 280.0 38.0 333.0 93.0
face 0.40 175.0 320.0 185.0 331.0
face 0.40 831.0 653.0 842.0 667.0
face 0.40 568.0 535.0 580.0 550.0
face 0.40 155.0 371.0 165.0 384.0
face 0.40 295.0 404.0 306.0 417.0
face 0.40 825.0 599.0 849.0 634.0
face 0.40 462.0 419.0 473.0 433.0
face 0.39 889.0 344.0 899.0 355.0
face 0.39 990.0 352.0 1000.0 364.0
face 0.39 388.0 366.0 401.0 382.0
face 0.39 616.0 346.0 628.0 361.0
face 0.39 565.0 343.0 576.0 357.0
face 0.39 484.0 389.0 497.0 404.0
face 0.39 943.0 335.0 953.0 347.0
face 0.39 402.0 382.0 417.0 398.0
face 0.39 997.0 324.0 1011.0 340.0
face 0.39 281.0 343.0 291.0 354.0
face 0.39 367.0 368.0 377.0 380.0
face 0.39 532.0 325.0 543.0 338.0
face 0.39 401.0 358.0 411.0 369.0
face 0.39 277.0 359.0 286.0 370.0
face 0.39 224.0 351.0 233.0 362.0
face 0.39 415.0 344.0 424.0 354.0
face 0.39 591.0 296.0 599.0 307.0
face 0.39 807.0 348.0 817.0 360.0
face 0.38 280.0 349.0 290.0 361.0
face 0.38 416.0 360.0 427.0 371.0
face 0.38 640.0 343.0 650.0 355.0
face 0.38 557.0 343.0 570.0 358.0
face 0.38 742.0 285.0 755.0 301.0
face 0.38 357.0 355.0 368.0 369.0
face 0.38 255.0 344.0 265.0 357.0
face 0.38 847.0 350.0 857.0 362.0
face 0.38 711.0 367.0 721.0 378.0
face 0.38 69.0 450.0 91.0 478.0
face 0.38 376.0 355.0 386.0 367.0
face 0.38 519.0 357.0 529.0 370.0
face 0.38 522.0 341.0 532.0 353.0
face 0.38 815.0 341.0 825.0 352.0
face 0.38 167.0 387.0 178.0 400.0
face 0.38 504.0 368.0 514.0 379.0
face 0.38 509.0 365.0 520.0 378.0
face 0.38 997.0 320.0 1007.0 331.0
face 0.38 901.0 327.0 913.0 340.0
face 0.37 734.0 331.0 745.0 344.0
face 0.37 353.0 350.0 364.0 363.0
face 0.37 14.0 565.0 26.0 581.0
face 0.37 902.0 335.0 913.0 346.0
face 0.37 434.0 351.0 443.0 362.0
face 0.37 519.0 351.0 529.0 362.0
face 0.37 1014.0 334.0 1024.0 348.0
face 0.37 622.0 340.0 632.0 353.0
face 0.37 656.0 326.0 665.0 338.0
face 0.37 917.0 359.0 931.0 374.0
face 0.37 303.0 324.0 312.0 335.0
face 0.37 391.0 351.0 400.0 361.0
face 0.37 232.0 350.0 242.0 362.0
face 0.37 648.0 334.0 657.0 345.0
face 0.37 366.0 325.0 376.0 336.0
face 0.37 238.0 349.0 247.0 361.0
face 0.37 959.0 312.0 968.0 323.0
face 0.37 439.0 364.0 450.0 378.0
face 0.37 640.0 375.0 653.0 390.0
face 0.37 646.0 343.0 656.0 355.0
face 0.37 654.0 365.0 665.0 376.0
face 0.37 983.0 336.0 993.0 348.0
face 0.37 63.0 355.0 74.0 369.0
face 0.37 630.0 334.0 640.0 345.0
face 0.37 383.0 352.0 393.0 363.0
face 0.37 452.0 373.0 465.0 386.0
face 0.37 396.0 364.0 410.0 380.0
face 0.37 903.0 366.0 914.0 380.0
face 0.37 878.0 352.0 888.0 364.0
face 0.37 367.0 358.0 377.0 370.0
face 0.37 512.0 360.0 522.0 371.0
face 0.37 279.0 365.0 288.0 377.0
face 0.37 410.0 344.0 419.0 354.0
face 0.37 392.0 342.0 400.0 352.0
face 0.37 183.0 356.0 192.0 367.0
face 0.37 176.0 352.0 185.0 361.0
face 0.37 168.0 336.0 178.0 347.0
face 0.37 470.0 397.0 482.0 413.0
face 0.37 286.0 348.0 295.0 360.0
face 0.37 688.0 382.0 698.0 393.0
face 0.37 408.0 351.0 417.0 362.0
face 0.37 568.0 336.0 577.0 347.0
face 0.37 701.0 332.0 711.0 345.0
face 0.37 729.0 325.0 739.0 338.0
face 0.37 503.0 342.0 512.0 353.0
face 0.37 765.0 399.0 776.0 413.0
face 0.37 608.0 317.0 617.0 328.0
face 0.37 822.0 336.0 831.0 347.0
face 0.37 149.0 349.0 163.0 365.0
face 0.37 729.0 320.0 749.0 346.0
face 0.37 504.0 335.0 513.0 346.0
face 0.37 670.0 341.0 680.0 353.0
face 0.37 185.0 342.0 194.0 352.0
face 0.37 467.0 406.0 479.0 420.0
face 0.37 952.0 327.0 962.0 338.0
face 0.37 272.0 365.0 282.0 376.0
face 0.37 872.0 357.0 884.0 371.0
face 0.37 592.0 336.0 600.0 346.0
face 0.37 614.0 326.0 623.0 335.0
face 0.37 847.0 334.0 856.0 344.0
face 0.37 1007.0 460.0 1023.0 478.0
face 0.37 85.0 348.0 96.0 361.0
face 0.37 830.0 357.0 841.0 369.0
face 0.37 1010.0 310.0 1020.0 323.0
face 0.37 124.0 402.0 140.0 419.0
face 0.37 284.0 381.0 297.0 394.0
face 0.37 518.0 320.0 528.0 333.0
face 0.37 590.0 317.0 598.0 327.0
face 0.37 496.0 350.0 505.0 360.0
face 0.37 359.0 333.0 369.0 345.0
face 0.37 342.0 398.0 354.0 413.0
face 0.37 663.0 357.0 672.0 368.0
face 0.37 543.0 335.0 552.0 345.0
face 0.37 486.0 383.0 497.0 396.0
face 0.37 766.0 350.0 776.0 362.0
face 0.37 854.0 349.0 864.0 360.0
face 0.37 788.0 342.0 801.0 357.0
face 0.37 455.0 320.0 465.0 330.0
face 0.37 223.0 374.0 234.0 387.0
face 0.37 664.0 349.0 674.0 361.0
face 0.37 191.0 321.0 200.0 331.0
face 0.37 686.0 311.0 694.0 321.0
face 0.37 391.0 391.0 401.0 403.0
face 0.37 727.0 374.0 736.0 386.0
face 0.37 841.0 342.0 850.0 353.0
face 0.37 920.0 311.0 929.0 321.0
face 0.37 479.0 395.0 490.0 408.0
face 0.37 608.0 311.0 616.0 321.0
face 0.37 888.0 337.0 899.0 349.0
face 0.37 840.0 334.0 849.0 345.0
face 0.37 559.0 357.0 570.0 370.0
face 0.37 846.0 357.0 856.0 369.0
face 0.37 560.0 328.0 569.0 337.0
face 0.37 30.0 377.0 40.0 389.0
face 0.37 360.0 344.0 369.0 355.0
face 0.37 559.0 335.0 570.0 349.0
face 0.37 975.0 333.0 987.0 347.0
face 0.37 413.0 349.0 424.0 361.0
face 0.37 639.0 367.0 649.0 378.0
face 0.36 400.0 409.0 409.0 419.0
face 0.36 911.0 302.0 920.0 313.0
face 0.36 652.0 413.0 666.0 428.0
face 0.36 503.0 350.0 512.0 360.0
face 0.36 398.0 374.0 409.0 387.0
face 0.36 175.0 358.0 185.0 369.0
face 0.36 448.0 342.0 457.0 353.0
face 0.36 200.0 328.0 209.0 338.0
face 0.36 367.0 344.0 377.0 354.0
face 0.36 494.0 382.0 506.0 396.0
face 0.36 639.0 319.0 648.0 329.0
face 0.36 776.0 342.0 788.0 356.0
face 0.36 678.0 350.0 688.0 361.0
face 0.36 261.0 372.0 275.0 387.0
face 0.36 737.0 285.0 746.0 297.0
face 0.36 692.0 405.0 706.0 423.0
face 0.36 639.0 311.0 648.0 321.0
face 0.36 232.0 344.0 241.0 355.0
face 0.36 724.0 539.0 742.0 561.0
face 0.36 248.0 342.0 258.0 354.0
face 0.36 729.0 351.0 738.0 362.0
face 0.36 670.0 311.0 678.0 321.0
face 0.36 249.0 349.0 258.0 361.0
face 0.36 576.0 328.0 585.0 338.0
face 0.36 575.0 335.0 584.0 345.0
face 0.36 609.0 336.0 617.0 346.0
face 0.36 470.0 349.0 480.0 361.0
face 0.36 878.0 343.0 888.0 354.0
face 0.36 910.0 348.0 921.0 360.0
face 0.36 462.0 325.0 471.0 336.0
face 0.36 390.0 359.0 401.0 371.0
face 0.36 360.0 328.0 370.0 338.0
face 0.36 800.0 333.0 808.0 344.0
face 0.36 568.0 327.0 577.0 337.0
face 0.36 185.0 336.0 194.0 347.0
face 0.36 631.0 343.0 642.0 357.0
face 0.36 750.0 294.0 759.0 305.0
face 0.36 376.0 366.0 386.0 378.0
face 0.36 327.0 365.0 337.0 377.0
face 0.36 526.0 356.0 537.0 369.0
face 0.36 992.0 332.0 1003.0 346.0
face 0.36 713.0 327.0 722.0 338.0
face 0.36 608.0 342.0 618.0 353.0
face 0.36 296.0 350.0 305.0 361.0
face 0.36 464.0 382.0 474.0 395.0
face 0.36 189.0 341.0 200.0 354.0
face 0.36 173.0 335.0 185.0 347.0
face 0.36 110.0 350.0 121.0 361.0
face 0.36 918.0 340.0 930.0 354.0
face 0.36 510.0 379.0 524.0 395.0
face 0.36 647.0 351.0 657.0 362.0
face 0.36 190.0 350.0 199.0 361.0
face 0.36 286.0 374.0 296.0 386.0
face 0.36 281.0 374.0 291.0 386.0
face 0.36 911.0 336.0 921.0 348.0
face 0.36 873.0 349.0 883.0 361.0
face 0.36 166.0 365.0 177.0 379.0
face 0.36 571.0 342.0 583.0 355.0
face 0.36 157.0 311.0 168.0 325.0
face 0.36 173.0 342.0 184.0 354.0
face 0.36 343.0 421.0 356.0 436.0
face 0.36 388.0 412.0 402.0 428.0
face 0.36 527.0 317.0 539.0 330.0
face 0.36 638.0 348.0 648.0 360.0
face 0.36 606.0 414.0 616.0 426.0
face 0.36 200.0 334.0 209.0 344.0
face 0.36 582.0 358.0 593.0 370.0
face 0.36 207.0 327.0 216.0 339.0
face 0.36 270.0 400.0 281.0 413.0
face 0.36 640.0 336.0 649.0 346.0
face 0.36 81.0 327.0 93.0 341.0
face 0.36 656.0 351.0 665.0 361.0
face 0.36 296.0 343.0 306.0 354.0
face 0.36 790.0 358.0 801.0 371.0
face 0.36 497.0 343.0 506.0 354.0
face 0.36 216.0 390.0 226.0 403.0
face 0.36 999.0 292.0 1009.0 304.0
face 0.36 497.0 368.0 506.0 378.0
face 0.36 933.0 327.0 943.0 338.0
face 0.36 504.0 360.0 514.0 371.0
face 0.36 777.0 336.0 786.0 346.0
face 0.36 16.0 351.0 26.0 363.0
face 0.36 190.0 335.0 200.0 346.0
face 0.36 505.0 328.0 514.0 339.0
face 0.36 358.0 363.0 371.0 379.0
face 0.36 424.0 334.0 434.0 345.0
face 0.36 686.0 390.0 697.0 402.0
face 0.36 461.0 399.0 472.0 411.0
face 0.36 608.0 326.0 617.0 337.0
face 0.36 425.0 328.0 434.0 339.0
face 0.36 686.0 328.0 695.0 338.0
face 0.36 935.0 333.0 945.0 344.0
face 0.36 615.0 335.0 627.0 348.0
face 0.36 289.0 358.0 298.0 370.0
face 0.36 456.0 350.0 466.0 362.0
face 0.36 384.0 343.0 393.0 354.0
face 0.36 584.0 335.0 593.0 345.0
face 0.36 551.0 336.0 562.0 349.0
face 0.36 102.0 351.0 113.0 363.0
face 0.36 511.0 352.0 521.0 363.0
face 0.36 480.0 342.0 489.0 353.0
face 0.36 263.0 342.0 273.0 353.0
face 0.36 439.0 358.0 449.0 370.0
face 0.36 343.0 372.0 353.0 385.0
face 0.36 168.0 327.0 178.0 338.0
face 0.36 936.0 294.0 945.0 305.0
face 0.36 127.0 374.0 136.0 384.0
face 0.36 900.0 379.0 916.0 397.0
face 0.36 167.0 357.0 177.0 370.0
face 0.36 799.0 342.0 809.0 353.0
face 0.36 225.0 334.0 233.0 344.0
face 0.36 521.0 310.0 531.0 321.0
face 0.36 287.0 328.0 296.0 338.0
face 0.36 872.0 327.0 880.0 337.0
face 0.36 416.0 310.0 425.0 321.0
face 0.36 910.0 365.0 921.0 377.0
face 0.36 68.0 363.0 82.0 380.0
face 0.36 918.0 351.0 930.0 364.0
face 0.36 214.0 316.0 223.0 327.0
face 0.36 687.0 375.0 697.0 386.0
face 0.36 351.0 343.0 362.0 355.0
face 0.36 999.0 352.0 1009.0 363.0
face 0.36 247.0 357.0 257.0 370.0
face 0.36 775.0 382.0 786.0 395.0
face 0.36 791.0 365.0 802.0 378.0
face 0.36 433.0 357.0 442.0 368.0
face 0.36 584.0 319.0 593.0 329.0
face 0.36 804.0 397.0 818.0 414.0
face 0.36 982.0 320.0 991.0 330.0
face 0.36 550.0 356.0 561.0 369.0
face 0.36 697.0 328.0 706.0 339.0
face 0.36 494.0 357.0 506.0 370.0
face 0.36 406.0 365.0 416.0 376.0
face 0.36 525.0 141.0 535.0 154.0
face 0.36 544.0 342.0 556.0 355.0
face 0.36 184.0 325.0 195.0 337.0
face 0.36 685.0 316.0 695.0 329.0
face 0.36 632.0 327.0 641.0 338.0
face 0.36 758.0 302.0 767.0 313.0
face 0.36 168.0 374.0 178.0 387.0
face 0.36 1.0 344.0 12.0 362.0
face 0.36 159.0 382.0 169.0 395.0
face 0.36 998.0 332.0 1010.0 346.0
face 0.36 1014.0 316.0 1023.0 330.0
face 0.36 240.0 326.0 249.0 337.0
face 0.36 921.0 334.0 930.0 346.0
face 0.36 415.0 374.0 425.0 387.0
face 0.36 261.0 351.0 270.0 362.0
face 0.36 663.0 374.0 673.0 386.0
face 0.36 656.0 344.0 665.0 354.0
face 0.36 760.0 334.0 769.0 345.0
face 0.36 463.0 320.0 472.0 330.0
face 0.36 39.0 349.0 49.0 362.0
face 0.36 496.0 375.0 506.0 385.0
face 0.36 536.0 344.0 545.0 355.0
face 0.36 863.0 334.0 873.0 345.0
face 0.36 942.0 317.0 952.0 328.0
face 0.36 798.0 349.0 811.0 363.0
face 0.36 430.0 328.0 440.0 338.0
face 0.36 511.0 303.0 520.0 314.0
face 0.36 953.0 319.0 962.0 329.0
face 0.36 764.0 334.0 776.0 346.0
face 0.36 680.0 327.0 689.0 337.0
face 0.36 488.0 350.0 497.0 360.0
face 0.36 958.0 325.0 971.0 342.0
face 0.36 823.0 309.0 832.0 320.0
face 0.36 549.0 420.0 561.0 433.0
face 0.36 439.0 344.0 448.0 354.0
face 0.36 953.0 311.0 962.0 322.0
face 0.36 181.0 364.0 194.0 381.0
face 0.36 942.0 311.0 952.0 322.0
face 0.36 832.0 343.0 840.0 353.0
face 0.36 374.0 375.0 385.0 387.0
face 0.36 710.0 388.0 721.0 402.0
face 0.36 6.0 349.0 17.0 361.0
face 0.36 56.0 325.0 65.0 336.0
face 0.36 200.0 350.0 209.0 362.0
face 0.36 17.0 383.0 27.0 395.0
face 0.36 16.0 391.0 26.0 403.0
face 0.36 471.0 334.0 481.0 345.0
face 0.36 534.0 302.0 544.0 314.0
face 0.36 141.0 414.0 153.0 428.0
face 0.35 807.0 335.0 817.0 346.0
face 0.35 551.0 326.0 560.0 336.0
face 0.35 214.0 359.0 224.0 370.0
face 0.35 174.0 365.0 186.0 379.0
face 0.35 656.0 320.0 665.0 331.0
face 0.35 511.0 343.0 520.0 354.0
face 0.35 472.0 327.0 482.0 338.0
face 0.35 302.0 359.0 311.0 370.0
face 0.35 95.0 376.0 105.0 388.0
face 0.35 420.0 406.0 431.0 418.0
face 0.35 256.0 336.0 265.0 346.0
face 0.35 230.0 364.0 240.0 376.0
face 0.35 576.0 312.0 584.0 322.0
face 0.35 613.0 320.0 622.0 330.0
face 0.35 550.0 320.0 559.0 329.0
face 0.35 247.0 327.0 256.0 337.0
face 0.35 623.0 365.0 635.0 379.0
face 0.35 863.0 351.0 873.0 362.0
face 0.35 576.0 318.0 584.0 328.0
face 0.35 1007.0 327.0 1017.0 338.0
face 0.35 310.0 400.0 322.0 413.0
face 0.35 638.0 326.0 648.0 336.0
face 0.35 352.0 334.0 362.0 346.0
face 0.35 124.0 566.0 136.0 582.0
face 0.35 945.0 340.0 955.0 352.0
face 0.35 927.0 352.0 936.0 362.0
face 0.35 261.0 389.0 273.0 404.0
face 0.35 545.0 351.0 554.0 362.0
face 0.35 841.0 349.0 850.0 361.0
face 0.35 8.0 359.0 18.0 371.0
face 0.35 823.0 365.0 833.0 377.0
face 0.35 487.0 343.0 496.0 354.0
face 0.35 742.0 279.0 753.0 292.0
face 0.35 375.0 382.0 385.0 394.0
face 0.35 535.0 333.0 545.0 344.0
face 0.35 100.0 451.0 116.0 471.0
face 0.35 865.0 342.0 875.0 353.0
face 0.35 639.0 304.0 647.0 313.0
face 0.35 213.0 373.0 225.0 388.0
face 0.35 112.0 333.0 121.0 344.0
face 0.35 567.0 320.0 576.0 329.0
face 0.35 991.0 344.0 1001.0 356.0
face 0.35 897.0 326.0 906.0 337.0
face 0.35 775.0 398.0 785.0 412.0
face 0.35 462.0 621.0 472.0 633.0
face 0.35 1009.0 304.0 1018.0 315.0
face 0.35 856.0 335.0 864.0 345.0
face 0.35 496.0 317.0 505.0 329.0
face 0.35 422.0 341.0 432.0 352.0
face 0.35 511.0 373.0 522.0 386.0
face 0.35 62.0 311.0 71.0 321.0
face 0.35 863.0 459.0 886.0 489.0
face 0.35 265.0 326.0 274.0 337.0
face 0.35 158.0 345.0 167.0 355.0
face 0.35 224.0 345.0 233.0 355.0
face 0.35 911.0 327.0 921.0 338.0
face 0.35 317.0 405.0 327.0 417.0
face 0.35 56.0 302.0 64.0 312.0
face 0.35 967.0 312.0 977.0 324.0
face 0.35 97.0 350.0 106.0 362.0
face 0.35 752.0 300.0 763.0 313.0
face 0.35 943.0 329.0 953.0 340.0
face 0.35 920.0 316.0 931.0 329.0
face 0.35 903.0 358.0 914.0 372.0
face 0.35 936.0 358.0 947.0 370.0
face 0.35 623.0 180.0 634.0 194.0
face 0.35 199.0 365.0 209.0 377.0
face 0.35 542.0 373.0 555.0 390.0
face 0.35 544.0 328.0 553.0 338.0
face 0.35 17.0 358.0 27.0 370.0
face 0.35 191.0 366.0 201.0 379.0
face 0.35 999.0 342.0 1008.0 353.0
face 0.35 543.0 317.0 554.0 330.0
face 0.35 717.0 368.0 727.0 380.0
face 0.35 936.0 318.0 945.0 330.0
face 0.35 118.0 371.0 130.0 384.0
face 0.35 912.0 309.0 922.0 321.0
face 0.35 783.0 365.0 794.0 378.0
face 0.35 1007.0 351.0 1017.0 362.0
face 0.35 846.0 364.0 856.0 377.0
face 0.35 662.0 316.0 673.0 329.0
face 0.35 479.0 350.0 488.0 361.0
face 0.35 631.0 364.0 642.0 376.0
face 0.35 902.0 319.0 912.0 331.0
face 0.35 558.0 446.0 568.0 460.0
face 0.35 664.0 389.0 675.0 402.0
face 0.35 478.0 335.0 489.0 347.0
face 0.35 808.0 389.0 818.0 401.0
face 0.35 352.0 327.0 361.0 338.0
face 0.35 24.0 471.0 48.0 501.0
face 0.35 263.0 319.0 272.0 329.0
face 0.35 622.0 419.0 633.0 434.0
face 0.35 774.0 318.0 783.0 328.0
face 0.35 240.0 366.0 250.0 378.0
face 0.35 551.0 451.0 565.0 469.0
face 0.35 734.0 342.0 744.0 353.0
face 0.35 333.0 430.0 344.0 445.0
face 0.35 782.0 335.0 791.0 346.0
face 0.35 368.0 320.0 378.0 332.0
face 0.35 633.0 320.0 642.0 330.0
face 0.35 573.0 348.0 585.0 363.0
face 0.35 159.0 350.0 169.0 361.0
face 0.35 327.0 357.0 339.0 372.0
face 0.35 729.0 332.0 739.0 344.0
face 0.35 430.0 333.0 439.0 344.0
face 0.35 448.0 380.0 461.0 395.0
face 0.35 264.0 381.0 275.0 394.0
face 0.35 582.0 327.0 591.0 337.0
face 0.35 556.0 428.0 570.0 446.0
face 0.35 806.0 303.0 816.0 314.0
face 0.35 926.0 341.0 936.0 353.0
face 0.35 462.0 334.0 473.0 346.0
face 0.35 513.0 320.0 522.0 331.0
face 0.35 879.0 335.0 888.0 346.0
face 0.35 687.0 334.0 696.0 344.0
face 0.35 190.0 358.0 200.0 369.0
face 0.35 973.0 310.0 984.0 322.0
face 0.35 487.0 375.0 497.0 386.0
face 0.35 648.0 319.0 656.0 328.0
face 0.35 167.0 350.0 178.0 363.0
face 0.35 199.0 343.0 208.0 354.0
face 0.35 959.0 374.0 969.0 387.0
face 0.35 751.0 279.0 760.0 290.0
face 0.35 616.0 422.0 626.0 434.0
face 0.35 327.0 350.0 337.0 361.0
face 0.35 749.0 287.0 759.0 299.0
face 0.35 463.0 343.0 474.0 355.0
face 0.35 936.0 342.0 946.0 353.0
face 0.35 582.0 341.0 594.0 354.0
face 0.35 1000.0 313.0 1009.0 323.0
face 0.35 206.0 333.0 216.0 345.0
face 0.35 247.0 382.0 258.0 395.0
face 0.35 230.0 335.0 240.0 346.0
face 0.35 431.0 343.0 442.0 355.0
face 0.35 399.0 344.0 408.0 354.0
face 0.35 697.0 319.0 705.0 329.0
face 0.35 816.0 326.0 825.0 337.0
face 0.35 376.0 336.0 384.0 345.0
face 0.35 649.0 329.0 658.0 339.0
face 0.35 518.0 376.0 528.0 389.0
face 0.35 661.0 327.0 671.0 337.0
face 0.35 765.0 357.0 777.0 370.0
face 0.35 832.0 326.0 841.0 336.0
face 0.35 255.0 391.0 267.0 404.0
face 0.35 374.0 405.0 386.0 420.0
face 0.35 272.0 352.0 282.0 363.0
