face 1.00 899.0 622.0 930.0 661.0
face 0.99 605.0 564.0 617.0 579.0
face 0.97 639.0 575.0 653.0 592.0
face 0.81 867.0 570.0 880.0 587.0
face 0.80 661.0 571.0 673.0 586.0
face 0.74 687.0 507.0 702.0 523.0
face 0.72 816.0 519.0 829.0 536.0
face 0.69 701.0 541.0 713.0 554.0
face 0.67 983.0 654.0 1009.0 679.0
face 0.67 534.0 598.0 546.0 613.0
face 0.65 551.0 589.0 562.0 602.0
face 0.63 648.0 520.0 659.0 533.0
face 0.53 571.0 587.0 585.0 605.0
face 0.52 142.0 19.0 202.0 93.0
face 0.43 842.0 588.0 854.0 602.0
face 0.43 703.0 223.0 718.0 242.0
face 0.42 749.0 378.0 763.0 395.0
face 0.41 870.0 206.0 912.0 262.0
face 0.40 842.0 133.0 898.0 196.0
face 0.39 741.0 548.0 757.0 567.0
face 0.39 538.0 603.0 552.0 619.0
face 0.39 742.0 613.0 754.0 628.0
face 0.39 375.0 380.0 386.0 395.0
face 0.38 567.0 632.0 577.0 644.0
face 0.38 731.0 605.0 745.0 621.0
face 0.37 731.0 549.0 747.0 568.0
face 0.37 437.0 604.0 454.0 623.0
face 0.37 551.0 628.0 561.0 641.0
face 0.37 749.0 611.0 761.0 625.0
face 0.37 558.0 606.0 568.0 618.0
face 0.36 672.0 565.0 682.0 577.0
face 0.36 418.0 326.0 432.0 341.0
face 0.36 767.0 563.0 778.0 577.0
face 0.36 693.0 583.0 702.0 595.0
face 0.36 552.0 613.0 561.0 625.0
face 0.36 552.0 606.0 562.0 618.0
face 0.36 687.0 574.0 697.0 586.0
face 0.36 568.0 643.0 581.0 659.0
face 0.36 757.0 519.0 767.0 532.0
face 0.36 437.0 316.0 449.0 332.0
face 0.36 695.0 558.0 707.0 572.0
face 0.36 558.0 612.0 571.0 627.0
face 0.36 767.0 541.0 778.0 554.0
face 0.35 631.0 629.0 642.0 643.0
face 0.35 623.0 634.0 635.0 650.0
face 0.35 688.0 567.0 698.0 578.0
face 0.35 635.0 621.0 651.0 639.0
face 0.35 566.0 614.0 577.0 627.0
face 0.35 966.0 541.0 978.0 555.0
face 0.35 846.0 570.0 859.0 588.0
face 0.35 750.0 555.0 760.0 568.0
face 0.35 663.0 560.0 673.0 572.0
face 0.35 264.0 606.0 274.0 619.0
