face 1.00 263.0 287.0 358.0 414.0
face 1.00 378.0 415.0 465.0 521.0
face 1.00 111.0 391.0 198.0 504.0
face 1.00 638.0 309.0 719.0 421.0
face 1.00 555.0 566.0 637.0 662.0
face 1.00 477.0 326.0 558.0 437.0
face 1.00 795.0 319.0 880.0 438.0
face 0.43 274.0 1588.0 291.0 1609.0
face 0.43 672.0 915.0 699.0 945.0
face 0.43 38.0 1035.0 83.0 1087.0
face 0.42 23.0 413.0 55.0 448.0
face 0.38 112.0 584.0 140.0 616.0
face 0.38 611.0 361.0 627.0 385.0
face 0.37 17.0 601.0 80.0 702.0
face 0.36 207.0 1588.0 220.0 1603.0
face 0.36 332.0 1377.0 347.0 1395.0
face 0.35 127.0 1590.0 137.0 1603.0
face 0.35 647.0 1595.0 657.0 1607.0
