face 1.00 235.0 446.0 308.0 544.0
face 1.00 867.0 194.0 931.0 284.0
face 1.00 483.0 412.0 554.0 508.0
face 1.00 722.0 384.0 791.0 487.0
face 1.00 771.0 126.0 846.0 216.0
face 1.00 333.0 179.0 396.0 263.0
face 1.00 145.0 173.0 211.0 258.0
face 1.00 566.0 215.0 628.0 302.0
face 1.00 454.0 184.0 520.0 273.0
face 1.00 646.0 129.0 711.0 230.0
face 0.48 669.0 718.0 692.0 751.0
face 0.42 687.0 302.0 731.0 348.0
face 0.41 276.0 653.0 287.0 667.0
face 0.39 736.0 725.0 757.0 752.0
face 0.39 284.0 682.0 296.0 696.0
face 0.38 265.0 557.0 278.0 573.0
face 0.37 289.0 606.0 299.0 619.0
face 0.36 244.0 733.0 255.0 746.0
face 0.36 255.0 675.0 265.0 687.0
face 0.36 289.0 647.0 298.0 658.0
face 0.35 271.0 666.0 284.0 681.0
face 0.35 288.0 632.0 296.0 641.0
face 0.35 340.0 129.0 354.0 149.0
face 0.35 280.0 638.0 288.0 648.0
face 0.35 254.0 566.0 263.0 578.0
face 0.35 261.0 669.0 273.0 683.0
