face 1.00 545.0 241.0 571.0 274.0
face 1.00 713.0 278.0 746.0 321.0
face 1.00 310.0 243.0 341.0 285.0
face 1.00 344.0 249.0 374.0 290.0
face 1.00 761.0 266.0 794.0 307.0
face 1.00 248.0 273.0 280.0 317.0
face 1.00 622.0 225.0 653.0 269.0
face 1.00 406.0 255.0 433.0 289.0
face 1.00 639.0 290.0 672.0 333.0
face 0.96 468.0 222.0 497.0 260.0
face 0.92 177.0 287.0 208.0 326.0
face 0.90 611.0 524.0 631.0 549.0
face 0.57 240.0 391.0 262.0 420.0
face 0.55 242.0 319.0 268.0 348.0
face 0.42 12.0 425.0 23.0 438.0
face 0.39 763.0 409.0 778.0 428.0
face 0.38 635.0 519.0 652.0 542.0
face 0.36 631.0 540.0 642.0 554.0
face 0.36 412.0 532.0 425.0 549.0
face 0.36 398.0 551.0 408.0 563.0
face 0.36 285.0 365.0 296.0 379.0
face 0.35 572.0 542.0 585.0 557.0
face 0.35 451.0 21.0 488.0 68.0
face 0.35 991.0 637.0 1002.0 649.0
