face 1.00 177.0 35.0 239.0 115.0
face 1.00 403.0 97.0 466.0 177.0
face 0.91 290.0 160.0 349.0 242.0
face 0.60 452.0 249.0 466.0 266.0
face 0.54 13.0 633.0 27.0 651.0
face 0.50 401.0 314.0 427.0 348.0
face 0.45 373.0 653.0 384.0 668.0
face 0.40 71.0 609.0 94.0 637.0
face 0.39 855.0 599.0 865.0 612.0
face 0.38 847.0 513.0 863.0 531.0
face 0.37 939.0 666.0 955.0 680.0
face 0.36 838.0 659.0 849.0 673.0
face 0.36 710.0 668.0 722.0 680.0
face 0.36 494.0 266.0 507.0 283.0
face 0.35 8.0 10.0 19.0 24.0
face 0.35 503.0 270.0 515.0 286.0
face 0.35 634.0 609.0 651.0 628.0
face 0.35 479.0 260.0 492.0 274.0
face 0.35 448.0 172.0 490.0 216.0
face 0.35 922.0 618.0 937.0 636.0
face 0.35 485.0 260.0 499.0 276.0
face 0.35 719.0 669.0 730.0 680.0
