face 1.00 276.0 525.0 318.0 577.0
face 1.00 393.0 236.0 424.0 278.0
face 1.00 893.0 227.0 930.0 277.0
face 1.00 812.0 223.0 845.0 268.0
face 1.00 129.0 231.0 165.0 279.0
face 1.00 46.0 274.0 84.0 322.0
face 1.00 251.0 232.0 286.0 281.0
face 1.00 499.0 222.0 531.0 265.0
face 1.00 652.0 212.0 688.0 258.0
face 1.00 0.0 540.0 34.0 587.0
face 1.00 143.0 553.0 179.0 597.0
face 1.00 455.0 246.0 485.0 286.0
face 1.00 574.0 239.0 603.0 274.0
face 1.00 573.0 344.0 602.0 380.0
face 0.99 384.0 332.0 411.0 368.0
face 0.98 780.0 216.0 810.0 254.0
face 0.96 316.0 271.0 345.0 306.0
face 0.94 577.0 490.0 608.0 529.0
face 0.93 705.0 201.0 739.0 247.0
face 0.93 755.0 254.0 784.0 293.0
face 0.92 329.0 244.0 359.0 280.0
face 0.92 461.0 507.0 492.0 547.0
face 0.90 646.0 562.0 680.0 602.0
face 0.89 190.0 248.0 224.0 294.0
face 0.80 550.0 314.0 577.0 349.0
face 0.70 751.0 545.0 780.0 583.0
face 0.67 969.0 235.0 1010.0 299.0
face 0.54 718.0 692.0 733.0 710.0
face 0.50 25.0 230.0 60.0 272.0
face 0.38 688.0 14.0 757.0 117.0
face 0.37 481.0 393.0 506.0 426.0
face 0.35 490.0 389.0 506.0 407.0
