face 1.00 480.0 58.0 528.0 120.0
face 1.00 727.0 29.0 771.0 89.0
face 1.00 276.0 28.0 324.0 92.0
face 1.00 383.0 95.0 427.0 153.0
face 1.00 650.0 86.0 696.0 146.0
face 1.00 830.0 47.0 875.0 108.0
face 1.00 545.0 31.0 599.0 107.0
face 1.00 115.0 35.0 166.0 98.0
face 0.91 303.0 256.0 325.0 280.0
face 0.75 859.0 128.0 978.0 252.0
face 0.70 346.0 67.0 360.0 84.0
face 0.47 42.0 200.0 71.0 241.0
face 0.46 846.0 524.0 861.0 542.0
face 0.40 399.0 497.0 442.0 542.0
face 0.36 847.0 17.0 862.0 37.0
face 0.36 612.0 99.0 629.0 119.0
face 0.36 263.0 37.0 274.0 51.0
face 0.36 350.0 23.0 360.0 34.0
face 0.35 56.0 78.0 66.0 91.0
face 0.35 619.0 2.0 633.0 18.0
