face 0.94 102.0 178.0 115.0 195.0
face 0.87 706.0 186.0 727.0 211.0
face 0.85 736.0 190.0 748.0 203.0
face 0.82 806.0 190.0 818.0 204.0
face 0.71 351.0 179.0 362.0 193.0
face 0.67 760.0 187.0 771.0 200.0
face 0.59 936.0 197.0 947.0 210.0
face 0.51 543.0 189.0 553.0 202.0
face 0.50 177.0 285.0 196.0 309.0
face 0.50 516.0 187.0 527.0 201.0
face 0.48 67.0 191.0 80.0 207.0
face 0.45 112.0 195.0 124.0 211.0
face 0.45 304.0 173.0 314.0 185.0
face 0.44 880.0 178.0 894.0 197.0
face 0.41 616.0 221.0 629.0 238.0
face 0.40 186.0 189.0 201.0 206.0
face 0.40 291.0 186.0 307.0 207.0
face 0.40 469.0 405.0 480.0 418.0
face 0.39 486.0 186.0 501.0 203.0
face 0.38 828.0 193.0 842.0 209.0
face 0.38 155.0 196.0 169.0 212.0
face 0.37 166.0 191.0 179.0 206.0
face 0.37 213.0 191.0 223.0 202.0
face 0.37 85.0 189.0 97.0 204.0
face 0.37 513.0 183.0 523.0 195.0
face 0.37 226.0 182.0 237.0 196.0
face 0.37 421.0 156.0 432.0 168.0
face 0.36 102.0 205.0 113.0 219.0
face 0.36 594.0 436.0 607.0 452.0
face 0.36 834.0 189.0 848.0 206.0
face 0.36 639.0 221.0 649.0 234.0
face 0.36 95.0 191.0 105.0 203.0
face 0.36 80.0 190.0 90.0 203.0
face 0.36 326.0 192.0 337.0 205.0
face 0.35 152.0 192.0 163.0 205.0
face 0.35 239.0 220.0 249.0 233.0
face 0.35 206.0 197.0 218.0 209.0
face 0.35 172.0 188.0 185.0 203.0
face 0.35 316.0 188.0 333.0 206.0
face 0.35 312.0 188.0 322.0 201.0
face 0.35 958.0 420.0 970.0 435.0
face 0.35 384.0 189.0 395.0 202.0
face 0.35 528.0 180.0 538.0 193.0
face 0.35 869.0 189.0 883.0 206.0
