face 1.00 563.0 275.0 649.0 390.0
face 0.77 142.0 383.0 153.0 396.0
face 0.65 605.0 436.0 617.0 450.0
face 0.62 897.0 294.0 907.0 306.0
face 0.60 975.0 142.0 985.0 155.0
face 0.59 66.0 399.0 80.0 415.0
face 0.58 40.0 565.0 52.0 580.0
face 0.54 526.0 437.0 537.0 449.0
face 0.50 318.0 539.0 328.0 551.0
face 0.48 869.0 147.0 882.0 161.0
face 0.47 943.0 138.0 956.0 154.0
face 0.45 583.0 437.0 592.0 448.0
face 0.43 448.0 467.0 461.0 482.0
face 0.41 365.0 451.0 381.0 470.0
face 0.41 903.0 147.0 917.0 166.0
face 0.40 180.0 546.0 195.0 564.0
face 0.40 862.0 142.0 873.0 154.0
face 0.39 379.0 498.0 396.0 517.0
face 0.39 319.0 448.0 329.0 460.0
face 0.39 337.0 462.0 347.0 474.0
face 0.39 667.0 445.0 678.0 458.0
face 0.39 361.0 461.0 370.0 473.0
face 0.39 540.0 446.0 551.0 458.0
face 0.38 51.0 397.0 65.0 414.0
face 0.38 349.0 469.0 359.0 482.0
face 0.38 438.0 508.0 448.0 521.0
face 0.38 164.0 540.0 177.0 556.0
face 0.38 143.0 548.0 156.0 562.0
face 0.38 568.0 455.0 577.0 465.0
face 0.38 808.0 356.0 818.0 369.0
face 0.38 32.0 478.0 41.0 489.0
face 0.38 149.0 541.0 161.0 556.0
face 0.38 847.0 325.0 857.0 338.0
face 0.37 174.0 534.0 186.0 549.0
face 0.37 702.0 334.0 712.0 346.0
face 0.37 238.0 559.0 249.0 571.0
face 0.37 517.0 466.0 531.0 483.0
face 0.37 446.0 540.0 458.0 554.0
face 0.37 246.0 548.0 258.0 564.0
face 0.37 31.0 551.0 40.0 562.0
face 0.37 734.0 170.0 747.0 187.0
face 0.37 269.0 429.0 284.0 446.0
face 0.37 957.0 270.0 967.0 281.0
face 0.37 271.0 553.0 285.0 572.0
face 0.37 839.0 350.0 850.0 362.0
face 0.37 805.0 165.0 817.0 178.0
face 0.37 108.0 542.0 122.0 558.0
face 0.37 14.0 560.0 24.0 572.0
face 0.37 559.0 447.0 568.0 457.0
face 0.37 312.0 558.0 322.0 570.0
face 0.37 31.0 525.0 41.0 536.0
face 0.37 920.0 279.0 931.0 292.0
face 0.37 838.0 166.0 850.0 180.0
face 0.37 583.0 455.0 593.0 467.0
face 0.37 783.0 366.0 798.0 382.0
face 0.37 784.0 344.0 794.0 355.0
face 0.37 822.0 147.0 835.0 164.0
face 0.37 32.0 559.0 41.0 570.0
face 0.37 326.0 451.0 338.0 464.0
face 0.37 255.0 461.0 264.0 473.0
face 0.37 293.0 564.0 305.0 579.0
face 0.37 336.0 559.0 345.0 570.0
face 0.37 318.0 558.0 328.0 570.0
face 0.37 152.0 536.0 162.0 547.0
face 0.37 863.0 333.0 873.0 346.0
face 0.36 840.0 344.0 851.0 355.0
face 0.36 366.0 478.0 377.0 491.0
face 0.36 560.0 453.0 570.0 464.0
face 0.36 261.0 549.0 276.0 567.0
face 0.36 574.0 470.0 584.0 483.0
face 0.36 332.0 436.0 345.0 451.0
face 0.36 894.0 142.0 906.0 156.0
face 0.36 943.0 279.0 952.0 291.0
face 0.36 222.0 546.0 235.0 563.0
face 0.36 313.0 536.0 323.0 548.0
face 0.36 937.0 142.0 947.0 154.0
face 0.36 710.0 238.0 720.0 249.0
face 0.36 499.0 515.0 513.0 533.0
face 0.36 38.0 561.0 49.0 573.0
face 0.36 246.0 540.0 256.0 553.0
face 0.36 983.0 271.0 991.0 280.0
face 0.36 168.0 453.0 180.0 467.0
face 0.36 582.0 446.0 592.0 458.0
face 0.36 511.0 484.0 521.0 497.0
face 0.36 904.0 143.0 914.0 155.0
face 0.36 925.0 284.0 936.0 296.0
face 0.36 1007.0 172.0 1018.0 184.0
face 0.36 133.0 543.0 145.0 556.0
face 0.36 286.0 471.0 296.0 483.0
face 0.36 775.0 342.0 785.0 353.0
face 0.36 64.0 391.0 74.0 402.0
face 0.36 334.0 455.0 345.0 468.0
face 0.36 144.0 557.0 157.0 571.0
face 0.36 998.0 135.0 1008.0 147.0
face 0.36 70.0 382.0 82.0 396.0
face 0.36 957.0 401.0 968.0 414.0
face 0.36 331.0 444.0 344.0 458.0
face 0.36 310.0 550.0 320.0 562.0
face 0.36 727.0 335.0 737.0 345.0
face 0.36 41.0 463.0 50.0 473.0
face 0.36 576.0 447.0 585.0 457.0
face 0.36 32.0 565.0 42.0 577.0
face 0.36 22.0 567.0 33.0 579.0
face 0.36 205.0 536.0 218.0 554.0
face 0.36 70.0 439.0 81.0 449.0
face 0.36 30.0 462.0 41.0 474.0
face 0.36 70.0 391.0 81.0 404.0
face 0.36 967.0 139.0 981.0 155.0
face 0.36 721.0 350.0 731.0 362.0
face 0.36 839.0 357.0 849.0 368.0
face 0.36 238.0 549.0 252.0 565.0
face 0.36 415.0 500.0 429.0 517.0
face 0.36 722.0 355.0 736.0 370.0
face 0.36 326.0 518.0 337.0 532.0
face 0.36 126.0 546.0 138.0 561.0
face 0.36 983.0 285.0 993.0 297.0
face 0.36 327.0 550.0 337.0 562.0
face 0.36 684.0 183.0 698.0 199.0
face 0.36 128.0 375.0 137.0 385.0
face 0.36 189.0 534.0 203.0 550.0
face 0.36 248.0 557.0 257.0 569.0
face 0.36 967.0 134.0 977.0 147.0
face 0.36 925.0 260.0 936.0 273.0
face 0.36 575.0 453.0 586.0 466.0
face 0.36 751.0 349.0 761.0 361.0
face 0.36 718.0 375.0 727.0 386.0
face 0.36 54.0 558.0 66.0 572.0
face 0.36 941.0 244.0 953.0 258.0
face 0.36 952.0 264.0 962.0 276.0
face 0.36 278.0 550.0 289.0 564.0
face 0.36 24.0 463.0 34.0 473.0
face 0.36 206.0 456.0 216.0 468.0
face 0.36 254.0 555.0 268.0 571.0
face 0.36 182.0 536.0 192.0 549.0
face 0.36 567.0 431.0 577.0 443.0
face 0.36 38.0 486.0 48.0 499.0
face 0.36 767.0 363.0 780.0 378.0
face 0.36 960.0 148.0 971.0 162.0
face 0.36 853.0 128.0 862.0 138.0
face 0.36 158.0 535.0 169.0 547.0
face 0.36 959.0 133.0 971.0 148.0
face 0.36 901.0 372.0 914.0 388.0
face 0.36 710.0 381.0 722.0 395.0
face 0.36 727.0 343.0 737.0 354.0
face 0.36 23.0 456.0 32.0 467.0
face 0.36 116.0 542.0 129.0 557.0
face 0.36 16.0 447.0 25.0 457.0
face 0.36 895.0 341.0 911.0 359.0
face 0.36 118.0 381.0 128.0 393.0
face 0.36 807.0 341.0 819.0 355.0
face 0.36 999.0 271.0 1008.0 281.0
face 0.36 326.0 557.0 338.0 571.0
face 0.36 86.0 557.0 97.0 569.0
face 0.36 229.0 542.0 238.0 554.0
face 0.36 302.0 445.0 312.0 457.0
face 0.36 775.0 350.0 786.0 361.0
face 0.36 510.0 421.0 521.0 433.0
face 0.36 878.0 143.0 887.0 154.0
face 0.36 903.0 310.0 913.0 322.0
face 0.36 593.0 403.0 603.0 418.0
face 0.36 831.0 351.0 842.0 362.0
face 0.35 568.0 448.0 577.0 459.0
face 0.35 704.0 382.0 714.0 393.0
face 0.35 62.0 429.0 74.0 441.0
face 0.35 791.0 359.0 800.0 369.0
face 0.35 917.0 131.0 928.0 144.0
face 0.35 558.0 462.0 568.0 474.0
face 0.35 831.0 357.0 842.0 369.0
face 0.35 846.0 341.0 855.0 353.0
face 0.35 983.0 261.0 994.0 274.0
face 0.35 991.0 138.0 1005.0 155.0
face 0.35 262.0 461.0 271.0 472.0
face 0.35 519.0 454.0 529.0 466.0
face 0.35 807.0 334.0 818.0 346.0
face 0.35 335.0 550.0 346.0 562.0
face 0.35 340.0 463.0 354.0 480.0
face 0.35 751.0 343.0 761.0 354.0
face 0.35 493.0 482.0 507.0 500.0
face 0.35 1008.0 247.0 1018.0 257.0
face 0.35 975.0 263.0 984.0 273.0
face 0.35 936.0 133.0 946.0 145.0
face 0.35 912.0 132.0 923.0 146.0
face 0.35 549.0 446.0 562.0 460.0
face 0.35 752.0 367.0 763.0 378.0
face 0.35 900.0 277.0 911.0 290.0
face 0.35 552.0 454.0 562.0 465.0
face 0.35 767.0 343.0 777.0 355.0
face 0.35 641.0 446.0 649.0 456.0
face 0.35 774.0 174.0 784.0 185.0
face 0.35 61.0 556.0 74.0 570.0
face 0.35 39.0 456.0 49.0 467.0
face 0.35 349.0 454.0 362.0 469.0
face 0.35 705.0 238.0 715.0 249.0
face 0.35 902.0 303.0 911.0 314.0
face 0.35 267.0 540.0 280.0 556.0
face 0.35 511.0 454.0 521.0 465.0
face 0.35 9.0 559.0 19.0 571.0
face 0.35 1007.0 271.0 1017.0 282.0
face 0.35 704.0 245.0 714.0 256.0
face 0.35 712.0 334.0 721.0 345.0
face 0.35 309.0 563.0 321.0 580.0
face 0.35 561.0 439.0 570.0 451.0
face 0.35 23.0 519.0 34.0 531.0
face 0.35 590.0 429.0 600.0 443.0
face 0.35 599.0 413.0 609.0 424.0
face 0.35 279.0 461.0 288.0 473.0
face 0.35 750.0 359.0 761.0 371.0
face 0.35 711.0 245.0 720.0 255.0
face 0.35 303.0 548.0 316.0 563.0
face 0.35 304.0 542.0 314.0 554.0
face 0.35 829.0 372.0 843.0 390.0
face 0.35 46.0 517.0 57.0 531.0
face 0.35 700.0 355.0 712.0 369.0
face 0.35 47.0 471.0 57.0 482.0
face 0.35 766.0 349.0 777.0 361.0
face 0.35 942.0 381.0 955.0 396.0
face 0.35 33.0 445.0 41.0 456.0
face 0.35 832.0 318.0 841.0 328.0
face 0.35 1010.0 254.0 1019.0 265.0
face 0.35 333.0 566.0 344.0 579.0
face 0.35 239.0 532.0 254.0 549.0
face 0.35 319.0 549.0 330.0 563.0
face 0.35 366.0 472.0 376.0 484.0
face 0.35 773.0 196.0 787.0 213.0
face 0.35 789.0 373.0 801.0 386.0
face 0.35 768.0 181.0 777.0 192.0
face 0.35 814.0 350.0 825.0 363.0
face 0.35 1007.0 133.0 1016.0 144.0
face 0.35 775.0 335.0 785.0 346.0
face 0.35 38.0 447.0 47.0 457.0
face 0.35 719.0 343.0 730.0 354.0
face 0.35 149.0 565.0 159.0 576.0
face 0.35 37.0 479.0 48.0 491.0
face 0.35 919.0 341.0 929.0 353.0
face 0.35 143.0 454.0 154.0 468.0
face 0.35 121.0 431.0 133.0 444.0
face 0.35 800.0 187.0 811.0 201.0
face 0.35 622.0 422.0 632.0 434.0
face 0.35 536.0 452.0 546.0 465.0
face 0.35 271.0 471.0 280.0 482.0
face 0.35 343.0 558.0 353.0 570.0
face 0.35 222.0 556.0 233.0 569.0
face 0.35 303.0 470.0 313.0 482.0
