face 1.00 413.0 169.0 664.0 445.0
face 1.00 340.0 535.0 600.0 821.0
face 1.00 701.0 776.0 980.0 1046.0
face 0.96 281.0 203.0 554.0 490.0
face 0.80 630.0 527.0 652.0 553.0
face 0.64 754.0 425.0 845.0 521.0
face 0.40 706.0 1067.0 720.0 1083.0
face 0.38 640.0 505.0 682.0 563.0
face 0.38 84.0 33.0 212.0 168.0
face 0.37 190.0 558.0 255.0 617.0
face 0.37 668.0 17.0 803.0 157.0
face 0.36 667.0 957.0 683.0 977.0
face 0.36 668.0 500.0 680.0 514.0
face 0.35 601.0 542.0 610.0 553.0
face 0.35 493.0 1012.0 503.0 1024.0
face 0.35 685.0 972.0 700.0 991.0
face 0.35 653.0 511.0 665.0 525.0
