face 1.00 99.0 156.0 142.0 214.0
face 1.00 948.0 143.0 989.0 188.0
face 0.97 541.0 211.0 573.0 255.0
face 0.94 567.0 192.0 606.0 247.0
face 0.93 856.0 113.0 903.0 176.0
face 0.91 530.0 247.0 551.0 276.0
face 0.85 299.0 115.0 337.0 170.0
face 0.65 635.0 163.0 679.0 216.0
face 0.62 320.0 630.0 361.0 673.0
face 0.55 278.0 292.0 331.0 351.0
face 0.54 412.0 246.0 428.0 267.0
face 0.48 433.0 257.0 453.0 278.0
face 0.45 35.0 371.0 51.0 390.0
face 0.43 6.0 483.0 79.0 612.0
face 0.38 463.0 359.0 507.0 423.0
face 0.37 411.0 547.0 427.0 565.0
face 0.37 332.0 301.0 349.0 322.0
face 0.36 764.0 83.0 781.0 106.0
face 0.36 7.0 310.0 30.0 337.0
face 0.36 75.0 195.0 90.0 214.0
