face 0.94 400.0 489.0 721.0 784.0
face 0.78 31.0 581.0 56.0 609.0
face 0.73 339.0 128.0 361.0 157.0
face 0.72 823.0 496.0 870.0 552.0
face 0.67 847.0 370.0 863.0 391.0
face 0.65 13.0 399.0 28.0 418.0
face 0.62 574.0 21.0 587.0 37.0
face 0.62 69.0 742.0 79.0 754.0
face 0.61 1007.0 268.0 1019.0 283.0
face 0.57 80.0 214.0 93.0 229.0
face 0.55 448.0 132.0 462.0 150.0
face 0.55 279.0 429.0 290.0 442.0
face 0.54 269.0 222.0 280.0 235.0
face 0.54 58.0 835.0 81.0 866.0
face 0.51 860.0 318.0 877.0 338.0
face 0.50 630.0 64.0 641.0 77.0
face 0.50 936.0 87.0 947.0 100.0
face 0.50 108.0 146.0 126.0 167.0
face 0.50 318.0 609.0 330.0 622.0
face 0.49 890.0 405.0 907.0 427.0
face 0.49 175.0 748.0 190.0 766.0
face 0.48 413.0 710.0 425.0 724.0
face 0.47 157.0 484.0 168.0 498.0
face 0.47 37.0 248.0 52.0 265.0
face 0.45 74.0 453.0 86.0 467.0
face 0.44 119.0 632.0 139.0 657.0
face 0.44 621.0 14.0 633.0 27.0
face 0.44 290.0 701.0 312.0 731.0
face 0.43 461.0 52.0 476.0 70.0
face 0.42 69.0 518.0 80.0 530.0
face 0.42 318.0 372.0 330.0 387.0
face 0.41 389.0 702.0 414.0 730.0
face 0.41 245.0 354.0 260.0 371.0
face 0.41 735.0 101.0 746.0 114.0
face 0.41 716.0 123.0 731.0 141.0
face 0.41 142.0 465.0 156.0 483.0
face 0.41 356.0 245.0 386.0 276.0
face 0.40 197.0 608.0 208.0 621.0
face 0.40 141.0 511.0 154.0 527.0
face 0.40 328.0 198.0 338.0 212.0
face 0.40 148.0 180.0 164.0 197.0
face 0.40 347.0 53.0 369.0 80.0
face 0.39 706.0 83.0 720.0 99.0
face 0.39 0.0 436.0 11.0 453.0
face 0.39 316.0 460.0 333.0 480.0
face 0.39 12.0 770.0 25.0 786.0
face 0.39 238.0 492.0 255.0 512.0
face 0.39 790.0 329.0 805.0 349.0
face 0.39 148.0 590.0 174.0 620.0
face 0.38 61.0 567.0 72.0 581.0
face 0.38 10.0 427.0 27.0 446.0
face 0.38 917.0 292.0 929.0 307.0
face 0.38 4.0 540.0 21.0 560.0
face 0.38 782.0 80.0 793.0 94.0
face 0.38 935.0 212.0 948.0 228.0
face 0.38 508.0 42.0 521.0 59.0
face 0.38 53.0 577.0 68.0 595.0
face 0.38 311.0 578.0 325.0 595.0
face 0.38 304.0 611.0 316.0 626.0
face 0.37 356.0 139.0 369.0 153.0
face 0.37 630.0 87.0 641.0 99.0
face 0.37 349.0 139.0 361.0 154.0
face 0.37 350.0 205.0 361.0 219.0
face 0.37 23.0 567.0 35.0 581.0
face 0.37 85.0 742.0 97.0 756.0
face 0.37 319.0 646.0 330.0 659.0
face 0.37 824.0 473.0 835.0 486.0
face 0.37 742.0 126.0 754.0 139.0
face 0.37 962.0 155.0 977.0 171.0
face 0.37 156.0 517.0 169.0 533.0
face 0.37 207.0 644.0 218.0 658.0
face 0.37 614.0 116.0 628.0 132.0
face 0.37 20.0 442.0 36.0 461.0
face 0.37 949.0 260.0 963.0 277.0
face 0.37 275.0 98.0 292.0 117.0
face 0.37 543.0 22.0 553.0 34.0
face 0.37 302.0 200.0 312.0 212.0
face 0.37 902.0 293.0 912.0 304.0
face 0.37 356.0 609.0 369.0 628.0
face 0.37 825.0 503.0 849.0 531.0
face 0.37 870.0 267.0 882.0 281.0
face 0.37 126.0 470.0 136.0 482.0
face 0.36 616.0 77.0 626.0 89.0
face 0.36 959.0 78.0 970.0 90.0
face 0.36 953.0 149.0 963.0 161.0
face 0.36 878.0 319.0 888.0 332.0
face 0.36 254.0 147.0 264.0 160.0
face 0.36 62.0 599.0 73.0 613.0
face 0.36 962.0 380.0 973.0 394.0
face 0.36 72.0 556.0 86.0 573.0
face 0.36 379.0 609.0 395.0 629.0
face 0.36 301.0 176.0 312.0 187.0
face 0.36 164.0 485.0 178.0 501.0
face 0.36 926.0 307.0 943.0 327.0
face 0.36 507.0 18.0 520.0 32.0
face 0.36 317.0 197.0 331.0 213.0
face 0.36 132.0 388.0 144.0 401.0
face 0.36 246.0 464.0 279.0 508.0
face 0.36 174.0 678.0 184.0 690.0
face 0.36 980.0 349.0 991.0 363.0
face 0.36 142.0 565.0 151.0 576.0
face 0.36 622.0 78.0 632.0 89.0
face 0.36 879.0 296.0 888.0 308.0
face 0.36 719.0 101.0 729.0 113.0
face 0.36 925.0 179.0 939.0 196.0
face 0.36 118.0 125.0 128.0 137.0
face 0.36 244.0 82.0 260.0 102.0
face 0.36 61.0 420.0 73.0 435.0
face 0.36 718.0 95.0 728.0 107.0
face 0.36 275.0 365.0 292.0 384.0
face 0.36 309.0 204.0 321.0 219.0
face 0.36 152.0 670.0 165.0 685.0
face 0.36 894.0 191.0 904.0 204.0
face 0.36 132.0 441.0 148.0 459.0
face 0.36 527.0 23.0 536.0 34.0
face 0.36 753.0 94.0 762.0 106.0
face 0.36 967.0 179.0 981.0 197.0
face 0.36 895.0 173.0 905.0 185.0
face 0.36 835.0 409.0 852.0 430.0
face 0.36 343.0 470.0 355.0 485.0
face 0.36 952.0 142.0 963.0 155.0
face 0.36 871.0 318.0 881.0 332.0
face 0.36 879.0 277.0 890.0 289.0
face 0.36 77.0 238.0 89.0 251.0
face 0.36 982.0 94.0 992.0 106.0
face 0.36 942.0 167.0 953.0 179.0
face 0.36 144.0 503.0 155.0 516.0
face 0.36 767.0 149.0 777.0 162.0
face 0.36 286.0 601.0 300.0 618.0
face 0.36 246.0 45.0 257.0 58.0
face 0.36 221.0 129.0 236.0 149.0
face 0.36 302.0 348.0 315.0 365.0
face 0.36 941.0 173.0 954.0 188.0
face 0.36 984.0 388.0 997.0 403.0
face 0.36 948.0 205.0 960.0 220.0
face 0.36 771.0 123.0 785.0 143.0
face 0.36 329.0 381.0 340.0 395.0
face 0.36 728.0 101.0 739.0 113.0
face 0.36 89.0 462.0 99.0 474.0
face 0.36 678.0 174.0 693.0 192.0
face 0.36 155.0 316.0 168.0 333.0
face 0.36 366.0 132.0 380.0 149.0
face 0.36 304.0 258.0 316.0 274.0
face 0.36 149.0 499.0 163.0 516.0
face 0.36 233.0 33.0 256.0 58.0
face 0.36 116.0 444.0 131.0 461.0
face 0.36 768.0 132.0 779.0 146.0
face 0.36 397.0 226.0 414.0 246.0
face 0.36 948.0 174.0 961.0 188.0
face 0.35 135.0 490.0 146.0 506.0
face 0.35 151.0 493.0 162.0 507.0
face 0.35 318.0 10.0 344.0 42.0
face 0.35 838.0 214.0 849.0 227.0
face 0.35 382.0 327.0 392.0 340.0
face 0.35 20.0 123.0 35.0 143.0
face 0.35 295.0 236.0 306.0 248.0
face 0.35 342.0 573.0 356.0 591.0
face 0.35 143.0 183.0 154.0 196.0
face 0.35 864.0 221.0 876.0 234.0
face 0.35 951.0 436.0 962.0 449.0
face 0.35 967.0 403.0 982.0 420.0
face 0.35 374.0 140.0 385.0 153.0
face 0.35 936.0 173.0 946.0 186.0
face 0.35 775.0 20.0 789.0 37.0
face 0.35 199.0 653.0 209.0 665.0
face 0.35 566.0 28.0 577.0 41.0
face 0.35 192.0 453.0 202.0 465.0
face 0.35 678.0 51.0 690.0 65.0
face 0.35 673.0 53.0 683.0 64.0
face 0.35 638.0 69.0 650.0 83.0
face 0.35 376.0 156.0 389.0 170.0
face 0.35 982.0 356.0 992.0 370.0
face 0.35 360.0 133.0 370.0 146.0
face 0.35 142.0 579.0 155.0 594.0
face 0.35 136.0 462.0 146.0 474.0
face 0.35 284.0 251.0 296.0 266.0
face 0.35 557.0 139.0 570.0 156.0
face 0.35 150.0 511.0 161.0 523.0
face 0.35 806.0 165.0 818.0 179.0
face 0.35 300.0 633.0 314.0 651.0
face 0.35 151.0 597.0 162.0 611.0
face 0.35 167.0 543.0 177.0 555.0
face 0.35 357.0 635.0 372.0 655.0
face 0.35 911.0 176.0 920.0 187.0
face 0.35 323.0 620.0 336.0 635.0
face 0.35 864.0 263.0 875.0 276.0
face 0.35 238.0 143.0 248.0 155.0
face 0.35 687.0 54.0 697.0 66.0
face 0.35 204.0 52.0 217.0 69.0
face 0.35 931.0 186.0 946.0 203.0
face 0.35 735.0 85.0 745.0 97.0
face 0.35 591.0 22.0 601.0 33.0
face 0.35 1006.0 19.0 1020.0 35.0
face 0.35 192.0 611.0 203.0 625.0
face 0.35 989.0 69.0 1002.0 83.0
face 0.35 182.0 677.0 194.0 691.0
face 0.35 142.0 493.0 153.0 507.0
face 0.35 958.0 151.0 970.0 163.0
face 0.35 254.0 12.0 266.0 27.0
face 0.35 80.0 749.0 90.0 761.0
face 0.35 814.0 147.0 826.0 161.0
face 0.35 411.0 222.0 427.0 243.0
face 0.35 333.0 190.0 345.0 205.0
face 0.35 926.0 94.0 936.0 105.0
face 0.35 270.0 108.0 282.0 123.0
face 0.35 70.0 524.0 81.0 537.0
face 0.35 283.0 92.0 299.0 109.0
face 0.35 957.0 141.0 969.0 153.0
face 0.35 182.0 26.0 197.0 47.0
face 0.35 126.0 486.0 138.0 501.0
face 0.35 743.0 95.0 752.0 106.0
face 0.35 311.0 609.0 322.0 622.0
face 0.35 45.0 508.0 59.0 524.0
face 0.35 692.0 38.0 703.0 51.0
face 0.35 606.0 21.0 616.0 33.0
face 0.35 127.0 464.0 137.0 476.0
face 0.35 878.0 271.0 889.0 283.0
face 0.35 885.0 173.0 898.0 187.0
face 0.35 358.0 221.0 370.0 236.0
face 0.35 980.0 163.0 993.0 180.0
face 0.35 885.0 301.0 895.0 314.0
face 0.35 69.0 654.0 83.0 671.0
face 0.35 136.0 181.0 146.0 195.0
face 0.35 966.0 79.0 978.0 92.0
face 0.35 190.0 671.0 200.0 682.0
face 0.35 316.0 190.0 328.0 204.0
face 0.35 942.0 207.0 955.0 223.0
face 0.35 896.0 293.0 907.0 306.0
face 0.35 718.0 109.0 729.0 123.0
face 0.35 211.0 51.0 225.0 67.0
face 0.35 740.0 69.0 752.0 83.0
face 0.35 636.0 93.0 650.0 107.0
face 0.35 303.0 423.0 312.0 435.0
face 0.35 344.0 506.0 354.0 521.0
face 0.35 694.0 59.0 706.0 73.0
