face 1.00 309.0 228.0 369.0 340.0
face 1.00 556.0 282.0 615.0 358.0
face 1.00 468.0 306.0 530.0 387.0
face 0.96 93.0 205.0 208.0 338.0
face 0.77 457.0 454.0 571.0 548.0
face 0.72 128.0 334.0 154.0 365.0
face 0.69 810.0 1027.0 852.0 1068.0
face 0.65 34.0 354.0 51.0 375.0
face 0.56 46.0 565.0 57.0 580.0
face 0.50 457.0 692.0 480.0 720.0
face 0.47 646.0 853.0 675.0 885.0
face 0.44 102.0 444.0 114.0 460.0
face 0.44 958.0 447.0 1027.0 570.0
face 0.40 410.0 145.0 520.0 276.0
face 0.39 399.0 320.0 425.0 349.0
face 0.37 48.0 548.0 59.0 560.0
face 0.36 489.0 695.0 500.0 709.0
face 0.36 53.0 543.0 64.0 555.0
face 0.36 131.0 940.0 147.0 958.0
face 0.36 0.0 424.0 12.0 445.0
face 0.36 6.0 453.0 16.0 465.0
face 0.36 279.0 265.0 310.0 304.0
face 0.36 68.0 384.0 84.0 404.0
face 0.35 718.0 567.0 819.0 682.0
face 0.35 32.0 470.0 43.0 483.0
