face 1.00 207.0 493.0 242.0 541.0
face 0.99 350.0 379.0 367.0 398.0
face 0.80 978.0 476.0 997.0 497.0
face 0.79 981.0 409.0 993.0 424.0
face 0.72 525.0 347.0 538.0 363.0
face 0.65 814.0 371.0 827.0 385.0
face 0.64 945.0 505.0 959.0 524.0
face 0.64 957.0 158.0 967.0 171.0
face 0.64 118.0 271.0 128.0 283.0
face 0.62 734.0 293.0 747.0 308.0
face 0.62 555.0 369.0 569.0 388.0
face 0.61 901.0 334.0 910.0 345.0
face 0.60 535.0 318.0 547.0 332.0
face 0.60 679.0 309.0 690.0 322.0
face 0.60 661.0 330.0 673.0 345.0
face 0.60 885.0 373.0 899.0 389.0
face 0.59 562.0 272.0 573.0 284.0
face 0.58 274.0 551.0 294.0 579.0
face 0.57 647.0 334.0 657.0 347.0
face 0.56 913.0 403.0 926.0 418.0
face 0.55 815.0 293.0 825.0 306.0
face 0.54 293.0 363.0 306.0 378.0
face 0.53 47.0 277.0 55.0 287.0
face 0.51 504.0 285.0 515.0 298.0
face 0.50 271.0 523.0 286.0 544.0
face 0.49 658.0 242.0 669.0 255.0
face 0.49 922.0 304.0 932.0 316.0
face 0.48 894.0 368.0 907.0 382.0
face 0.48 695.0 309.0 704.0 320.0
face 0.48 432.0 285.0 441.0 296.0
face 0.47 888.0 460.0 902.0 478.0
face 0.47 980.0 438.0 996.0 460.0
face 0.47 393.0 350.0 403.0 363.0
face 0.47 730.0 362.0 744.0 381.0
face 0.46 133.0 308.0 148.0 324.0
face 0.46 181.0 480.0 196.0 499.0
face 0.45 524.0 273.0 539.0 293.0
face 0.45 790.0 452.0 802.0 467.0
face 0.45 864.0 425.0 878.0 446.0
face 0.45 668.0 349.0 683.0 367.0
face 0.45 931.0 422.0 949.0 439.0
face 0.45 348.0 448.0 366.0 472.0
face 0.45 317.0 308.0 330.0 326.0
face 0.44 1.0 377.0 25.0 413.0
face 0.44 843.0 457.0 867.0 485.0
face 0.44 893.0 452.0 917.0 481.0
face 0.43 629.0 281.0 645.0 300.0
face 0.43 365.0 406.0 375.0 418.0
face 0.43 165.0 332.0 207.0 383.0
face 0.42 435.0 478.0 449.0 497.0
face 0.42 161.0 212.0 171.0 225.0
face 0.42 918.0 278.0 928.0 290.0
face 0.42 384.0 325.0 393.0 336.0
face 0.41 53.0 291.0 66.0 308.0
face 0.41 127.0 278.0 137.0 289.0
face 0.41 450.0 269.0 459.0 281.0
face 0.41 658.0 278.0 674.0 295.0
face 0.41 66.0 283.0 81.0 298.0
face 0.41 71.0 307.0 111.0 353.0
face 0.41 38.0 299.0 50.0 314.0
face 0.41 596.0 301.0 609.0 316.0
face 0.41 268.0 309.0 280.0 325.0
face 0.41 321.0 360.0 333.0 373.0
face 0.41 908.0 421.0 923.0 439.0
face 0.40 589.0 281.0 602.0 298.0
face 0.40 741.0 286.0 754.0 302.0
face 0.40 848.0 358.0 858.0 371.0
face 0.40 127.0 309.0 138.0 322.0
face 0.40 685.0 333.0 695.0 347.0
face 0.40 660.0 300.0 672.0 317.0
face 0.40 437.0 303.0 446.0 314.0
face 0.40 977.0 378.0 999.0 402.0
face 0.40 438.0 284.0 449.0 296.0
face 0.40 854.0 375.0 865.0 389.0
face 0.40 304.0 316.0 314.0 329.0
face 0.40 257.0 327.0 267.0 338.0
face 0.39 311.0 316.0 321.0 328.0
face 0.39 74.0 268.0 86.0 282.0
face 0.39 788.0 319.0 801.0 335.0
face 0.39 126.0 283.0 138.0 298.0
face 0.39 526.0 365.0 536.0 378.0
face 0.39 575.0 310.0 585.0 322.0
face 0.39 519.0 333.0 530.0 346.0
face 0.39 270.0 374.0 280.0 387.0
face 0.39 895.0 310.0 904.0 321.0
face 0.39 270.0 357.0 281.0 370.0
face 0.39 664.0 350.0 674.0 363.0
face 0.39 591.0 365.0 603.0 378.0
face 0.39 325.0 492.0 338.0 513.0
face 0.39 789.0 357.0 804.0 373.0
face 0.39 964.0 325.0 976.0 340.0
face 0.39 137.0 293.0 147.0 304.0
face 0.39 446.0 286.0 458.0 299.0
face 0.39 55.0 286.0 65.0 299.0
face 0.38 269.0 381.0 280.0 395.0
face 0.38 752.0 303.0 762.0 315.0
face 0.38 38.0 287.0 48.0 297.0
face 0.38 162.0 204.0 174.0 220.0
face 0.38 341.0 444.0 357.0 466.0
face 0.38 613.0 291.0 624.0 306.0
face 0.38 155.0 274.0 170.0 292.0
face 0.38 750.0 295.0 760.0 306.0
face 0.38 3.0 361.0 17.0 379.0
face 0.38 456.0 301.0 466.0 313.0
face 0.38 990.0 317.0 1000.0 329.0
face 0.38 682.0 327.0 692.0 340.0
face 0.38 320.0 293.0 331.0 305.0
face 0.38 136.0 272.0 145.0 282.0
face 0.38 409.0 263.0 420.0 275.0
face 0.38 693.0 341.0 705.0 356.0
face 0.38 41.0 278.0 52.0 289.0
face 0.38 871.0 380.0 882.0 394.0
face 0.38 602.0 341.0 618.0 356.0
face 0.38 446.0 278.0 458.0 292.0
face 0.38 774.0 283.0 789.0 299.0
face 0.38 293.0 389.0 307.0 404.0
face 0.38 518.0 406.0 529.0 419.0
face 0.38 558.0 294.0 569.0 307.0
face 0.38 170.0 236.0 179.0 248.0
face 0.38 423.0 271.0 432.0 282.0
face 0.38 32.0 319.0 43.0 331.0
face 0.38 22.0 285.0 33.0 297.0
face 0.38 708.0 401.0 724.0 419.0
face 0.38 336.0 277.0 349.0 291.0
face 0.38 495.0 310.0 505.0 322.0
face 0.38 342.0 289.0 357.0 308.0
face 0.38 262.0 372.0 275.0 386.0
face 0.38 288.0 320.0 298.0 331.0
face 0.38 897.0 327.0 906.0 337.0
face 0.38 920.0 349.0 929.0 359.0
face 0.37 656.0 308.0 666.0 320.0
face 0.37 496.0 317.0 505.0 328.0
face 0.37 133.0 278.0 145.0 291.0
face 0.37 687.0 239.0 698.0 252.0
face 0.37 607.0 318.0 617.0 330.0
face 0.37 765.0 343.0 777.0 356.0
face 0.37 703.0 340.0 715.0 355.0
face 0.37 886.0 333.0 895.0 344.0
face 0.37 975.0 324.0 987.0 340.0
face 0.37 269.0 365.0 280.0 379.0
face 0.37 815.0 325.0 826.0 338.0
face 0.37 895.0 303.0 904.0 314.0
face 0.37 301.0 292.0 313.0 306.0
face 0.37 302.0 351.0 312.0 363.0
face 0.37 163.0 276.0 175.0 290.0
face 0.37 423.0 279.0 432.0 289.0
face 0.37 151.0 272.0 161.0 283.0
face 0.37 216.0 197.0 228.0 212.0
face 0.37 518.0 387.0 531.0 403.0
face 0.37 886.0 295.0 895.0 305.0
face 0.37 877.0 390.0 888.0 402.0
face 0.37 950.0 317.0 960.0 329.0
face 0.37 302.0 390.0 313.0 404.0
face 0.37 173.0 230.0 183.0 242.0
face 0.37 775.0 294.0 786.0 306.0
face 0.37 23.0 280.0 33.0 291.0
face 0.37 697.0 260.0 710.0 273.0
face 0.37 762.0 520.0 796.0 561.0
face 0.37 423.0 263.0 433.0 275.0
face 0.37 575.0 381.0 588.0 398.0
face 0.37 261.0 270.0 273.0 285.0
face 0.37 425.0 288.0 434.0 298.0
face 0.37 137.0 288.0 146.0 299.0
face 0.37 940.0 332.0 952.0 345.0
face 0.37 823.0 302.0 833.0 314.0
face 0.37 879.0 309.0 890.0 324.0
face 0.37 829.0 303.0 840.0 315.0
face 0.37 287.0 389.0 299.0 403.0
face 0.37 866.0 286.0 875.0 297.0
face 0.37 398.0 286.0 411.0 301.0
face 0.37 820.0 296.0 831.0 308.0
face 0.37 895.0 318.0 904.0 329.0
face 0.37 143.0 276.0 155.0 290.0
face 0.37 1008.0 325.0 1022.0 341.0
face 0.37 525.0 333.0 537.0 348.0
face 0.37 462.0 302.0 471.0 313.0
face 0.37 899.0 372.0 912.0 386.0
face 0.37 1007.0 357.0 1017.0 369.0
face 0.37 423.0 318.0 433.0 331.0
face 0.37 455.0 286.0 464.0 297.0
face 0.37 574.0 331.0 587.0 347.0
face 0.37 424.0 294.0 433.0 305.0
face 0.37 263.0 301.0 274.0 317.0
face 0.37 570.0 358.0 584.0 374.0
face 0.37 743.0 279.0 752.0 290.0
face 0.37 231.0 460.0 255.0 489.0
face 0.37 500.0 395.0 514.0 412.0
face 0.37 479.0 271.0 489.0 284.0
face 0.37 796.0 362.0 808.0 377.0
face 0.37 967.0 309.0 976.0 320.0
face 0.37 598.0 295.0 608.0 308.0
face 0.37 294.0 318.0 306.0 332.0
face 0.37 796.0 318.0 808.0 333.0
face 0.37 463.0 287.0 472.0 297.0
face 0.37 335.0 326.0 346.0 339.0
face 0.37 717.0 285.0 730.0 301.0
face 0.37 295.0 269.0 304.0 282.0
face 0.37 496.0 333.0 506.0 344.0
face 0.37 111.0 286.0 123.0 301.0
face 0.37 583.0 322.0 597.0 340.0
face 0.37 683.0 394.0 697.0 413.0
face 0.37 342.0 319.0 353.0 331.0
face 0.37 160.0 220.0 169.0 232.0
face 0.37 524.0 381.0 536.0 396.0
face 0.37 33.0 287.0 41.0 297.0
face 0.37 95.0 277.0 105.0 289.0
face 0.37 895.0 393.0 905.0 405.0
face 0.37 704.0 350.0 712.0 361.0
face 0.37 487.0 367.0 497.0 377.0
face 0.37 871.0 308.0 881.0 322.0
face 0.37 710.0 343.0 720.0 354.0
face 0.37 999.0 359.0 1010.0 370.0
face 0.37 886.0 301.0 898.0 315.0
face 0.37 499.0 327.0 511.0 341.0
face 0.37 452.0 308.0 465.0 323.0
face 0.37 695.0 365.0 705.0 376.0
face 0.37 261.0 333.0 273.0 347.0
face 0.37 623.0 279.0 633.0 291.0
face 0.37 585.0 285.0 595.0 297.0
face 0.37 552.0 366.0 563.0 381.0
face 0.37 704.0 335.0 714.0 347.0
face 0.37 391.0 292.0 401.0 304.0
face 0.37 319.0 352.0 329.0 363.0
face 0.37 990.0 293.0 1001.0 308.0
face 0.37 767.0 336.0 777.0 347.0
face 0.37 912.0 320.0 922.0 331.0
face 0.37 904.0 351.0 912.0 361.0
face 0.37 805.0 349.0 817.0 362.0
face 0.37 798.0 286.0 808.0 298.0
face 0.37 670.0 301.0 682.0 316.0
face 0.37 567.0 457.0 591.0 488.0
face 0.37 295.0 294.0 304.0 306.0
face 0.37 583.0 294.0 592.0 306.0
face 0.37 749.0 288.0 760.0 300.0
face 0.37 553.0 279.0 562.0 289.0
face 0.37 140.0 314.0 152.0 329.0
face 0.37 807.0 302.0 816.0 313.0
face 0.37 910.0 382.0 920.0 394.0
face 0.37 680.0 358.0 689.0 369.0
face 0.37 278.0 374.0 287.0 386.0
face 0.37 31.0 279.0 41.0 290.0
face 0.37 215.0 212.0 225.0 225.0
face 0.37 152.0 336.0 164.0 350.0
face 0.37 311.0 294.0 320.0 305.0
face 0.37 839.0 324.0 850.0 338.0
face 0.37 136.0 262.0 145.0 273.0
face 0.37 863.0 457.0 875.0 475.0
face 0.37 21.0 295.0 33.0 308.0
face 0.37 607.0 287.0 617.0 298.0
face 0.37 328.0 327.0 338.0 338.0
face 0.37 479.0 311.0 488.0 322.0
face 0.37 982.0 334.0 993.0 347.0
face 0.37 646.0 346.0 658.0 361.0
face 0.37 693.0 326.0 705.0 339.0
face 0.37 870.0 303.0 879.0 314.0
face 0.37 53.0 280.0 64.0 292.0
face 0.37 342.0 326.0 352.0 338.0
face 0.36 825.0 309.0 834.0 320.0
face 0.36 774.0 377.0 787.0 396.0
face 0.36 765.0 293.0 779.0 308.0
face 0.36 470.0 271.0 481.0 283.0
face 0.36 952.0 301.0 962.0 312.0
face 0.36 607.0 301.0 617.0 313.0
face 0.36 278.0 399.0 289.0 413.0
face 0.36 837.0 363.0 850.0 379.0
face 0.36 479.0 296.0 488.0 306.0
face 0.36 558.0 287.0 567.0 298.0
face 0.36 870.0 327.0 880.0 340.0
face 0.36 487.0 288.0 495.0 298.0
face 0.36 687.0 340.0 698.0 354.0
face 0.36 439.0 271.0 451.0 284.0
face 0.36 23.0 318.0 33.0 329.0
face 0.36 496.0 296.0 505.0 306.0
face 0.36 902.0 415.0 914.0 428.0
face 0.36 511.0 342.0 521.0 354.0
face 0.36 271.0 335.0 281.0 347.0
face 0.36 320.0 270.0 329.0 281.0
face 0.36 197.0 275.0 210.0 290.0
face 0.36 631.0 271.0 641.0 282.0
face 0.36 408.0 269.0 418.0 280.0
face 0.36 324.0 287.0 337.0 302.0
face 0.36 975.0 309.0 985.0 321.0
face 0.36 701.0 358.0 713.0 372.0
face 0.36 310.0 343.0 320.0 355.0
face 0.36 13.0 318.0 24.0 333.0
face 0.36 791.0 275.0 804.0 291.0
face 0.36 38.0 309.0 48.0 321.0
face 0.36 581.0 309.0 593.0 324.0
face 0.36 655.0 272.0 666.0 285.0
face 0.36 32.0 325.0 42.0 338.0
face 0.36 398.0 335.0 407.0 345.0
face 0.36 296.0 311.0 308.0 324.0
face 0.36 366.0 388.0 378.0 403.0
face 0.36 680.0 341.0 691.0 353.0
face 0.36 429.0 317.0 442.0 331.0
face 0.36 559.0 263.0 569.0 275.0
face 0.36 464.0 310.0 473.0 321.0
face 0.36 460.0 295.0 471.0 308.0
face 0.36 896.0 351.0 905.0 361.0
face 0.36 943.0 327.0 953.0 339.0
face 0.36 807.0 366.0 819.0 382.0
face 0.36 911.0 326.0 920.0 336.0
face 0.36 128.0 295.0 137.0 306.0
face 0.36 728.0 286.0 738.0 299.0
face 0.36 987.0 536.0 1003.0 555.0
face 0.36 31.0 270.0 40.0 281.0
face 0.36 142.0 286.0 151.0 298.0
face 0.36 400.0 317.0 409.0 329.0
face 0.36 431.0 292.0 441.0 304.0
face 0.36 758.0 278.0 768.0 290.0
face 0.36 672.0 318.0 682.0 330.0
face 0.36 871.0 315.0 883.0 331.0
face 0.36 276.0 382.0 288.0 395.0
face 0.36 176.0 224.0 185.0 235.0
face 0.36 567.0 297.0 576.0 308.0
face 0.36 902.0 280.0 911.0 290.0
face 0.36 718.0 326.0 727.0 338.0
face 0.36 292.0 381.0 306.0 396.0
face 0.36 415.0 279.0 425.0 291.0
face 0.36 711.0 295.0 721.0 307.0
face 0.36 391.0 327.0 400.0 338.0
face 0.36 805.0 285.0 819.0 302.0
face 0.36 613.0 347.0 626.0 362.0
face 0.36 576.0 294.0 586.0 306.0
face 0.36 957.0 308.0 968.0 321.0
face 0.36 112.0 277.0 121.0 288.0
face 0.36 373.0 389.0 386.0 403.0
face 0.36 663.0 320.0 673.0 332.0
face 0.36 670.0 343.0 681.0 356.0
face 0.36 966.0 334.0 976.0 345.0
face 0.36 762.0 348.0 774.0 362.0
face 0.36 583.0 301.0 593.0 313.0
face 0.36 623.0 270.0 634.0 284.0
face 0.36 583.0 344.0 592.0 356.0
face 0.36 704.0 326.0 713.0 338.0
face 0.36 376.0 342.0 385.0 352.0
face 0.36 933.0 326.0 946.0 341.0
face 0.36 990.0 346.0 1004.0 363.0
face 0.36 466.0 271.0 475.0 282.0
face 0.36 760.0 294.0 770.0 306.0
face 0.36 566.0 308.0 578.0 323.0
face 0.36 798.0 297.0 811.0 314.0
face 0.36 301.0 300.0 314.0 316.0
face 0.36 655.0 343.0 666.0 354.0
face 0.36 448.0 311.0 457.0 322.0
face 0.36 454.0 317.0 464.0 328.0
face 0.36 645.0 307.0 659.0 322.0
face 0.36 127.0 261.0 138.0 274.0
face 0.36 862.0 374.0 874.0 387.0
face 0.36 840.0 311.0 851.0 323.0
face 0.36 484.0 380.0 498.0 397.0
face 0.36 416.0 319.0 426.0 330.0
face 0.36 495.0 303.0 505.0 315.0
face 0.36 264.0 350.0 273.0 362.0
face 0.36 903.0 301.0 912.0 313.0
face 0.36 488.0 334.0 499.0 347.0
face 0.36 975.0 342.0 985.0 354.0
face 0.36 448.0 303.0 458.0 313.0
face 0.36 398.0 308.0 409.0 323.0
face 0.36 613.0 324.0 624.0 340.0
face 0.36 730.0 294.0 739.0 305.0
face 0.36 279.0 390.0 289.0 402.0
face 0.36 270.0 341.0 280.0 352.0
face 0.36 879.0 287.0 889.0 298.0
face 0.36 176.0 182.0 186.0 193.0
face 0.36 478.0 302.0 488.0 313.0
face 0.36 639.0 240.0 648.0 251.0
face 0.36 576.0 342.0 586.0 353.0
face 0.36 22.0 302.0 32.0 313.0
face 0.36 263.0 343.0 273.0 354.0
face 0.36 1.0 268.0 12.0 285.0
face 0.36 424.0 256.0 433.0 266.0
face 0.36 414.0 269.0 425.0 282.0
face 0.36 687.0 319.0 697.0 330.0
face 0.36 912.0 343.0 922.0 354.0
face 0.36 103.0 272.0 112.0 282.0
face 0.36 406.0 286.0 415.0 297.0
face 0.36 413.0 349.0 423.0 362.0
face 0.36 41.0 272.0 50.0 282.0
face 0.36 308.0 273.0 321.0 287.0
face 0.36 1009.0 310.0 1019.0 321.0
face 0.36 560.0 301.0 570.0 313.0
face 0.36 822.0 350.0 832.0 361.0
face 0.36 904.0 382.0 914.0 393.0
face 0.36 400.0 327.0 409.0 338.0
face 0.36 168.0 296.0 179.0 309.0
face 0.36 903.0 285.0 912.0 296.0
face 0.36 863.0 293.0 874.0 308.0
face 0.36 532.0 282.0 547.0 299.0
face 0.36 677.0 417.0 690.0 434.0
face 0.36 703.0 319.0 713.0 331.0
face 0.36 270.0 304.0 279.0 316.0
face 0.36 336.0 294.0 346.0 307.0
face 0.36 598.0 287.0 608.0 298.0
face 0.36 863.0 302.0 875.0 317.0
face 0.36 592.0 308.0 603.0 321.0
face 0.36 728.0 302.0 738.0 313.0
face 0.36 676.0 296.0 688.0 310.0
face 0.36 836.0 372.0 849.0 389.0
face 0.36 848.0 296.0 857.0 306.0
face 0.36 702.0 389.0 714.0 402.0
face 0.36 720.0 358.0 733.0 371.0
face 0.36 575.0 269.0 584.0 280.0
face 0.36 781.0 300.0 793.0 314.0
face 0.36 182.0 279.0 191.0 290.0
face 0.36 414.0 310.0 424.0 321.0
face 0.36 647.0 319.0 657.0 330.0
face 0.36 816.0 352.0 825.0 362.0
face 0.36 415.0 303.0 425.0 315.0
face 0.36 671.0 366.0 682.0 380.0
face 0.36 7.0 286.0 17.0 297.0
face 0.36 591.0 372.0 603.0 385.0
face 0.36 265.0 357.0 275.0 369.0
face 0.36 983.0 285.0 994.0 299.0
face 0.36 472.0 311.0 481.0 322.0
face 0.36 531.0 398.0 546.0 416.0
face 0.36 888.0 319.0 896.0 329.0
face 0.36 520.0 318.0 529.0 329.0
face 0.36 550.0 300.0 561.0 314.0
face 0.36 663.0 292.0 673.0 306.0
face 0.36 311.0 302.0 321.0 314.0
face 0.36 622.0 205.0 634.0 221.0
face 0.36 439.0 295.0 448.0 307.0
face 0.36 518.0 397.0 529.0 412.0
face 0.36 855.0 296.0 864.0 306.0
face 0.36 640.0 326.0 650.0 338.0
face 0.36 142.0 303.0 151.0 314.0
face 0.36 439.0 307.0 449.0 321.0
face 0.36 669.0 445.0 681.0 460.0
face 0.36 277.0 358.0 287.0 369.0
face 0.36 848.0 303.0 857.0 314.0
face 0.36 999.0 340.0 1008.0 352.0
face 0.36 112.0 264.0 122.0 275.0
face 0.36 431.0 270.0 439.0 281.0
face 0.36 301.0 357.0 310.0 369.0
face 0.36 168.0 184.0 177.0 194.0
face 0.36 512.0 264.0 522.0 275.0
face 0.36 839.0 286.0 848.0 296.0
face 0.36 974.0 349.0 985.0 361.0
face 0.36 102.0 286.0 113.0 298.0
face 0.36 534.0 341.0 544.0 353.0
face 0.36 997.0 365.0 1009.0 379.0
face 0.36 718.0 294.0 728.0 305.0
face 0.36 336.0 285.0 346.0 297.0
face 0.36 639.0 284.0 650.0 298.0
face 0.36 136.0 302.0 146.0 315.0
face 0.36 640.0 309.0 649.0 321.0
face 0.36 849.0 285.0 858.0 296.0
face 0.36 955.0 499.0 972.0 518.0
face 0.36 264.0 317.0 274.0 329.0
face 0.36 502.0 319.0 512.0 329.0
face 0.36 879.0 326.0 891.0 340.0
face 0.36 854.0 302.0 864.0 313.0
face 0.36 351.0 318.0 360.0 329.0
face 0.36 710.0 319.0 721.0 331.0
face 0.36 465.0 278.0 474.0 289.0
face 0.36 623.0 261.0 632.0 272.0
face 0.36 807.0 307.0 818.0 322.0
face 0.36 264.0 387.0 276.0 402.0
face 0.36 704.0 296.0 714.0 308.0
face 0.36 151.0 245.0 161.0 257.0
face 0.36 166.0 199.0 176.0 212.0
face 0.36 881.0 294.0 891.0 304.0
face 0.36 9.0 326.0 20.0 340.0
face 0.36 719.0 277.0 732.0 292.0
face 0.36 887.0 396.0 900.0 411.0
face 0.36 400.0 342.0 409.0 354.0
face 0.36 182.0 271.0 191.0 282.0
face 0.36 396.0 271.0 409.0 285.0
face 0.36 336.0 320.0 345.0 330.0
face 0.36 945.0 319.0 956.0 332.0
face 0.36 311.0 334.0 320.0 346.0
face 0.36 790.0 342.0 802.0 356.0
face 0.36 623.0 213.0 633.0 226.0
face 0.36 575.0 304.0 585.0 315.0
face 0.36 392.0 334.0 401.0 345.0
face 0.36 622.0 199.0 632.0 210.0
face 0.36 710.0 324.0 723.0 339.0
face 0.36 742.0 311.0 752.0 323.0
face 0.36 293.0 330.0 305.0 346.0
face 0.36 672.0 310.0 682.0 322.0
face 0.36 31.0 334.0 42.0 346.0
face 0.36 534.0 276.0 545.0 290.0
face 0.36 1014.0 318.0 1024.0 332.0
face 0.36 642.0 343.0 651.0 353.0
face 0.36 767.0 455.0 779.0 470.0
face 0.36 504.0 342.0 513.0 353.0
face 0.36 527.0 310.0 537.0 321.0
face 0.36 575.0 287.0 585.0 299.0
face 0.36 832.0 366.0 842.0 378.0
face 0.36 804.0 357.0 816.0 370.0
face 0.36 678.0 352.0 689.0 363.0
face 0.36 902.0 396.0 913.0 409.0
face 0.36 389.0 317.0 402.0 332.0
face 0.36 785.0 370.0 800.0 386.0
face 0.36 754.0 307.0 766.0 323.0
face 0.36 33.0 302.0 43.0 314.0
face 0.36 800.0 349.0 810.0 361.0
face 0.36 795.0 465.0 809.0 483.0
face 0.36 285.0 397.0 298.0 412.0
face 0.36 791.0 301.0 801.0 313.0
face 0.36 373.0 382.0 384.0 394.0
face 0.36 285.0 331.0 298.0 347.0
face 0.36 159.0 302.0 170.0 314.0
face 0.36 566.0 342.0 578.0 354.0
face 0.36 137.0 255.0 146.0 267.0
face 0.35 710.0 365.0 720.0 377.0
face 0.35 487.0 327.0 497.0 338.0
face 0.35 903.0 319.0 913.0 331.0
face 0.35 341.0 364.0 353.0 378.0
face 0.35 407.0 310.0 416.0 321.0
face 0.35 552.0 271.0 561.0 282.0
face 0.35 431.0 256.0 440.0 265.0
face 0.35 927.0 404.0 939.0 419.0
face 0.35 559.0 308.0 571.0 323.0
face 0.35 494.0 381.0 504.0 393.0
face 0.35 532.0 406.0 553.0 431.0
face 0.35 174.0 277.0 186.0 291.0
face 0.35 424.0 301.0 432.0 312.0
face 0.35 408.0 279.0 417.0 291.0
face 0.35 620.0 341.0 632.0 356.0
face 0.35 473.0 295.0 482.0 305.0
face 0.35 367.0 277.0 377.0 291.0
face 0.35 519.0 269.0 530.0 282.0
face 0.35 772.0 341.0 784.0 356.0
face 0.35 296.0 276.0 305.0 288.0
face 0.35 312.0 356.0 324.0 370.0
face 0.35 480.0 317.0 489.0 328.0
face 0.35 736.0 309.0 746.0 321.0
face 0.35 870.0 285.0 881.0 298.0
face 0.35 271.0 398.0 282.0 410.0
face 0.35 588.0 270.0 601.0 283.0
face 0.35 174.0 245.0 184.0 256.0
face 0.35 440.0 247.0 449.0 258.0
face 0.35 592.0 293.0 603.0 306.0
face 0.35 357.0 276.0 369.0 289.0
face 0.35 143.0 237.0 155.0 252.0
face 0.35 16.0 285.0 25.0 296.0
face 0.35 32.0 294.0 41.0 305.0
face 0.35 991.0 366.0 1003.0 379.0
face 0.35 151.0 175.0 161.0 187.0
face 0.35 672.0 295.0 682.0 307.0
face 0.35 655.0 319.0 665.0 330.0
face 0.35 290.0 360.0 299.0 371.0
face 0.35 639.0 292.0 649.0 304.0
face 0.35 845.0 309.0 858.0 325.0
face 0.35 296.0 301.0 306.0 313.0
face 0.35 897.0 340.0 907.0 353.0
face 0.35 296.0 352.0 306.0 364.0
face 0.35 340.0 331.0 352.0 347.0
face 0.35 479.0 286.0 490.0 299.0
face 0.35 498.0 428.0 511.0 444.0
face 0.35 471.0 318.0 480.0 328.0
face 0.35 965.0 429.0 977.0 442.0
face 0.35 32.0 312.0 42.0 323.0
face 0.35 848.0 278.0 860.0 291.0
face 0.35 391.0 382.0 400.0 393.0
face 0.35 631.0 197.0 642.0 209.0
face 0.35 542.0 381.0 553.0 393.0
face 0.35 430.0 264.0 439.0 274.0
face 0.35 983.0 309.0 993.0 322.0
face 0.35 184.0 215.0 193.0 226.0
face 0.35 5.0 263.0 16.0 276.0
face 0.35 438.0 316.0 450.0 331.0
face 0.35 993.0 358.0 1003.0 370.0
face 0.35 303.0 323.0 313.0 337.0
face 0.35 415.0 257.0 424.0 267.0
face 0.35 488.0 342.0 498.0 353.0
face 0.35 535.0 264.0 546.0 275.0
face 0.35 903.0 359.0 913.0 371.0
face 0.35 527.0 327.0 536.0 338.0
face 0.35 542.0 420.0 554.0 436.0
face 0.35 449.0 255.0 457.0 265.0
face 0.35 182.0 221.0 193.0 234.0
face 0.35 798.0 279.0 810.0 291.0
face 0.35 805.0 344.0 815.0 355.0
face 0.35 452.0 262.0 463.0 277.0
face 0.35 655.0 349.0 666.0 362.0
face 0.35 334.0 363.0 346.0 378.0
face 0.35 464.0 318.0 473.0 329.0
face 0.35 119.0 287.0 129.0 299.0
face 0.35 622.0 254.0 632.0 266.0
face 0.35 598.0 365.0 610.0 379.0
face 0.35 398.0 278.0 410.0 291.0
face 0.35 690.0 509.0 706.0 528.0
face 0.35 487.0 293.0 496.0 304.0
face 0.35 1000.0 278.0 1009.0 289.0
face 0.35 757.0 303.0 767.0 315.0
face 0.35 975.0 429.0 989.0 447.0
face 0.35 568.0 263.0 578.0 275.0
face 0.35 918.0 335.0 928.0 346.0
face 0.35 881.0 373.0 891.0 386.0
face 0.35 256.0 319.0 266.0 332.0
face 0.35 784.0 343.0 793.0 353.0
face 0.35 822.0 358.0 832.0 370.0
face 0.35 822.0 367.0 832.0 380.0
face 0.35 40.0 334.0 50.0 346.0
face 0.35 880.0 301.0 891.0 316.0
face 0.35 32.0 381.0 42.0 394.0
face 0.35 727.0 351.0 737.0 362.0
face 0.35 662.0 341.0 673.0 354.0
face 0.35 287.0 312.0 297.0 323.0
face 0.35 414.0 325.0 426.0 339.0
face 0.35 389.0 523.0 421.0 557.0
face 0.35 159.0 198.0 169.0 211.0
face 0.35 431.0 309.0 442.0 322.0
face 0.35 175.0 189.0 186.0 203.0
face 0.35 358.0 357.0 372.0 374.0
face 0.35 631.0 415.0 641.0 427.0
face 0.35 159.0 239.0 169.0 251.0
face 0.35 479.0 264.0 489.0 276.0
face 0.35 122.0 160.0 131.0 171.0
face 0.35 102.0 278.0 113.0 290.0
face 0.35 726.0 309.0 736.0 320.0
face 0.35 184.0 352.0 194.0 365.0
face 0.35 767.0 301.0 776.0 313.0
face 0.35 513.0 335.0 523.0 346.0
face 0.35 992.0 258.0 1003.0 273.0
face 0.35 837.0 278.0 848.0 292.0
face 0.35 415.0 334.0 424.0 344.0
face 0.35 944.0 352.0 953.0 363.0
face 0.35 830.0 297.0 841.0 308.0
face 0.35 48.0 284.0 58.0 296.0
face 0.35 871.0 356.0 882.0 370.0
face 0.35 274.0 309.0 287.0 324.0
face 0.35 638.0 436.0 650.0 452.0
face 0.35 853.0 317.0 864.0 329.0
face 0.35 871.0 295.0 880.0 306.0
face 0.35 560.0 333.0 570.0 344.0
face 0.35 567.0 317.0 577.0 328.0
face 0.35 567.0 429.0 578.0 442.0
face 0.35 253.0 285.0 267.0 300.0
face 0.35 917.0 423.0 928.0 435.0
face 0.35 974.0 294.0 984.0 306.0
face 0.35 782.0 419.0 793.0 433.0
face 0.35 952.0 312.0 961.0 323.0
face 0.35 550.0 358.0 561.0 372.0
face 0.35 888.0 310.0 897.0 322.0
face 0.35 382.0 367.0 392.0 378.0
face 0.35 472.0 287.0 481.0 297.0
face 0.35 495.0 272.0 506.0 283.0
face 0.35 46.0 333.0 56.0 345.0
face 0.35 895.0 297.0 904.0 307.0
face 0.35 328.0 319.0 337.0 329.0
face 0.35 308.0 388.0 321.0 403.0
face 0.35 750.0 358.0 761.0 369.0
face 0.35 303.0 375.0 312.0 386.0
face 0.35 928.0 327.0 938.0 339.0
face 0.35 260.0 284.0 273.0 298.0
face 0.35 918.0 317.0 927.0 328.0
face 0.35 878.0 279.0 889.0 291.0
face 0.35 912.0 311.0 922.0 322.0
face 0.35 815.0 311.0 825.0 323.0
face 0.35 772.0 533.0 788.0 555.0
face 0.35 191.0 238.0 201.0 249.0
face 0.35 879.0 358.0 889.0 370.0
face 0.35 367.0 310.0 376.0 321.0
face 0.35 767.0 286.0 777.0 298.0
face 0.35 814.0 356.0 827.0 372.0
face 0.35 622.0 349.0 632.0 360.0
face 0.35 184.0 207.0 193.0 217.0
face 0.35 886.0 288.0 896.0 299.0
face 0.35 648.0 239.0 657.0 250.0
face 0.35 651.0 436.0 664.0 452.0
face 0.35 646.0 294.0 656.0 306.0
face 0.35 783.0 469.0 794.0 482.0
face 0.35 153.0 302.0 162.0 313.0
face 0.35 503.0 350.0 514.0 364.0
face 0.35 937.0 383.0 956.0 404.0
face 0.35 495.0 351.0 504.0 361.0
face 0.35 277.0 302.0 289.0 316.0
face 0.35 279.0 335.0 289.0 348.0
face 0.35 984.0 318.0 995.0 330.0
face 0.35 510.0 349.0 521.0 362.0
face 0.35 749.0 364.0 764.0 382.0
face 0.35 631.0 422.0 641.0 434.0
face 0.35 278.0 318.0 288.0 329.0
face 0.35 433.0 223.0 442.0 234.0
face 0.35 983.0 303.0 994.0 315.0
face 0.35 853.0 308.0 865.0 323.0
face 0.35 632.0 292.0 642.0 305.0
face 0.35 279.0 278.0 289.0 291.0
face 0.35 1007.0 340.0 1018.0 352.0
face 0.35 136.0 325.0 147.0 337.0
face 0.35 403.0 291.0 416.0 307.0
face 0.35 520.0 283.0 530.0 297.0
face 0.35 568.0 255.0 577.0 265.0
face 0.35 670.0 326.0 681.0 338.0
face 0.35 631.0 264.0 641.0 274.0
face 0.35 349.0 292.0 360.0 305.0
face 0.35 287.0 324.0 299.0 339.0
face 0.35 294.0 212.0 306.0 228.0
face 0.35 631.0 437.0 643.0 452.0
face 0.35 455.0 255.0 465.0 266.0
face 0.35 1007.0 279.0 1018.0 291.0
face 0.35 512.0 318.0 520.0 329.0
