face 1.00 380.0 262.0 677.0 579.0
face 1.00 244.0 260.0 371.0 486.0
face 0.96 958.0 1456.0 989.0 1495.0
face 0.94 680.0 398.0 872.0 634.0
face 0.93 14.0 165.0 229.0 419.0
face 0.78 310.0 153.0 340.0 185.0
face 0.62 18.0 1253.0 221.0 1475.0
face 0.54 690.0 1250.0 707.0 1270.0
face 0.49 771.0 1412.0 799.0 1447.0
face 0.43 585.0 1485.0 595.0 1497.0
face 0.42 19.0 374.0 78.0 438.0
face 0.42 105.0 334.0 212.0 462.0
face 0.42 104.0 353.0 162.0 415.0
face 0.39 694.0 1508.0 706.0 1522.0
face 0.36 34.0 107.0 64.0 142.0
face 0.35 203.0 1067.0 365.0 1262.0
