face 0.72 133.0 388.0 145.0 403.0
face 0.67 114.0 311.0 127.0 327.0
face 0.60 582.0 268.0 594.0 283.0
face 0.60 795.0 527.0 808.0 545.0
face 0.60 649.0 285.0 670.0 314.0
face 0.59 469.0 541.0 482.0 556.0
face 0.58 945.0 507.0 959.0 526.0
face 0.57 282.0 409.0 296.0 429.0
face 0.57 290.0 366.0 304.0 383.0
face 0.54 621.0 628.0 641.0 653.0
face 0.54 696.0 481.0 718.0 508.0
face 0.53 523.0 213.0 537.0 230.0
face 0.51 13.0 151.0 29.0 170.0
face 0.51 189.0 196.0 211.0 228.0
face 0.51 670.0 289.0 683.0 305.0
face 0.50 457.0 190.0 481.0 218.0
face 0.50 938.0 448.0 962.0 476.0
face 0.49 552.0 358.0 560.0 369.0
face 0.49 511.0 398.0 526.0 417.0
face 0.48 458.0 360.0 467.0 371.0
face 0.48 288.0 264.0 301.0 282.0
face 0.48 399.0 671.0 426.0 706.0
face 0.47 420.0 366.0 430.0 378.0
face 0.47 221.0 210.0 235.0 229.0
face 0.47 254.0 295.0 264.0 307.0
face 0.47 754.0 683.0 769.0 701.0
face 0.46 979.0 1.0 1016.0 37.0
face 0.45 694.0 361.0 707.0 378.0
face 0.45 974.0 516.0 986.0 530.0
face 0.45 324.0 1.0 371.0 49.0
face 0.45 262.0 375.0 273.0 388.0
face 0.43 590.0 304.0 601.0 318.0
face 0.43 404.0 150.0 424.0 177.0
face 0.43 219.0 300.0 231.0 315.0
face 0.42 884.0 532.0 899.0 551.0
face 0.41 562.0 56.0 585.0 87.0
face 0.41 874.0 344.0 887.0 361.0
face 0.41 238.0 683.0 252.0 700.0
face 0.41 27.0 114.0 63.0 157.0
face 0.41 238.0 302.0 249.0 316.0
face 0.40 260.0 506.0 278.0 526.0
face 0.40 31.0 0.0 63.0 36.0
face 0.40 218.0 456.0 236.0 477.0
face 0.40 748.0 502.0 773.0 530.0
face 0.40 532.0 491.0 545.0 507.0
face 0.40 399.0 437.0 409.0 449.0
face 0.40 562.0 288.0 580.0 317.0
face 0.40 982.0 515.0 994.0 529.0
face 0.39 774.0 320.0 790.0 339.0
face 0.39 303.0 371.0 317.0 388.0
face 0.39 665.0 239.0 680.0 262.0
face 0.39 586.0 514.0 603.0 537.0
face 0.39 238.0 499.0 254.0 521.0
face 0.39 764.0 536.0 781.0 556.0
face 0.39 247.0 292.0 259.0 307.0
face 0.39 766.0 518.0 790.0 548.0
face 0.39 308.0 349.0 319.0 363.0
face 0.39 151.0 464.0 161.0 476.0
face 0.38 812.0 283.0 828.0 306.0
face 0.38 559.0 341.0 569.0 352.0
face 0.38 606.0 398.0 617.0 410.0
face 0.38 446.0 396.0 460.0 413.0
face 0.38 300.0 380.0 313.0 395.0
face 0.38 140.0 377.0 154.0 396.0
face 0.38 252.0 134.0 275.0 165.0
face 0.38 318.0 391.0 328.0 402.0
face 0.38 661.0 325.0 672.0 339.0
face 0.38 474.0 348.0 486.0 362.0
face 0.38 630.0 407.0 640.0 420.0
face 0.38 802.0 413.0 815.0 430.0
face 0.38 404.0 405.0 418.0 421.0
face 0.38 143.0 404.0 153.0 418.0
face 0.37 643.0 429.0 654.0 442.0
face 0.37 886.0 451.0 901.0 469.0
face 0.37 294.0 439.0 305.0 451.0
face 0.37 301.0 389.0 311.0 400.0
face 0.37 576.0 331.0 587.0 343.0
face 0.37 454.0 326.0 464.0 339.0
face 0.37 324.0 412.0 336.0 427.0
face 0.37 671.0 310.0 681.0 322.0
face 0.37 84.0 491.0 98.0 508.0
face 0.37 663.0 362.0 675.0 379.0
face 0.37 451.0 805.0 465.0 817.0
face 0.37 441.0 366.0 451.0 378.0
face 0.37 494.0 311.0 503.0 322.0
face 0.37 178.0 532.0 193.0 549.0
face 0.37 975.0 421.0 987.0 434.0
face 0.37 390.0 377.0 401.0 389.0
face 0.37 241.0 295.0 250.0 307.0
face 0.37 142.0 459.0 156.0 477.0
face 0.37 685.0 532.0 696.0 545.0
face 0.37 552.0 344.0 561.0 354.0
face 0.37 264.0 279.0 275.0 292.0
face 0.37 984.0 535.0 994.0 547.0
face 0.37 886.0 446.0 897.0 458.0
face 0.37 466.0 774.0 476.0 788.0
face 0.37 922.0 322.0 935.0 340.0
face 0.37 416.0 424.0 426.0 437.0
face 0.37 510.0 276.0 524.0 293.0
face 0.37 181.0 308.0 197.0 327.0
face 0.37 1006.0 518.0 1017.0 530.0
face 0.37 543.0 342.0 553.0 354.0
face 0.37 438.0 317.0 449.0 330.0
face 0.37 744.0 534.0 757.0 549.0
face 0.37 429.0 344.0 442.0 358.0
face 0.37 704.0 295.0 714.0 307.0
face 0.37 622.0 412.0 637.0 428.0
face 0.37 272.0 259.0 285.0 277.0
face 0.37 598.0 334.0 610.0 347.0
face 0.37 159.0 477.0 169.0 489.0
face 0.37 998.0 525.0 1012.0 540.0
face 0.37 244.0 286.0 254.0 298.0
face 0.37 440.0 373.0 450.0 385.0
face 0.37 140.0 454.0 151.0 465.0
face 0.37 657.0 501.0 668.0 513.0
face 0.37 624.0 351.0 634.0 364.0
face 0.37 249.0 123.0 292.0 185.0
face 0.37 480.0 193.0 493.0 210.0
face 0.37 727.0 375.0 736.0 386.0
face 0.37 127.0 398.0 138.0 410.0
face 0.37 464.0 350.0 472.0 361.0
face 0.37 336.0 429.0 346.0 441.0
face 0.37 574.0 477.0 584.0 489.0
face 0.37 959.0 516.0 969.0 529.0
face 0.37 560.0 295.0 571.0 309.0
face 0.37 376.0 390.0 387.0 403.0
face 0.37 591.0 399.0 600.0 410.0
face 0.37 193.0 484.0 203.0 497.0
face 0.37 504.0 303.0 513.0 314.0
face 0.37 727.0 508.0 738.0 521.0
face 0.37 156.0 471.0 168.0 484.0
face 0.37 177.0 470.0 187.0 482.0
face 0.37 457.0 535.0 468.0 547.0
face 0.37 565.0 320.0 575.0 332.0
face 0.37 598.0 406.0 608.0 417.0
face 0.37 535.0 334.0 546.0 347.0
face 0.36 326.0 420.0 337.0 434.0
face 0.36 367.0 358.0 378.0 373.0
face 0.36 253.0 318.0 263.0 331.0
face 0.36 403.0 325.0 414.0 339.0
face 0.36 692.0 324.0 703.0 339.0
face 0.36 631.0 389.0 641.0 400.0
face 0.36 489.0 341.0 499.0 353.0
face 0.36 992.0 524.0 1004.0 538.0
face 0.36 624.0 390.0 634.0 401.0
face 0.36 132.0 308.0 145.0 325.0
face 0.36 150.0 770.0 191.0 817.0
face 0.36 916.0 476.0 932.0 495.0
face 0.36 601.0 399.0 611.0 410.0
face 0.36 734.0 348.0 745.0 361.0
face 0.36 331.0 340.0 344.0 356.0
face 0.36 726.0 382.0 736.0 392.0
face 0.36 198.0 317.0 209.0 331.0
face 0.36 982.0 548.0 995.0 564.0
face 0.36 1005.0 547.0 1019.0 566.0
face 0.36 598.0 426.0 611.0 442.0
face 0.36 597.0 518.0 609.0 532.0
face 0.36 1014.0 612.0 1024.0 627.0
face 0.36 328.0 431.0 338.0 442.0
face 0.36 455.0 383.0 465.0 394.0
face 0.36 488.0 334.0 499.0 346.0
face 0.36 327.0 446.0 337.0 458.0
face 0.36 157.0 485.0 170.0 503.0
face 0.36 157.0 350.0 168.0 364.0
face 0.36 196.0 478.0 209.0 494.0
face 0.36 521.0 293.0 533.0 307.0
face 0.36 288.0 518.0 299.0 531.0
face 0.36 654.0 391.0 664.0 402.0
face 0.36 150.0 491.0 163.0 507.0
face 0.36 790.0 380.0 800.0 392.0
face 0.36 615.0 414.0 625.0 427.0
face 0.36 511.0 319.0 521.0 330.0
face 0.36 576.0 375.0 586.0 387.0
face 0.36 679.0 325.0 689.0 336.0
face 0.36 520.0 318.0 529.0 329.0
face 0.36 703.0 299.0 717.0 315.0
face 0.36 575.0 352.0 585.0 364.0
face 0.36 646.0 406.0 657.0 418.0
face 0.36 849.0 493.0 860.0 507.0
face 0.36 590.0 285.0 602.0 300.0
face 0.36 696.0 550.0 706.0 561.0
face 0.36 639.0 391.0 648.0 402.0
face 0.36 678.0 299.0 691.0 315.0
face 0.36 149.0 356.0 163.0 374.0
face 0.36 678.0 510.0 689.0 522.0
face 0.36 456.0 319.0 465.0 331.0
face 0.36 968.0 526.0 978.0 540.0
face 0.36 687.0 342.0 697.0 353.0
face 0.36 645.0 423.0 656.0 435.0
face 0.36 312.0 391.0 323.0 403.0
face 0.36 274.0 254.0 284.0 267.0
face 0.36 672.0 446.0 682.0 458.0
face 0.36 477.0 332.0 489.0 346.0
face 0.36 606.0 507.0 618.0 523.0
face 0.36 646.0 399.0 656.0 410.0
face 0.36 1011.0 494.0 1023.0 511.0
face 0.36 614.0 420.0 628.0 435.0
face 0.36 715.0 772.0 729.0 792.0
face 0.36 584.0 510.0 595.0 523.0
face 0.36 345.0 383.0 354.0 393.0
face 0.36 261.0 350.0 275.0 365.0
face 0.36 560.0 324.0 570.0 336.0
face 0.36 300.0 331.0 311.0 345.0
face 0.36 910.0 403.0 926.0 421.0
face 0.36 432.0 526.0 442.0 539.0
face 0.36 138.0 258.0 153.0 276.0
face 0.36 176.0 357.0 187.0 370.0
face 0.36 511.0 312.0 520.0 322.0
face 0.36 348.0 382.0 361.0 397.0
face 0.36 233.0 524.0 243.0 536.0
face 0.36 828.0 351.0 839.0 364.0
face 0.36 541.0 336.0 550.0 346.0
face 0.36 917.0 547.0 930.0 563.0
face 0.36 825.0 357.0 835.0 368.0
face 0.36 444.0 359.0 457.0 373.0
face 0.36 110.0 464.0 121.0 476.0
face 0.36 385.0 382.0 394.0 393.0
face 0.36 245.0 299.0 257.0 314.0
face 0.36 334.0 280.0 345.0 293.0
face 0.36 398.0 332.0 410.0 347.0
face 0.36 445.0 374.0 456.0 386.0
face 0.36 169.0 494.0 178.0 506.0
face 0.36 454.0 307.0 466.0 322.0
face 0.36 447.0 350.0 456.0 361.0
face 0.36 463.0 345.0 472.0 355.0
face 0.36 166.0 477.0 177.0 489.0
face 0.36 558.0 431.0 569.0 443.0
face 0.36 366.0 403.0 376.0 417.0
face 0.36 640.0 399.0 650.0 410.0
face 0.36 759.0 539.0 770.0 554.0
face 0.36 687.0 517.0 698.0 531.0
face 0.36 406.0 367.0 415.0 378.0
face 0.36 648.0 455.0 657.0 466.0
face 0.36 608.0 404.0 619.0 417.0
face 0.36 325.0 400.0 336.0 412.0
face 0.36 31.0 493.0 41.0 506.0
face 0.36 591.0 487.0 600.0 498.0
face 0.36 326.0 380.0 339.0 394.0
face 0.36 182.0 514.0 194.0 530.0
face 0.36 624.0 398.0 634.0 409.0
face 0.36 327.0 390.0 337.0 400.0
face 0.36 336.0 392.0 345.0 403.0
face 0.36 614.0 399.0 624.0 410.0
face 0.36 357.0 301.0 371.0 317.0
face 0.36 551.0 351.0 561.0 363.0
face 0.36 453.0 341.0 465.0 355.0
face 0.36 319.0 422.0 329.0 433.0
face 0.36 565.0 368.0 574.0 378.0
face 0.36 736.0 391.0 745.0 402.0
face 0.36 871.0 518.0 881.0 531.0
face 0.36 816.0 574.0 827.0 587.0
face 0.36 870.0 474.0 882.0 490.0
face 0.36 664.0 525.0 676.0 540.0
face 0.36 486.0 324.0 501.0 341.0
face 0.36 263.0 334.0 273.0 345.0
face 0.36 391.0 366.0 400.0 377.0
face 0.36 681.0 542.0 690.0 554.0
face 0.36 824.0 445.0 835.0 457.0
face 0.36 414.0 390.0 424.0 402.0
face 0.36 259.0 245.0 270.0 258.0
face 0.36 325.0 358.0 335.0 368.0
face 0.36 981.0 540.0 995.0 555.0
face 0.36 322.0 406.0 332.0 417.0
face 0.36 414.0 382.0 427.0 398.0
face 0.36 191.0 470.0 200.0 481.0
face 0.36 655.0 310.0 666.0 321.0
face 0.36 118.0 389.0 129.0 401.0
face 0.36 319.0 398.0 329.0 409.0
face 0.36 347.0 467.0 362.0 485.0
face 0.36 618.0 715.0 634.0 736.0
face 0.36 804.0 188.0 821.0 209.0
face 0.36 425.0 343.0 434.0 354.0
face 0.36 135.0 483.0 146.0 497.0
face 0.36 336.0 398.0 345.0 409.0
face 0.36 455.0 541.0 466.0 555.0
face 0.36 600.0 381.0 609.0 392.0
face 0.36 54.0 429.0 64.0 441.0
face 0.36 207.0 502.0 218.0 514.0
face 0.36 623.0 526.0 634.0 539.0
face 0.36 842.0 330.0 858.0 350.0
face 0.36 592.0 422.0 602.0 434.0
face 0.36 349.0 395.0 363.0 413.0
face 0.36 455.0 351.0 465.0 363.0
face 0.36 950.0 349.0 964.0 367.0
face 0.36 304.0 398.0 314.0 410.0
face 0.36 264.0 271.0 274.0 284.0
face 0.36 728.0 392.0 737.0 402.0
face 0.35 607.0 429.0 616.0 441.0
face 0.35 150.0 473.0 164.0 490.0
face 0.35 734.0 398.0 746.0 413.0
face 0.35 279.0 384.0 289.0 396.0
face 0.35 247.0 308.0 258.0 322.0
face 0.35 812.0 446.0 824.0 460.0
face 0.35 1006.0 543.0 1017.0 555.0
face 0.35 222.0 308.0 232.0 320.0
face 0.35 662.0 470.0 672.0 483.0
face 0.35 425.0 335.0 434.0 346.0
face 0.35 505.0 389.0 517.0 405.0
face 0.35 800.0 334.0 810.0 347.0
face 0.35 188.0 500.0 204.0 519.0
face 0.35 598.0 414.0 609.0 426.0
face 0.35 432.0 358.0 441.0 368.0
face 0.35 431.0 325.0 441.0 337.0
face 0.35 614.0 407.0 624.0 418.0
face 0.35 497.0 399.0 506.0 411.0
face 0.35 271.0 326.0 280.0 337.0
face 0.35 400.0 358.0 408.0 369.0
face 0.35 592.0 469.0 602.0 480.0
face 0.35 593.0 405.0 602.0 416.0
face 0.35 624.0 407.0 635.0 419.0
face 0.35 524.0 396.0 537.0 411.0
face 0.35 672.0 510.0 682.0 522.0
face 0.35 687.0 334.0 697.0 346.0
face 0.35 231.0 461.0 241.0 473.0
face 0.35 670.0 317.0 682.0 332.0
face 0.35 669.0 396.0 681.0 409.0
face 0.35 447.0 318.0 457.0 329.0
face 0.35 559.0 348.0 570.0 361.0
face 0.35 484.0 365.0 499.0 382.0
face 0.35 456.0 377.0 465.0 387.0
face 0.35 535.0 349.0 545.0 361.0
face 0.35 231.0 317.0 244.0 332.0
face 0.35 566.0 486.0 576.0 498.0
face 0.35 200.0 351.0 210.0 364.0
face 0.35 688.0 320.0 699.0 333.0
face 0.35 350.0 326.0 361.0 339.0
face 0.35 407.0 360.0 416.0 370.0
face 0.35 639.0 405.0 651.0 419.0
face 0.35 263.0 262.0 273.0 274.0
face 0.35 311.0 414.0 321.0 426.0
face 0.35 234.0 700.0 249.0 718.0
face 0.35 304.0 405.0 314.0 418.0
face 0.35 310.0 397.0 322.0 412.0
face 0.35 328.0 438.0 338.0 451.0
face 0.35 727.0 486.0 739.0 500.0
face 0.35 509.0 381.0 521.0 395.0
face 0.35 407.0 374.0 416.0 385.0
face 0.35 621.0 421.0 633.0 433.0
face 0.35 252.0 310.0 264.0 324.0
face 0.35 600.0 511.0 610.0 524.0
face 0.35 741.0 367.0 751.0 379.0
face 0.35 678.0 364.0 689.0 377.0
face 0.35 372.0 362.0 383.0 377.0
face 0.35 493.0 365.0 504.0 378.0
face 0.35 677.0 294.0 687.0 306.0
face 0.35 294.0 317.0 305.0 332.0
face 0.35 256.0 509.0 267.0 523.0
face 0.35 158.0 462.0 168.0 473.0
face 0.35 230.0 476.0 241.0 490.0
face 0.35 541.0 308.0 555.0 324.0
face 0.35 332.0 373.0 344.0 388.0
face 0.35 417.0 359.0 427.0 370.0
face 0.35 447.0 382.0 457.0 393.0
face 0.35 510.0 325.0 519.0 336.0
face 0.35 939.0 324.0 954.0 344.0
face 0.35 238.0 248.0 250.0 261.0
face 0.35 92.0 495.0 104.0 507.0
face 0.35 719.0 485.0 730.0 499.0
face 0.35 613.0 299.0 626.0 315.0
face 0.35 525.0 326.0 538.0 340.0
face 0.35 635.0 12.0 647.0 29.0
face 0.35 798.0 464.0 809.0 475.0
face 0.35 287.0 317.0 298.0 331.0
face 0.35 999.0 533.0 1010.0 545.0
face 0.35 316.0 259.0 329.0 276.0
face 0.35 751.0 539.0 761.0 552.0
face 0.35 585.0 470.0 594.0 481.0
face 0.35 1006.0 525.0 1018.0 538.0
face 0.35 975.0 543.0 986.0 555.0
face 0.35 632.0 302.0 642.0 314.0
face 0.35 312.0 252.0 324.0 265.0
face 0.35 535.0 328.0 545.0 340.0
face 0.35 414.0 343.0 424.0 355.0
face 0.35 880.0 539.0 891.0 554.0
face 0.35 349.0 462.0 360.0 475.0
face 0.35 261.0 680.0 275.0 698.0
face 0.35 816.0 332.0 827.0 345.0
face 0.35 566.0 495.0 576.0 506.0
face 0.35 879.0 493.0 890.0 506.0
face 0.35 230.0 494.0 240.0 505.0
face 0.35 534.0 429.0 544.0 441.0
face 0.35 504.0 309.0 514.0 320.0
face 0.35 294.0 350.0 305.0 362.0
face 0.35 660.0 430.0 672.0 444.0
face 0.35 590.0 502.0 599.0 513.0
face 0.35 398.0 342.0 407.0 353.0
face 0.35 560.0 308.0 571.0 322.0
face 0.35 46.0 555.0 62.0 575.0
face 0.35 174.0 365.0 185.0 380.0
face 0.35 336.0 365.0 345.0 378.0
face 0.35 342.0 414.0 353.0 425.0
face 0.35 660.0 422.0 672.0 436.0
face 0.35 605.0 483.0 618.0 499.0
face 0.35 262.0 343.0 273.0 355.0
face 0.35 364.0 228.0 378.0 245.0
face 0.35 703.0 543.0 713.0 556.0
face 0.35 839.0 340.0 850.0 353.0
face 0.35 430.0 406.0 440.0 419.0
face 0.35 719.0 284.0 730.0 300.0
face 0.35 237.0 326.0 247.0 338.0
face 0.35 643.0 436.0 655.0 451.0
face 0.35 799.0 653.0 810.0 666.0
face 0.35 704.0 349.0 713.0 361.0
face 0.35 909.0 129.0 923.0 148.0
face 0.35 901.0 424.0 915.0 438.0
face 0.35 207.0 478.0 218.0 491.0
face 0.35 264.0 309.0 273.0 320.0
face 0.35 249.0 323.0 261.0 338.0
face 0.35 118.0 269.0 129.0 284.0
face 0.35 656.0 319.0 666.0 331.0
face 0.35 376.0 317.0 387.0 332.0
face 0.35 556.0 388.0 569.0 402.0
face 0.35 759.0 390.0 769.0 400.0
face 0.35 680.0 527.0 689.0 539.0
face 0.35 784.0 532.0 794.0 546.0
face 0.35 198.0 503.0 209.0 516.0
face 0.35 718.0 549.0 729.0 562.0
face 0.35 454.0 421.0 463.0 432.0
face 0.35 447.0 310.0 458.0 322.0
face 0.35 381.0 390.0 392.0 402.0
face 0.35 416.0 415.0 426.0 427.0
face 0.35 585.0 503.0 595.0 515.0
face 0.35 973.0 523.0 984.0 537.0
face 0.35 574.0 382.0 584.0 394.0
face 0.35 721.0 383.0 730.0 393.0
face 0.35 399.0 351.0 409.0 362.0
face 0.35 390.0 357.0 402.0 371.0
face 0.35 278.0 428.0 290.0 446.0
