face 0.99 919.0 181.0 941.0 209.0
face 0.99 840.0 186.0 864.0 217.0
face 0.91 998.0 186.0 1022.0 215.0
face 0.88 176.0 220.0 238.0 294.0
face 0.71 840.0 258.0 865.0 289.0
face 0.64 706.0 327.0 724.0 349.0
face 0.60 789.0 338.0 804.0 358.0
face 0.58 151.0 80.0 167.0 104.0
face 0.58 468.0 197.0 518.0 259.0
face 0.55 783.0 179.0 796.0 194.0
face 0.49 964.0 194.0 979.0 211.0
face 0.48 295.0 126.0 315.0 153.0
face 0.48 593.0 242.0 644.0 308.0
face 0.45 238.0 103.0 256.0 124.0
face 0.45 943.0 190.0 958.0 208.0
face 0.45 508.0 174.0 523.0 191.0
face 0.44 904.0 314.0 917.0 332.0
face 0.44 401.0 152.0 417.0 173.0
face 0.43 907.0 172.0 923.0 190.0
face 0.43 571.0 377.0 585.0 395.0
face 0.43 331.0 422.0 353.0 455.0
face 0.43 277.0 142.0 286.0 152.0
face 0.43 931.0 172.0 946.0 189.0
face 0.42 1004.0 258.0 1019.0 278.0
face 0.42 286.0 331.0 350.0 401.0
face 0.42 165.0 137.0 182.0 156.0
face 0.41 842.0 310.0 872.0 348.0
face 0.41 764.0 99.0 776.0 114.0
face 0.40 815.0 201.0 830.0 222.0
face 0.40 472.0 14.0 487.0 30.0
face 0.40 388.0 395.0 402.0 411.0
face 0.40 224.0 192.0 248.0 224.0
face 0.40 332.0 457.0 346.0 475.0
face 0.40 720.0 668.0 733.0 681.0
face 0.39 270.0 161.0 286.0 181.0
face 0.39 832.0 293.0 843.0 307.0
face 0.39 949.0 31.0 960.0 44.0
face 0.39 724.0 94.0 736.0 108.0
face 0.39 533.0 135.0 544.0 149.0
face 0.39 965.0 212.0 980.0 230.0
face 0.39 110.0 570.0 124.0 587.0
face 0.38 0.0 155.0 13.0 174.0
face 0.38 680.0 287.0 688.0 298.0
face 0.38 763.0 164.0 778.0 183.0
face 0.38 800.0 164.0 810.0 176.0
face 0.38 851.0 236.0 866.0 256.0
face 0.38 834.0 299.0 848.0 317.0
face 0.38 595.0 180.0 639.0 234.0
face 0.37 974.0 204.0 987.0 221.0
face 0.37 630.0 148.0 643.0 162.0
face 0.37 686.0 294.0 700.0 310.0
face 0.37 379.0 425.0 396.0 447.0
face 0.37 902.0 177.0 918.0 198.0
face 0.37 934.0 10.0 949.0 25.0
face 0.37 389.0 200.0 405.0 219.0
face 0.37 680.0 293.0 689.0 306.0
face 0.37 301.0 126.0 313.0 140.0
face 0.37 269.0 238.0 279.0 251.0
face 0.37 366.0 475.0 378.0 490.0
face 0.37 396.0 252.0 407.0 266.0
face 0.37 725.0 253.0 741.0 270.0
face 0.37 877.0 292.0 890.0 308.0
face 0.37 217.0 69.0 228.0 84.0
face 0.37 115.0 95.0 138.0 124.0
face 0.37 788.0 174.0 801.0 189.0
face 0.37 741.0 111.0 751.0 122.0
face 0.37 967.0 205.0 978.0 218.0
face 0.37 751.0 132.0 762.0 145.0
face 0.37 602.0 461.0 617.0 480.0
face 0.37 222.0 23.0 232.0 36.0
face 0.36 392.0 13.0 403.0 26.0
face 0.36 44.0 563.0 59.0 581.0
face 0.36 959.0 214.0 970.0 227.0
face 0.36 888.0 581.0 899.0 594.0
face 0.36 872.0 594.0 885.0 610.0
face 0.36 395.0 331.0 410.0 351.0
face 0.36 947.0 182.0 960.0 199.0
face 0.36 883.0 180.0 899.0 197.0
face 0.36 142.0 108.0 154.0 122.0
face 0.36 974.0 219.0 984.0 232.0
face 0.36 791.0 168.0 802.0 179.0
face 0.36 680.0 300.0 690.0 313.0
face 0.36 396.0 413.0 412.0 432.0
face 0.36 637.0 154.0 652.0 171.0
face 0.36 382.0 264.0 391.0 275.0
face 0.36 871.0 293.0 882.0 308.0
face 0.36 276.0 266.0 292.0 285.0
face 0.36 403.0 228.0 414.0 243.0
face 0.36 932.0 272.0 945.0 290.0
face 0.36 604.0 612.0 620.0 631.0
face 0.36 879.0 302.0 891.0 316.0
face 0.36 700.0 22.0 713.0 36.0
face 0.36 1005.0 236.0 1020.0 254.0
face 0.36 765.0 572.0 776.0 586.0
face 0.36 37.0 126.0 49.0 142.0
face 0.36 859.0 354.0 874.0 372.0
face 0.36 779.0 144.0 793.0 164.0
face 0.36 400.0 215.0 411.0 228.0
face 0.36 733.0 339.0 746.0 357.0
face 0.36 783.0 392.0 799.0 412.0
face 0.36 392.0 248.0 402.0 260.0
face 0.36 573.0 206.0 585.0 219.0
face 0.36 357.0 454.0 368.0 468.0
face 0.36 87.0 127.0 98.0 139.0
face 0.36 492.0 173.0 504.0 188.0
face 0.36 951.0 206.0 960.0 219.0
face 0.36 909.0 274.0 922.0 291.0
face 0.36 687.0 613.0 697.0 625.0
face 0.35 374.0 36.0 386.0 52.0
face 0.35 296.0 133.0 307.0 147.0
face 0.35 686.0 287.0 698.0 301.0
face 0.35 137.0 567.0 147.0 580.0
face 0.35 807.0 181.0 818.0 193.0
face 0.35 214.0 27.0 228.0 43.0
face 0.35 886.0 293.0 897.0 305.0
face 0.35 895.0 181.0 906.0 194.0
face 0.35 1005.0 117.0 1016.0 131.0
face 0.35 991.0 221.0 1002.0 233.0
face 0.35 760.0 337.0 774.0 357.0
face 0.35 757.0 124.0 768.0 140.0
face 0.35 366.0 264.0 376.0 275.0
face 0.35 94.0 -1.0 108.0 12.0
face 0.35 408.0 202.0 422.0 221.0
face 0.35 717.0 276.0 730.0 292.0
face 0.35 14.0 597.0 28.0 615.0
face 0.35 402.0 362.0 439.0 413.0
face 0.35 358.0 299.0 370.0 313.0
face 0.35 318.0 125.0 329.0 138.0
face 0.35 670.0 308.0 682.0 323.0
face 0.35 207.0 54.0 217.0 66.0
face 0.35 359.0 469.0 370.0 484.0
face 0.35 701.0 263.0 713.0 277.0
face 0.35 266.0 483.0 281.0 501.0
face 0.35 263.0 470.0 273.0 480.0
face 0.35 1012.0 160.0 1024.0 180.0
face 0.35 727.0 316.0 741.0 335.0
face 0.35 912.0 598.0 923.0 611.0
face 0.35 862.0 307.0 875.0 323.0
face 0.35 246.0 23.0 257.0 35.0
face 0.35 980.0 212.0 992.0 229.0
face 0.35 130.0 611.0 145.0 629.0
face 0.35 948.0 172.0 961.0 188.0
face 0.35 1007.0 109.0 1017.0 123.0
face 0.35 415.0 237.0 425.0 249.0
face 0.35 959.0 510.0 971.0 524.0
face 0.35 741.0 669.0 753.0 681.0
face 0.35 916.0 243.0 931.0 261.0
face 0.35 567.0 212.0 578.0 226.0
face 0.35 380.0 269.0 392.0 283.0
