face 1.00 391.0 154.0 457.0 276.0
face 1.00 753.0 179.0 836.0 300.0
face 1.00 10.0 370.0 38.0 403.0
face 0.98 120.0 379.0 146.0 408.0
face 0.69 233.0 388.0 254.0 416.0
face 0.65 132.0 160.0 160.0 198.0
face 0.60 180.0 385.0 197.0 406.0
face 0.56 808.0 403.0 822.0 419.0
face 0.50 383.0 532.0 397.0 550.0
face 0.48 116.0 137.0 144.0 170.0
face 0.47 459.0 565.0 473.0 583.0
face 0.46 69.0 392.0 93.0 422.0
face 0.44 983.0 369.0 1010.0 405.0
face 0.43 182.0 159.0 209.0 192.0
face 0.42 802.0 426.0 819.0 448.0
face 0.38 697.0 286.0 709.0 302.0
face 0.37 702.0 660.0 717.0 678.0
face 0.37 118.0 497.0 131.0 511.0
face 0.37 413.0 539.0 427.0 557.0
face 0.37 812.0 593.0 827.0 611.0
face 0.37 272.0 283.0 298.0 315.0
face 0.36 978.0 318.0 1021.0 380.0
face 0.36 285.0 257.0 307.0 284.0
face 0.36 124.0 493.0 136.0 507.0
face 0.36 135.0 510.0 146.0 524.0
face 0.36 406.0 531.0 419.0 547.0
face 0.36 2.0 618.0 17.0 639.0
face 0.36 900.0 411.0 915.0 431.0
face 0.36 389.0 540.0 401.0 556.0
face 0.36 763.0 571.0 780.0 592.0
face 0.36 141.0 509.0 152.0 523.0
face 0.36 114.0 500.0 124.0 513.0
face 0.36 820.0 421.0 833.0 437.0
face 0.36 142.0 485.0 152.0 498.0
face 0.36 150.0 482.0 163.0 499.0
face 0.36 894.0 283.0 906.0 297.0
face 0.35 694.0 309.0 705.0 323.0
face 0.35 119.0 534.0 129.0 545.0
face 0.35 436.0 192.0 451.0 212.0
face 0.35 680.0 269.0 691.0 284.0
face 0.35 129.0 582.0 139.0 594.0
face 0.35 750.0 557.0 762.0 571.0
face 0.35 701.0 253.0 714.0 267.0
face 0.35 127.0 567.0 138.0 578.0
