face 0.99 201.0 436.0 239.0 485.0
face 0.85 99.0 644.0 115.0 663.0
face 0.71 633.0 442.0 660.0 477.0
face 0.65 1003.0 347.0 1024.0 378.0
face 0.61 277.0 378.0 291.0 395.0
face 0.57 240.0 412.0 262.0 441.0
face 0.54 340.0 365.0 350.0 378.0
face 0.54 814.0 371.0 827.0 387.0
face 0.53 480.0 337.0 491.0 350.0
face 0.52 958.0 356.0 971.0 371.0
face 0.52 215.0 348.0 226.0 361.0
face 0.51 634.0 405.0 660.0 437.0
face 0.51 183.0 392.0 210.0 425.0
face 0.46 657.0 373.0 670.0 387.0
face 0.44 378.0 411.0 394.0 430.0
face 0.44 720.0 411.0 730.0 424.0
face 0.44 744.0 374.0 755.0 389.0
face 0.43 812.0 437.0 865.0 496.0
face 0.42 80.0 251.0 94.0 268.0
face 0.42 93.0 525.0 105.0 540.0
face 0.42 199.0 336.0 209.0 348.0
face 0.41 310.0 343.0 321.0 355.0
face 0.41 1014.0 342.0 1024.0 356.0
face 0.41 647.0 367.0 656.0 380.0
face 0.40 494.0 352.0 505.0 365.0
face 0.40 399.0 367.0 411.0 382.0
face 0.39 956.0 442.0 984.0 475.0
face 0.38 210.0 384.0 225.0 404.0
face 0.38 126.0 60.0 137.0 74.0
face 0.38 174.0 359.0 185.0 373.0
face 0.38 222.0 409.0 249.0 440.0
face 0.38 358.0 369.0 373.0 388.0
face 0.38 629.0 347.0 643.0 363.0
face 0.38 443.0 355.0 456.0 370.0
face 0.37 260.0 365.0 272.0 381.0
face 0.37 397.0 376.0 412.0 395.0
face 0.37 685.0 358.0 695.0 370.0
face 0.37 464.0 350.0 474.0 361.0
face 0.37 181.0 340.0 193.0 353.0
face 0.37 599.0 364.0 609.0 377.0
face 0.37 558.0 359.0 568.0 370.0
face 0.37 367.0 257.0 382.0 275.0
face 0.37 590.0 365.0 601.0 378.0
face 0.37 273.0 349.0 283.0 360.0
face 0.37 231.0 328.0 245.0 345.0
face 0.37 377.0 366.0 387.0 378.0
face 0.37 439.0 352.0 449.0 363.0
face 0.37 541.0 356.0 553.0 370.0
face 0.37 269.0 331.0 282.0 348.0
face 0.37 406.0 366.0 416.0 379.0
face 0.37 668.0 205.0 689.0 232.0
face 0.37 191.0 352.0 201.0 363.0
face 0.37 574.0 202.0 587.0 217.0
face 0.37 742.0 358.0 752.0 369.0
face 0.37 557.0 364.0 569.0 378.0
face 0.37 797.0 387.0 811.0 404.0
face 0.37 551.0 358.0 562.0 371.0
face 0.37 416.0 352.0 425.0 362.0
face 0.37 209.0 326.0 219.0 338.0
face 0.37 612.0 369.0 628.0 389.0
face 0.37 799.0 366.0 809.0 378.0
face 0.37 807.0 382.0 818.0 395.0
face 0.37 254.0 356.0 267.0 373.0
face 0.37 102.0 357.0 112.0 368.0
face 0.37 574.0 373.0 585.0 386.0
face 0.36 583.0 366.0 596.0 381.0
face 0.36 421.0 357.0 432.0 370.0
face 0.36 550.0 374.0 561.0 387.0
face 0.36 974.0 367.0 985.0 380.0
face 0.36 326.0 374.0 336.0 387.0
face 0.36 534.0 364.0 547.0 380.0
face 0.36 318.0 382.0 331.0 396.0
face 0.36 255.0 311.0 270.0 331.0
face 0.36 736.0 358.0 746.0 371.0
face 0.36 567.0 351.0 577.0 361.0
face 0.36 391.0 351.0 401.0 361.0
face 0.36 700.0 359.0 710.0 371.0
face 0.36 399.0 351.0 407.0 360.0
face 0.36 456.0 351.0 466.0 361.0
face 0.36 431.0 341.0 442.0 354.0
face 0.36 672.0 375.0 682.0 386.0
face 0.36 488.0 355.0 500.0 369.0
face 0.36 288.0 365.0 298.0 377.0
face 0.36 526.0 373.0 538.0 388.0
face 0.36 368.0 351.0 377.0 362.0
face 0.36 103.0 349.0 117.0 364.0
face 0.36 191.0 358.0 202.0 368.0
face 0.36 159.0 350.0 168.0 361.0
face 0.36 224.0 334.0 234.0 345.0
face 0.36 477.0 360.0 488.0 372.0
face 0.36 518.0 358.0 528.0 368.0
face 0.36 182.0 347.0 194.0 361.0
face 0.36 566.0 356.0 578.0 370.0
face 0.36 158.0 365.0 168.0 378.0
face 0.36 718.0 359.0 728.0 371.0
face 0.36 423.0 365.0 433.0 377.0
face 0.36 584.0 358.0 594.0 370.0
face 0.36 965.0 357.0 976.0 369.0
face 0.36 638.0 357.0 647.0 368.0
face 0.36 502.0 380.0 513.0 394.0
face 0.36 61.0 358.0 71.0 370.0
face 0.36 288.0 331.0 309.0 356.0
face 0.36 416.0 374.0 426.0 386.0
face 0.36 604.0 357.0 618.0 373.0
face 0.36 806.0 350.0 817.0 362.0
face 0.36 567.0 366.0 577.0 378.0
face 0.36 270.0 375.0 282.0 389.0
face 0.36 710.0 387.0 723.0 403.0
face 0.36 807.0 365.0 817.0 378.0
face 0.36 470.0 350.0 480.0 361.0
face 0.36 774.0 375.0 784.0 387.0
face 0.36 638.0 366.0 651.0 381.0
face 0.36 255.0 351.0 265.0 362.0
face 0.36 462.0 357.0 472.0 369.0
face 0.36 294.0 373.0 305.0 385.0
face 0.36 503.0 349.0 513.0 361.0
face 0.36 751.0 366.0 761.0 378.0
face 0.36 432.0 374.0 443.0 386.0
face 0.36 512.0 365.0 521.0 377.0
face 0.36 78.0 350.0 88.0 362.0
face 0.36 393.0 367.0 402.0 378.0
face 0.36 575.0 357.0 584.0 368.0
face 0.36 87.0 350.0 96.0 361.0
face 0.36 391.0 373.0 402.0 386.0
face 0.36 695.0 374.0 707.0 388.0
face 0.36 812.0 429.0 834.0 458.0
face 0.36 96.0 358.0 106.0 369.0
face 0.36 389.0 414.0 401.0 427.0
face 0.36 766.0 382.0 777.0 393.0
face 0.36 512.0 359.0 521.0 370.0
face 0.36 814.0 396.0 827.0 411.0
face 0.36 126.0 639.0 142.0 658.0
face 0.36 238.0 359.0 248.0 370.0
face 0.36 640.0 380.0 651.0 393.0
face 0.36 262.0 373.0 274.0 386.0
face 0.36 103.0 256.0 113.0 267.0
face 0.36 360.0 359.0 370.0 370.0
face 0.36 431.0 368.0 441.0 379.0
face 0.35 606.0 351.0 616.0 363.0
face 0.35 632.0 366.0 643.0 379.0
face 0.35 527.0 367.0 538.0 380.0
face 0.35 350.0 342.0 360.0 354.0
face 0.35 752.0 359.0 762.0 370.0
face 0.35 286.0 333.0 297.0 348.0
face 0.35 559.0 351.0 570.0 364.0
face 0.35 279.0 342.0 289.0 355.0
face 0.35 7.0 358.0 19.0 373.0
face 0.35 233.0 351.0 242.0 360.0
face 0.35 496.0 342.0 506.0 353.0
face 0.35 175.0 351.0 185.0 363.0
face 0.35 595.0 342.0 608.0 357.0
face 0.35 79.0 358.0 88.0 369.0
face 0.35 438.0 334.0 449.0 348.0
face 0.35 107.0 342.0 120.0 358.0
face 0.35 238.0 352.0 248.0 362.0
face 0.35 655.0 368.0 666.0 381.0
face 0.35 408.0 360.0 417.0 370.0
face 0.35 637.0 351.0 646.0 362.0
face 0.35 695.0 382.0 705.0 395.0
face 0.35 830.0 349.0 842.0 363.0
face 0.35 367.0 358.0 376.0 369.0
face 0.35 137.0 365.0 148.0 380.0
face 0.35 205.0 331.0 217.0 347.0
face 0.35 301.0 382.0 314.0 397.0
face 0.35 478.0 230.0 489.0 244.0
face 0.35 287.0 374.0 297.0 386.0
face 0.35 502.0 344.0 512.0 354.0
face 0.35 327.0 343.0 337.0 355.0
face 0.35 254.0 372.0 266.0 386.0
face 0.35 543.0 375.0 554.0 388.0
face 0.35 486.0 364.0 500.0 379.0
face 0.35 585.0 350.0 594.0 361.0
face 0.35 542.0 365.0 552.0 378.0
face 0.35 502.0 356.0 514.0 370.0
face 0.35 678.0 382.0 689.0 395.0
face 0.35 397.0 398.0 408.0 411.0
face 0.35 511.0 351.0 520.0 361.0
face 0.35 343.0 350.0 352.0 361.0
face 0.35 319.0 359.0 330.0 371.0
face 0.35 168.0 366.0 178.0 378.0
face 0.35 349.0 334.0 359.0 345.0
face 0.35 327.0 350.0 338.0 360.0
face 0.35 379.0 371.0 393.0 386.0
face 0.35 63.0 351.0 73.0 364.0
face 0.35 806.0 390.0 818.0 403.0
face 0.35 678.0 363.0 691.0 377.0
face 0.35 703.0 374.0 713.0 386.0
face 0.35 508.0 373.0 521.0 388.0
face 0.35 262.0 358.0 272.0 372.0
face 0.35 696.0 398.0 705.0 411.0
face 0.35 591.0 348.0 601.0 360.0
face 0.35 574.0 352.0 583.0 362.0
face 0.35 918.0 406.0 930.0 418.0
face 0.35 54.0 361.0 68.0 376.0
face 0.35 95.0 352.0 105.0 363.0
face 0.35 648.0 359.0 658.0 371.0
face 0.35 783.0 349.0 792.0 361.0
face 0.35 782.0 382.0 793.0 396.0
face 0.35 192.0 334.0 203.0 346.0
face 0.35 319.0 351.0 329.0 361.0
face 0.35 844.0 364.0 857.0 380.0
face 0.35 177.0 343.0 187.0 354.0
face 0.35 124.0 340.0 137.0 356.0
face 0.35 399.0 360.0 409.0 371.0
face 0.35 278.0 357.0 290.0 371.0
face 0.35 238.0 342.0 249.0 355.0
face 0.35 198.0 328.0 209.0 341.0
face 0.35 295.0 340.0 306.0 354.0
face 0.35 614.0 358.0 624.0 370.0
face 0.35 582.0 384.0 593.0 398.0
face 0.35 270.0 356.0 282.0 370.0
face 0.35 79.0 367.0 89.0 379.0
face 0.35 336.0 359.0 347.0 372.0
face 0.35 334.0 398.0 345.0 411.0
face 0.35 596.0 382.0 610.0 397.0
face 0.35 406.0 382.0 416.0 395.0
