face 1.00 640.0 127.0 749.0 265.0
face 1.00 420.0 217.0 471.0 282.0
face 1.00 312.0 321.0 367.0 387.0
face 1.00 836.0 163.0 875.0 214.0
face 1.00 82.0 241.0 138.0 305.0
face 1.00 96.0 329.0 149.0 392.0
face 1.00 501.0 261.0 550.0 332.0
face 1.00 293.0 237.0 345.0 297.0
face 1.00 173.0 295.0 214.0 342.0
face 0.99 40.0 185.0 67.0 226.0
face 0.98 780.0 287.0 822.0 346.0
face 0.98 285.0 200.0 317.0 240.0
face 0.85 403.0 313.0 425.0 339.0
face 0.79 181.0 81.0 207.0 115.0
face 0.78 592.0 498.0 622.0 531.0
face 0.78 877.0 652.0 907.0 687.0
face 0.56 136.0 448.0 165.0 483.0
face 0.55 61.0 236.0 75.0 255.0
face 0.55 434.0 294.0 446.0 311.0
face 0.55 477.0 434.0 490.0 451.0
face 0.55 805.0 428.0 840.0 478.0
face 0.52 663.0 70.0 703.0 114.0
face 0.50 449.0 155.0 463.0 172.0
face 0.48 141.0 69.0 171.0 100.0
face 0.46 404.0 132.0 431.0 161.0
face 0.45 421.0 391.0 437.0 410.0
face 0.45 52.0 782.0 258.0 1039.0
face 0.45 821.0 111.0 840.0 137.0
face 0.44 76.0 174.0 91.0 191.0
face 0.43 160.0 296.0 173.0 315.0
face 0.43 330.0 370.0 347.0 388.0
face 0.42 171.0 98.0 188.0 121.0
face 0.42 164.0 134.0 181.0 153.0
face 0.42 269.0 301.0 306.0 350.0
face 0.40 43.0 296.0 74.0 338.0
face 0.40 107.0 182.0 145.0 222.0
face 0.39 595.0 491.0 612.0 511.0
face 0.39 492.0 101.0 520.0 140.0
face 0.38 800.0 78.0 812.0 95.0
face 0.37 608.0 1414.0 631.0 1441.0
face 0.37 437.0 74.0 464.0 108.0
face 0.37 835.0 354.0 850.0 373.0
face 0.36 811.0 291.0 830.0 315.0
face 0.36 777.0 73.0 792.0 94.0
face 0.36 623.0 804.0 634.0 819.0
face 0.36 547.0 185.0 562.0 205.0
face 0.36 87.0 175.0 98.0 188.0
face 0.36 938.0 165.0 950.0 179.0
face 0.36 777.0 154.0 800.0 183.0
face 0.36 470.0 100.0 481.0 114.0
face 0.36 149.0 132.0 162.0 149.0
face 0.36 565.0 118.0 577.0 132.0
face 0.36 294.0 197.0 306.0 212.0
face 0.35 72.0 189.0 83.0 202.0
face 0.35 92.0 173.0 104.0 188.0
face 0.35 636.0 884.0 662.0 914.0
face 0.35 829.0 405.0 845.0 425.0
face 0.35 823.0 110.0 834.0 124.0
face 0.35 530.0 1237.0 695.0 1410.0
