face 1.00 592.0 137.0 632.0 190.0
face 1.00 127.0 231.0 168.0 298.0
face 0.97 865.0 395.0 908.0 470.0
face 0.83 619.0 467.0 636.0 487.0
face 0.80 409.0 216.0 445.0 265.0
face 0.80 595.0 45.0 613.0 65.0
face 0.54 647.0 428.0 664.0 446.0
face 0.52 75.0 331.0 148.0 430.0
face 0.50 104.0 408.0 128.0 436.0
face 0.47 919.0 86.0 929.0 98.0
face 0.45 719.0 364.0 731.0 380.0
face 0.45 110.0 378.0 150.0 438.0
face 0.42 863.0 60.0 875.0 74.0
face 0.42 528.0 440.0 539.0 454.0
face 0.42 831.0 156.0 855.0 183.0
face 0.40 869.0 407.0 893.0 442.0
face 0.40 535.0 557.0 545.0 571.0
face 0.38 661.0 526.0 672.0 538.0
face 0.38 506.0 19.0 522.0 38.0
face 0.38 651.0 506.0 675.0 536.0
face 0.37 662.0 469.0 676.0 486.0
face 0.37 694.0 381.0 709.0 398.0
face 0.37 583.0 516.0 593.0 528.0
face 0.37 736.0 423.0 760.0 450.0
face 0.37 573.0 524.0 586.0 541.0
face 0.37 661.0 532.0 672.0 545.0
face 0.36 515.0 1.0 531.0 19.0
face 0.36 670.0 502.0 683.0 518.0
face 0.36 656.0 517.0 667.0 531.0
face 0.36 653.0 541.0 665.0 557.0
face 0.36 691.0 431.0 703.0 445.0
face 0.36 982.0 78.0 992.0 90.0
face 0.36 424.0 245.0 436.0 259.0
face 0.36 559.0 550.0 569.0 563.0
face 0.36 463.0 476.0 474.0 489.0
face 0.36 511.0 480.0 521.0 492.0
face 0.36 847.0 47.0 858.0 60.0
face 0.36 576.0 518.0 587.0 531.0
face 0.36 590.0 529.0 604.0 547.0
face 0.36 569.0 526.0 579.0 538.0
face 0.36 502.0 460.0 514.0 475.0
face 0.36 679.0 445.0 690.0 458.0
face 0.36 392.0 53.0 402.0 64.0
face 0.36 579.0 522.0 595.0 541.0
face 0.36 518.0 445.0 532.0 461.0
face 0.35 662.0 502.0 673.0 516.0
face 0.35 1008.0 92.0 1017.0 104.0
face 0.35 510.0 452.0 522.0 468.0
face 0.35 677.0 501.0 688.0 514.0
face 0.35 552.0 534.0 562.0 545.0
face 0.35 878.0 94.0 888.0 106.0
face 0.35 604.0 483.0 619.0 503.0
face 0.35 951.0 79.0 960.0 89.0
face 0.35 557.0 534.0 569.0 548.0
face 0.35 589.0 517.0 600.0 530.0
face 0.35 500.0 467.0 512.0 481.0
face 0.35 856.0 79.0 866.0 92.0
face 0.35 387.0 362.0 401.0 379.0
face 0.35 503.0 455.0 514.0 466.0
face 0.35 990.0 126.0 1001.0 140.0
face 0.35 694.0 493.0 705.0 506.0
face 0.35 638.0 470.0 648.0 483.0
face 0.35 1014.0 109.0 1024.0 122.0
face 0.35 535.0 454.0 545.0 467.0
