face 0.94 954.0 532.0 970.0 550.0
face 0.94 584.0 541.0 594.0 554.0
face 0.92 157.0 536.0 169.0 551.0
face 0.91 195.0 525.0 210.0 543.0
face 0.91 281.0 604.0 296.0 622.0
face 0.87 51.0 657.0 73.0 679.0
face 0.86 526.0 603.0 540.0 619.0
face 0.81 560.0 540.0 571.0 554.0
face 0.80 766.0 534.0 778.0 548.0
face 0.79 14.0 500.0 26.0 513.0
face 0.77 106.0 560.0 118.0 574.0
face 0.74 164.0 57.0 366.0 305.0
face 0.74 371.0 40.0 541.0 195.0
face 0.73 425.0 572.0 437.0 588.0
face 0.73 66.0 500.0 81.0 516.0
face 0.72 86.0 526.0 97.0 539.0
face 0.67 508.0 525.0 520.0 540.0
face 0.63 854.0 555.0 865.0 569.0
face 0.63 367.0 565.0 377.0 576.0
face 0.62 294.0 543.0 304.0 557.0
face 0.61 516.0 565.0 527.0 579.0
face 0.61 575.0 558.0 587.0 574.0
face 0.60 174.0 518.0 188.0 535.0
face 0.58 150.0 589.0 161.0 604.0
face 0.58 835.0 351.0 846.0 365.0
face 0.57 212.0 608.0 226.0 625.0
face 0.57 653.0 517.0 663.0 530.0
face 0.57 847.0 618.0 863.0 639.0
face 0.56 212.0 548.0 223.0 562.0
face 0.55 723.0 581.0 736.0 599.0
face 0.55 626.0 487.0 636.0 498.0
face 0.55 254.0 582.0 264.0 594.0
face 0.54 589.0 586.0 602.0 603.0
face 0.53 238.0 575.0 250.0 590.0
face 0.51 146.0 526.0 157.0 539.0
face 0.51 606.0 610.0 620.0 627.0
face 0.51 221.0 591.0 233.0 605.0
face 0.51 141.0 501.0 151.0 513.0
face 0.50 775.0 340.0 785.0 353.0
face 0.50 447.0 540.0 458.0 553.0
face 0.49 701.0 580.0 714.0 597.0
face 0.49 998.0 542.0 1010.0 555.0
face 0.48 231.0 522.0 244.0 537.0
face 0.48 826.0 452.0 836.0 465.0
face 0.47 86.0 503.0 95.0 514.0
face 0.45 109.0 590.0 122.0 606.0
face 0.44 973.0 538.0 986.0 555.0
face 0.44 181.0 558.0 198.0 581.0
face 0.44 592.0 488.0 601.0 500.0
face 0.44 857.0 493.0 868.0 507.0
face 0.43 735.0 590.0 746.0 604.0
face 0.43 345.0 580.0 357.0 596.0
face 0.43 364.0 587.0 377.0 602.0
face 0.43 630.0 583.0 639.0 596.0
face 0.43 877.0 461.0 887.0 474.0
face 0.42 713.0 534.0 723.0 546.0
face 0.42 191.0 607.0 203.0 622.0
face 0.42 558.0 615.0 575.0 636.0
face 0.41 648.0 511.0 658.0 522.0
face 0.41 680.0 571.0 691.0 586.0
face 0.41 703.0 566.0 715.0 579.0
face 0.41 501.0 547.0 514.0 564.0
face 0.41 894.0 368.0 904.0 380.0
face 0.41 989.0 567.0 1001.0 581.0
face 0.41 911.0 527.0 922.0 540.0
face 0.40 136.0 579.0 150.0 595.0
face 0.40 887.0 511.0 898.0 524.0
face 0.40 791.0 488.0 802.0 500.0
face 0.40 252.0 493.0 265.0 508.0
face 0.40 70.0 517.0 82.0 532.0
face 0.40 168.0 524.0 178.0 537.0
face 0.40 414.0 517.0 424.0 529.0
face 0.40 214.0 541.0 224.0 554.0
face 0.40 829.0 525.0 844.0 542.0
face 0.40 607.0 503.0 616.0 514.0
face 0.40 406.0 568.0 416.0 579.0
face 0.40 6.0 517.0 16.0 529.0
face 0.39 144.0 532.0 154.0 545.0
face 0.39 175.0 510.0 185.0 522.0
face 0.39 146.0 519.0 156.0 532.0
face 0.39 246.0 574.0 255.0 586.0
face 0.39 127.0 526.0 137.0 538.0
face 0.39 464.0 487.0 474.0 498.0
face 0.39 317.0 529.0 332.0 550.0
face 0.39 319.0 582.0 331.0 597.0
face 0.39 391.0 519.0 402.0 530.0
face 0.39 78.0 518.0 88.0 530.0
face 0.39 245.0 559.0 253.0 569.0
face 0.39 342.0 535.0 354.0 548.0
face 0.39 136.0 493.0 149.0 509.0
face 0.39 664.0 627.0 685.0 649.0
face 0.39 182.0 519.0 192.0 531.0
face 0.39 238.0 520.0 248.0 532.0
face 0.39 497.0 504.0 506.0 514.0
face 0.39 399.0 558.0 408.0 570.0
face 0.39 319.0 526.0 329.0 538.0
face 0.39 687.0 500.0 698.0 514.0
face 0.39 208.0 518.0 218.0 530.0
face 0.39 781.0 533.0 792.0 546.0
face 0.39 672.0 501.0 683.0 514.0
face 0.39 225.0 518.0 234.0 530.0
face 0.39 601.0 503.0 611.0 514.0
face 0.39 625.0 511.0 634.0 522.0
face 0.39 615.0 527.0 624.0 539.0
face 0.39 758.0 495.0 769.0 509.0
face 0.39 423.0 509.0 434.0 521.0
face 0.39 526.0 510.0 535.0 520.0
face 0.38 104.0 496.0 113.0 506.0
face 0.38 245.0 564.0 255.0 578.0
face 0.38 143.0 596.0 156.0 612.0
face 0.38 641.0 489.0 649.0 499.0
face 0.38 871.0 510.0 882.0 523.0
face 0.38 574.0 552.0 585.0 565.0
face 0.38 606.0 485.0 615.0 495.0
face 0.38 431.0 502.0 441.0 515.0
face 0.38 344.0 557.0 353.0 569.0
face 0.38 161.0 495.0 171.0 508.0
face 0.38 657.0 495.0 666.0 505.0
face 0.38 408.0 519.0 420.0 532.0
face 0.38 342.0 492.0 353.0 506.0
face 0.38 102.0 509.0 112.0 521.0
face 0.38 445.0 484.0 457.0 499.0
face 0.38 248.0 501.0 258.0 513.0
face 0.38 599.0 528.0 609.0 540.0
face 0.38 279.0 511.0 288.0 522.0
face 0.38 134.0 535.0 145.0 547.0
face 0.38 671.0 509.0 681.0 520.0
face 0.38 797.0 519.0 809.0 533.0
face 0.38 641.0 511.0 650.0 522.0
face 0.38 789.0 549.0 799.0 562.0
face 0.38 223.0 511.0 232.0 521.0
face 0.38 155.0 609.0 171.0 629.0
face 0.38 421.0 525.0 434.0 541.0
face 0.38 406.0 524.0 418.0 538.0
face 0.38 511.0 511.0 520.0 521.0
face 0.38 116.0 588.0 129.0 603.0
face 0.38 510.0 18.0 704.0 205.0
face 0.38 453.0 519.0 462.0 529.0
face 0.38 182.0 550.0 194.0 562.0
face 0.38 975.0 524.0 986.0 537.0
face 0.38 776.0 495.0 785.0 505.0
face 0.38 60.0 540.0 72.0 555.0
face 0.38 360.0 519.0 368.0 529.0
face 0.38 783.0 528.0 792.0 539.0
face 0.38 397.0 518.0 409.0 531.0
face 0.38 872.0 504.0 882.0 515.0
face 0.38 240.0 510.0 249.0 521.0
face 0.38 831.0 510.0 840.0 521.0
face 0.38 797.0 537.0 812.0 552.0
face 0.38 175.0 504.0 185.0 515.0
face 0.38 254.0 536.0 264.0 546.0
face 0.38 183.0 508.0 194.0 523.0
face 0.38 206.0 509.0 216.0 522.0
face 0.38 782.0 503.0 792.0 515.0
face 0.38 391.0 501.0 400.0 511.0
face 0.38 190.0 507.0 201.0 520.0
face 0.38 615.0 503.0 625.0 514.0
face 0.38 503.0 509.0 513.0 520.0
face 0.38 160.0 520.0 169.0 530.0
face 0.38 487.0 533.0 497.0 544.0
face 0.38 109.0 494.0 120.0 506.0
face 0.38 417.0 540.0 426.0 553.0
face 0.38 340.0 618.0 351.0 633.0
face 0.38 400.0 503.0 410.0 514.0
face 0.38 230.0 511.0 240.0 522.0
face 0.38 520.0 527.0 530.0 538.0
face 0.38 662.0 493.0 673.0 506.0
face 0.38 222.0 502.0 233.0 515.0
face 0.38 44.0 492.0 56.0 507.0
face 0.38 366.0 572.0 377.0 585.0
face 0.38 691.0 508.0 703.0 522.0
face 0.38 208.0 502.0 217.0 514.0
face 0.38 927.0 532.0 938.0 546.0
face 0.38 215.0 518.0 224.0 529.0
face 0.38 463.0 502.0 473.0 514.0
face 0.38 582.0 565.0 593.0 578.0
face 0.37 463.0 493.0 473.0 505.0
face 0.37 624.0 506.0 632.0 515.0
face 0.37 621.0 548.0 631.0 560.0
face 0.37 694.0 574.0 708.0 590.0
face 0.37 662.0 549.0 673.0 565.0
face 0.37 976.0 462.0 988.0 477.0
face 0.37 144.0 604.0 155.0 617.0
face 0.37 663.0 510.0 674.0 523.0
face 0.37 749.0 507.0 761.0 521.0
face 0.37 64.0 526.0 74.0 537.0
face 0.37 887.0 535.0 897.0 546.0
face 0.37 197.0 610.0 209.0 624.0
face 0.37 103.0 502.0 112.0 513.0
face 0.37 246.0 578.0 259.0 594.0
face 0.37 630.0 511.0 639.0 522.0
face 0.37 877.0 526.0 890.0 540.0
face 0.37 776.0 503.0 786.0 514.0
face 0.37 672.0 494.0 682.0 506.0
face 0.37 311.0 579.0 322.0 592.0
face 0.37 120.0 494.0 129.0 504.0
face 0.37 302.0 487.0 315.0 502.0
face 0.37 57.0 502.0 67.0 514.0
face 0.37 151.0 605.0 162.0 618.0
face 0.37 628.0 603.0 639.0 617.0
face 0.37 519.0 518.0 530.0 532.0
face 0.37 896.0 525.0 908.0 539.0
face 0.37 150.0 551.0 161.0 564.0
face 0.37 63.0 566.0 76.0 580.0
face 0.37 879.0 509.0 890.0 521.0
face 0.37 328.0 520.0 338.0 531.0
face 0.37 892.0 475.0 907.0 493.0
face 0.37 569.0 559.0 579.0 570.0
face 0.37 641.0 517.0 650.0 528.0
face 0.37 31.0 558.0 42.0 571.0
face 0.37 480.0 493.0 490.0 504.0
face 0.37 240.0 503.0 249.0 514.0
face 0.37 400.0 510.0 410.0 521.0
face 0.37 941.0 531.0 953.0 547.0
face 0.37 692.0 494.0 704.0 509.0
face 0.37 95.0 548.0 105.0 561.0
face 0.37 599.0 494.0 608.0 505.0
face 0.37 846.0 517.0 857.0 529.0
face 0.37 225.0 525.0 234.0 536.0
face 0.37 678.0 495.0 688.0 507.0
face 0.37 166.0 500.0 176.0 512.0
face 0.37 215.0 597.0 226.0 610.0
face 0.37 840.0 511.0 850.0 522.0
face 0.37 359.0 526.0 368.0 537.0
face 0.37 775.0 511.0 785.0 522.0
face 0.37 374.0 597.0 386.0 612.0
face 0.37 664.0 519.0 674.0 530.0
face 0.37 743.0 503.0 755.0 517.0
face 0.37 486.0 503.0 495.0 513.0
face 0.37 345.0 645.0 368.0 672.0
face 0.37 590.0 504.0 600.0 515.0
face 0.37 260.0 492.0 273.0 507.0
face 0.37 319.0 509.0 328.0 519.0
face 0.37 512.0 491.0 522.0 502.0
face 0.37 437.0 499.0 450.0 516.0
face 0.37 216.0 501.0 226.0 514.0
face 0.37 128.0 558.0 138.0 570.0
face 0.37 120.0 518.0 129.0 529.0
face 0.37 817.0 518.0 826.0 529.0
face 0.37 657.0 534.0 666.0 545.0
face 0.37 489.0 520.0 498.0 531.0
face 0.37 823.0 519.0 832.0 530.0
face 0.37 77.0 501.0 91.0 515.0
face 0.37 663.0 501.0 673.0 513.0
face 0.37 647.0 525.0 658.0 538.0
face 0.37 878.0 533.0 891.0 547.0
face 0.37 661.0 533.0 673.0 548.0
face 0.37 914.0 464.0 923.0 475.0
face 0.37 639.0 534.0 649.0 545.0
face 0.37 231.0 503.0 241.0 513.0
face 0.37 488.0 527.0 498.0 538.0
face 0.37 414.0 521.0 428.0 538.0
face 0.37 688.0 487.0 698.0 498.0
face 0.37 57.0 535.0 67.0 546.0
face 0.37 224.0 494.0 233.0 505.0
face 0.37 80.0 511.0 90.0 523.0
face 0.37 217.0 509.0 226.0 521.0
face 0.37 233.0 580.0 243.0 592.0
face 0.37 847.0 502.0 857.0 514.0
face 0.37 69.0 550.0 81.0 564.0
face 0.37 878.0 503.0 887.0 514.0
face 0.37 288.0 509.0 297.0 520.0
face 0.37 137.0 598.0 146.0 609.0
face 0.37 486.0 495.0 495.0 505.0
face 0.37 878.0 495.0 888.0 506.0
face 0.37 366.0 596.0 377.0 609.0
face 0.37 207.0 598.0 218.0 609.0
face 0.37 844.0 511.0 856.0 524.0
face 0.37 248.0 541.0 256.0 551.0
face 0.37 670.0 519.0 679.0 529.0
face 0.37 352.0 566.0 361.0 577.0
face 0.37 767.0 492.0 777.0 503.0
face 0.37 647.0 506.0 657.0 516.0
face 0.37 200.0 510.0 210.0 521.0
face 0.37 32.0 519.0 41.0 530.0
face 0.37 856.0 488.0 866.0 499.0
face 0.37 368.0 496.0 378.0 507.0
face 0.37 2.0 549.0 12.0 565.0
face 0.37 384.0 516.0 395.0 529.0
face 0.37 520.0 534.0 530.0 545.0
face 0.37 120.0 535.0 129.0 546.0
face 0.37 616.0 509.0 626.0 521.0
face 0.37 391.0 510.0 403.0 525.0
face 0.37 799.0 511.0 809.0 522.0
face 0.37 288.0 526.0 297.0 538.0
face 0.37 640.0 503.0 649.0 513.0
face 0.37 481.0 544.0 490.0 555.0
face 0.37 221.0 543.0 232.0 555.0
face 0.37 465.0 534.0 477.0 548.0
face 0.37 869.0 494.0 881.0 507.0
face 0.37 782.0 517.0 794.0 531.0
face 0.37 104.0 518.0 113.0 529.0
face 0.37 472.0 521.0 480.0 530.0
face 0.37 590.0 525.0 602.0 539.0
face 0.37 616.0 495.0 624.0 505.0
face 0.37 807.0 526.0 818.0 538.0
face 0.37 711.0 589.0 721.0 601.0
face 0.37 718.0 620.0 731.0 635.0
face 0.36 414.0 581.0 425.0 596.0
face 0.36 327.0 541.0 338.0 554.0
face 0.36 69.0 533.0 81.0 547.0
face 0.36 623.0 535.0 633.0 545.0
face 0.36 886.0 524.0 899.0 540.0
face 0.36 377.0 512.0 386.0 522.0
face 0.36 656.0 502.0 665.0 513.0
face 0.36 854.0 527.0 863.0 538.0
face 0.36 121.0 526.0 131.0 537.0
face 0.36 496.0 543.0 506.0 555.0
face 0.36 134.0 527.0 145.0 539.0
face 0.36 709.0 573.0 722.0 588.0
face 0.36 79.0 534.0 89.0 546.0
face 0.36 119.0 511.0 129.0 523.0
face 0.36 807.0 520.0 816.0 530.0
face 0.36 998.0 573.0 1009.0 586.0
face 0.36 231.0 551.0 241.0 562.0
face 0.36 88.0 551.0 97.0 561.0
face 0.36 495.0 535.0 505.0 546.0
face 0.36 137.0 510.0 146.0 522.0
face 0.36 880.0 549.0 891.0 562.0
face 0.36 348.0 533.0 360.0 546.0
face 0.36 824.0 493.0 832.0 503.0
face 0.36 520.0 510.0 530.0 521.0
face 0.36 183.0 534.0 194.0 547.0
face 0.36 288.0 492.0 297.0 505.0
face 0.36 576.0 512.0 585.0 523.0
face 0.36 264.0 541.0 274.0 554.0
face 0.36 439.0 493.0 449.0 505.0
face 0.36 568.0 551.0 578.0 562.0
face 0.36 504.0 533.0 514.0 545.0
face 0.36 806.0 534.0 817.0 548.0
face 0.36 664.0 525.0 674.0 537.0
face 0.36 111.0 511.0 121.0 521.0
face 0.36 711.0 623.0 722.0 634.0
face 0.36 102.0 551.0 113.0 563.0
face 0.36 64.0 508.0 75.0 521.0
face 0.36 205.0 573.0 216.0 587.0
face 0.36 752.0 502.0 762.0 515.0
face 0.36 350.0 511.0 361.0 524.0
face 0.36 324.0 525.0 337.0 540.0
face 0.36 719.0 512.0 729.0 523.0
face 0.36 934.0 539.0 946.0 555.0
face 0.36 208.0 496.0 217.0 507.0
face 0.36 399.0 527.0 409.0 538.0
face 0.36 359.0 596.0 370.0 608.0
face 0.36 793.0 519.0 802.0 531.0
face 0.36 104.0 527.0 113.0 537.0
face 0.36 136.0 518.0 145.0 529.0
face 0.36 711.0 526.0 721.0 539.0
face 0.36 119.0 543.0 128.0 554.0
face 0.36 185.0 504.0 194.0 515.0
face 0.36 257.0 565.0 266.0 576.0
face 0.36 167.0 533.0 177.0 546.0
face 0.36 714.0 633.0 729.0 651.0
face 0.36 1.0 501.0 10.0 514.0
face 0.36 382.0 597.0 393.0 609.0
face 0.36 257.0 519.0 266.0 529.0
face 0.36 584.0 510.0 594.0 522.0
face 0.36 457.0 502.0 466.0 513.0
face 0.36 405.0 511.0 416.0 522.0
face 0.36 368.0 605.0 379.0 620.0
face 0.36 598.0 539.0 610.0 555.0
face 0.36 222.0 535.0 232.0 546.0
face 0.36 824.0 512.0 834.0 522.0
face 0.36 360.0 543.0 369.0 554.0
face 0.36 295.0 489.0 307.0 505.0
face 0.36 830.0 519.0 840.0 531.0
face 0.36 865.0 512.0 875.0 523.0
face 0.36 294.0 526.0 303.0 537.0
face 0.36 838.0 518.0 850.0 532.0
face 0.36 606.0 526.0 617.0 539.0
face 0.36 816.0 495.0 825.0 505.0
face 0.36 831.0 504.0 840.0 515.0
face 0.36 327.0 487.0 336.0 499.0
face 0.36 871.0 350.0 881.0 362.0
face 0.36 336.0 558.0 346.0 570.0
face 0.36 334.0 520.0 343.0 530.0
face 0.36 631.0 527.0 640.0 538.0
face 0.36 830.0 494.0 842.0 507.0
face 0.36 469.0 486.0 481.0 500.0
face 0.36 589.0 518.0 602.0 532.0
face 0.36 775.0 517.0 785.0 529.0
face 0.36 431.0 551.0 441.0 562.0
face 0.36 198.0 501.0 210.0 515.0
face 0.36 869.0 486.0 881.0 500.0
face 0.36 775.0 533.0 786.0 546.0
face 0.36 191.0 573.0 201.0 585.0
face 0.36 849.0 463.0 859.0 474.0
face 0.36 623.0 599.0 634.0 613.0
face 0.36 230.0 495.0 241.0 506.0
face 0.36 576.0 533.0 585.0 545.0
face 0.36 348.0 558.0 359.0 571.0
face 0.36 631.0 505.0 640.0 515.0
face 0.36 752.0 534.0 761.0 545.0
face 0.36 241.0 543.0 249.0 552.0
face 0.36 142.0 508.0 152.0 521.0
face 0.36 13.0 549.0 24.0 562.0
face 0.36 510.0 541.0 520.0 555.0
face 0.36 582.0 583.0 594.0 596.0
face 0.36 481.0 502.0 491.0 513.0
face 0.36 414.0 574.0 425.0 587.0
face 0.36 480.0 566.0 490.0 576.0
face 0.36 46.0 549.0 57.0 561.0
face 0.36 263.0 535.0 273.0 546.0
face 0.36 799.0 504.0 809.0 514.0
face 0.36 703.0 615.0 713.0 627.0
face 0.36 30.0 496.0 40.0 506.0
face 0.36 431.0 519.0 440.0 530.0
face 0.36 597.0 486.0 610.0 500.0
face 0.36 791.0 543.0 802.0 557.0
face 0.36 335.0 565.0 344.0 576.0
face 0.36 526.0 542.0 537.0 556.0
face 0.36 76.0 539.0 89.0 554.0
face 0.36 209.0 545.0 219.0 557.0
face 0.36 87.0 497.0 96.0 508.0
face 0.36 768.0 513.0 777.0 524.0
face 0.36 39.0 511.0 49.0 522.0
face 0.36 319.0 519.0 329.0 531.0
face 0.36 688.0 518.0 698.0 529.0
face 0.36 670.0 486.0 680.0 497.0
face 0.36 417.0 513.0 427.0 525.0
face 0.36 86.0 539.0 99.0 554.0
face 0.36 920.0 484.0 930.0 496.0
face 0.36 782.0 494.0 792.0 505.0
face 0.36 71.0 558.0 81.0 570.0
face 0.36 207.0 526.0 216.0 537.0
face 0.36 485.0 542.0 496.0 554.0
face 0.36 917.0 534.0 929.0 547.0
face 0.36 855.0 500.0 866.0 512.0
face 0.36 359.0 534.0 368.0 545.0
face 0.36 128.0 494.0 137.0 505.0
face 0.36 31.0 511.0 41.0 522.0
face 0.36 119.0 557.0 131.0 571.0
face 0.36 721.0 606.0 732.0 620.0
face 0.36 405.0 502.0 415.0 513.0
face 0.36 685.0 533.0 696.0 546.0
face 0.36 695.0 535.0 705.0 546.0
face 0.36 638.0 544.0 648.0 555.0
face 0.36 32.0 525.0 42.0 536.0
face 0.36 928.0 518.0 937.0 529.0
face 0.36 496.0 496.0 505.0 506.0
face 0.36 374.0 495.0 383.0 506.0
face 0.36 336.0 541.0 346.0 553.0
face 0.36 309.0 487.0 319.0 498.0
face 0.36 862.0 490.0 872.0 501.0
face 0.36 280.0 505.0 289.0 515.0
face 0.36 108.0 501.0 120.0 515.0
face 0.36 712.0 630.0 723.0 643.0
face 0.36 871.0 533.0 883.0 546.0
face 0.36 271.0 494.0 280.0 505.0
face 0.36 753.0 494.0 763.0 506.0
face 0.36 742.0 495.0 754.0 509.0
face 0.36 640.0 527.0 650.0 539.0
face 0.36 855.0 511.0 866.0 521.0
face 0.36 582.0 488.0 594.0 500.0
face 0.36 894.0 518.0 905.0 531.0
face 0.36 336.0 492.0 347.0 504.0
face 0.36 262.0 512.0 271.0 522.0
face 0.36 486.0 565.0 497.0 576.0
face 0.36 344.0 528.0 353.0 540.0
face 0.36 376.0 534.0 385.0 545.0
face 0.36 24.0 527.0 33.0 537.0
face 0.36 528.0 495.0 537.0 506.0
face 0.36 56.0 546.0 69.0 562.0
face 0.36 47.0 500.0 56.0 512.0
face 0.36 231.0 545.0 241.0 556.0
face 0.36 9.0 545.0 18.0 555.0
face 0.36 788.0 457.0 805.0 478.0
face 0.36 14.0 542.0 24.0 553.0
face 0.36 247.0 553.0 256.0 564.0
face 0.36 101.0 542.0 112.0 555.0
face 0.36 853.0 531.0 865.0 547.0
face 0.36 646.0 493.0 657.0 505.0
face 0.36 205.0 590.0 219.0 604.0
face 0.36 349.0 551.0 361.0 565.0
face 0.36 840.0 503.0 849.0 514.0
face 0.36 981.0 508.0 993.0 524.0
face 0.36 344.0 500.0 353.0 512.0
face 0.36 349.0 574.0 359.0 587.0
face 0.36 758.0 508.0 769.0 522.0
face 0.36 567.0 500.0 577.0 512.0
face 0.36 436.0 565.0 448.0 578.0
face 0.36 483.0 547.0 496.0 562.0
face 0.36 807.0 510.0 817.0 521.0
face 0.36 403.0 558.0 418.0 574.0
face 0.36 222.0 573.0 234.0 587.0
face 0.36 168.0 510.0 178.0 521.0
face 0.36 901.0 531.0 914.0 546.0
face 0.36 624.0 527.0 634.0 538.0
face 0.36 71.0 542.0 81.0 554.0
face 0.36 672.0 571.0 683.0 585.0
face 0.36 872.0 526.0 882.0 538.0
face 0.36 520.0 598.0 533.0 614.0
face 0.36 687.0 551.0 697.0 562.0
face 0.36 629.0 542.0 642.0 556.0
face 0.36 470.0 540.0 480.0 551.0
face 0.36 630.0 534.0 641.0 546.0
face 0.36 894.0 471.0 905.0 483.0
face 0.36 863.0 542.0 873.0 554.0
face 0.36 534.0 566.0 544.0 578.0
face 0.36 1.0 509.0 11.0 522.0
face 0.36 670.0 525.0 680.0 538.0
face 0.36 327.0 574.0 336.0 586.0
face 0.36 647.0 486.0 656.0 496.0
face 0.36 351.0 493.0 361.0 505.0
face 0.36 608.0 494.0 617.0 506.0
face 0.36 120.0 549.0 130.0 562.0
face 0.36 848.0 495.0 858.0 506.0
face 0.36 406.0 534.0 415.0 545.0
face 0.36 1.0 542.0 9.0 553.0
face 0.36 269.0 487.0 279.0 497.0
face 0.36 808.0 494.0 817.0 505.0
face 0.36 40.0 502.0 50.0 513.0
face 0.36 959.0 516.0 970.0 529.0
face 0.36 97.0 502.0 106.0 513.0
face 0.36 655.0 488.0 664.0 498.0
face 0.36 274.0 512.0 282.0 522.0
face 0.36 742.0 526.0 752.0 537.0
face 0.36 809.0 503.0 818.0 514.0
face 0.36 199.0 494.0 208.0 505.0
face 0.36 360.0 581.0 372.0 595.0
face 0.36 239.0 495.0 248.0 506.0
face 0.36 711.0 488.0 721.0 500.0
face 0.36 485.0 509.0 498.0 524.0
face 0.36 551.0 519.0 561.0 530.0
face 0.36 439.0 509.0 449.0 521.0
face 0.36 344.0 519.0 353.0 529.0
face 0.36 854.0 350.0 864.0 361.0
face 0.36 392.0 524.0 404.0 537.0
face 0.36 56.0 510.0 66.0 522.0
face 0.36 661.0 630.0 673.0 645.0
face 0.36 191.0 600.0 201.0 612.0
face 0.36 910.0 519.0 920.0 531.0
face 0.36 262.0 566.0 271.0 577.0
face 0.36 550.0 596.0 563.0 611.0
face 0.36 318.0 576.0 329.0 588.0
face 0.36 295.0 509.0 304.0 520.0
face 0.36 353.0 518.0 362.0 528.0
face 0.36 647.0 533.0 658.0 545.0
face 0.36 759.0 526.0 771.0 541.0
face 0.36 471.0 526.0 480.0 537.0
face 0.36 23.0 534.0 33.0 545.0
face 0.36 558.0 527.0 568.0 538.0
face 0.36 511.0 589.0 521.0 601.0
face 0.36 144.0 540.0 154.0 552.0
face 0.36 63.0 557.0 73.0 569.0
face 0.36 417.0 500.0 426.0 511.0
face 0.36 23.0 542.0 32.0 553.0
face 0.36 815.0 511.0 824.0 522.0
face 0.36 383.0 615.0 392.0 625.0
face 0.36 127.0 510.0 137.0 522.0
face 0.36 319.0 486.0 330.0 500.0
face 0.36 247.0 589.0 258.0 602.0
face 0.36 173.0 527.0 188.0 546.0
face 0.36 713.0 550.0 723.0 563.0
face 0.36 422.0 517.0 433.0 529.0
face 0.36 721.0 614.0 731.0 626.0
face 0.36 120.0 502.0 129.0 513.0
face 0.36 127.0 502.0 137.0 513.0
face 0.35 222.0 584.0 233.0 596.0
face 0.35 399.0 532.0 411.0 546.0
face 0.35 792.0 524.0 804.0 539.0
face 0.35 406.0 550.0 416.0 560.0
face 0.35 439.0 536.0 449.0 547.0
face 0.35 22.0 501.0 32.0 512.0
face 0.35 660.0 541.0 673.0 557.0
face 0.35 566.0 534.0 576.0 546.0
face 0.35 678.0 630.0 689.0 643.0
face 0.35 727.0 534.0 736.0 546.0
face 0.35 655.0 589.0 665.0 603.0
face 0.35 278.0 516.0 289.0 530.0
face 0.35 312.0 519.0 322.0 531.0
face 0.35 464.0 527.0 473.0 538.0
face 0.35 887.0 541.0 897.0 553.0
face 0.35 501.0 587.0 514.0 602.0
face 0.35 135.0 488.0 145.0 500.0
face 0.35 188.0 541.0 201.0 556.0
face 0.35 129.0 542.0 138.0 553.0
face 0.35 687.0 566.0 697.0 580.0
face 0.35 222.0 567.0 232.0 579.0
face 0.35 607.0 508.0 617.0 520.0
face 0.35 813.0 502.0 824.0 515.0
face 0.35 159.0 527.0 170.0 540.0
face 0.35 30.0 502.0 39.0 513.0
face 0.35 895.0 532.0 906.0 546.0
face 0.35 239.0 552.0 249.0 563.0
face 0.35 0.0 536.0 9.0 547.0
face 0.35 679.0 509.0 689.0 520.0
face 0.35 262.0 518.0 271.0 529.0
face 0.35 449.0 525.0 458.0 536.0
face 0.35 503.0 492.0 515.0 505.0
face 0.35 112.0 534.0 121.0 545.0
face 0.35 551.0 525.0 561.0 537.0
face 0.35 694.0 487.0 703.0 498.0
face 0.35 707.0 613.0 721.0 628.0
face 0.35 670.0 533.0 679.0 545.0
face 0.35 85.0 563.0 98.0 578.0
face 0.35 414.0 565.0 425.0 578.0
face 0.35 590.0 574.0 602.0 587.0
face 0.35 737.0 502.0 748.0 515.0
face 0.35 686.0 580.0 697.0 592.0
face 0.35 544.0 517.0 553.0 527.0
face 0.35 454.0 523.0 465.0 537.0
face 0.35 328.0 503.0 336.0 513.0
face 0.35 406.0 572.0 418.0 588.0
face 0.35 902.0 518.0 913.0 533.0
face 0.35 784.0 487.0 795.0 500.0
face 0.35 303.0 502.0 312.0 513.0
face 0.35 678.0 501.0 689.0 514.0
face 0.35 702.0 549.0 715.0 563.0
face 0.35 78.0 557.0 90.0 571.0
face 0.35 792.0 512.0 801.0 522.0
face 0.35 351.0 501.0 361.0 512.0
face 0.35 268.0 597.0 281.0 614.0
face 0.35 613.0 596.0 628.0 612.0
face 0.35 526.0 527.0 535.0 537.0
face 0.35 712.0 520.0 721.0 530.0
face 0.35 232.0 531.0 243.0 544.0
face 0.35 686.0 527.0 696.0 538.0
face 0.35 350.0 527.0 362.0 540.0
face 0.35 22.0 551.0 32.0 561.0
face 0.35 617.0 488.0 626.0 498.0
face 0.35 312.0 561.0 322.0 571.0
face 0.35 625.0 481.0 634.0 493.0
face 0.35 198.0 598.0 209.0 610.0
face 0.35 359.0 549.0 368.0 560.0
face 0.35 880.0 543.0 890.0 555.0
face 0.35 239.0 590.0 250.0 602.0
face 0.35 693.0 628.0 707.0 646.0
face 0.35 352.0 647.0 363.0 660.0
face 0.35 542.0 559.0 552.0 570.0
face 0.35 694.0 516.0 704.0 527.0
face 0.35 454.0 484.0 467.0 499.0
face 0.35 928.0 512.0 938.0 523.0
face 0.35 232.0 556.0 242.0 568.0
face 0.35 509.0 550.0 520.0 562.0
face 0.35 111.0 517.0 121.0 528.0
face 0.35 662.0 571.0 674.0 585.0
face 0.35 160.0 510.0 169.0 521.0
face 0.35 839.0 495.0 848.0 505.0
face 0.35 935.0 470.0 945.0 482.0
face 0.35 879.0 517.0 890.0 530.0
face 0.35 836.0 533.0 848.0 546.0
face 0.35 945.0 518.0 954.0 529.0
face 0.35 428.0 525.0 439.0 539.0
face 0.35 351.0 636.0 363.0 652.0
face 0.35 176.0 543.0 186.0 555.0
face 0.35 271.0 502.0 281.0 513.0
face 0.35 537.0 527.0 545.0 538.0
face 0.35 512.0 504.0 521.0 514.0
face 0.35 519.0 493.0 529.0 503.0
face 0.35 456.0 512.0 465.0 523.0
face 0.35 479.0 518.0 490.0 530.0
face 0.35 328.0 512.0 337.0 522.0
face 0.35 521.0 542.0 530.0 554.0
face 0.35 918.0 469.0 927.0 480.0
face 0.35 837.0 526.0 848.0 538.0
face 0.35 113.0 542.0 122.0 553.0
face 0.35 950.0 518.0 961.0 530.0
face 0.35 211.0 633.0 227.0 651.0
face 0.35 366.0 519.0 375.0 529.0
face 0.35 568.0 512.0 578.0 522.0
face 0.35 245.0 507.0 258.0 522.0
face 0.35 736.0 524.0 746.0 536.0
face 0.35 879.0 488.0 888.0 498.0
face 0.35 526.0 556.0 538.0 571.0
face 0.35 527.0 435.0 538.0 448.0
face 0.35 655.0 548.0 666.0 561.0
face 0.35 192.0 487.0 203.0 499.0
face 0.35 551.0 582.0 562.0 594.0
face 0.35 278.0 524.0 290.0 539.0
face 0.35 318.0 560.0 327.0 569.0
face 0.35 312.0 503.0 323.0 515.0
face 0.35 95.0 495.0 106.0 507.0
face 0.35 373.0 558.0 384.0 570.0
face 0.35 30.0 532.0 43.0 547.0
face 0.35 38.0 518.0 48.0 529.0
face 0.35 440.0 541.0 451.0 553.0
face 0.35 401.0 553.0 410.0 564.0
face 0.35 55.0 495.0 65.0 507.0
face 0.35 863.0 499.0 873.0 512.0
face 0.35 129.0 575.0 138.0 586.0
face 0.35 76.0 551.0 89.0 564.0
face 0.35 375.0 590.0 385.0 603.0
face 0.35 521.0 504.0 530.0 514.0
face 0.35 680.0 559.0 690.0 571.0
face 0.35 166.0 541.0 176.0 553.0
face 0.35 941.0 548.0 956.0 565.0
face 0.35 377.0 517.0 386.0 528.0
face 0.35 56.0 518.0 66.0 530.0
face 0.35 687.0 541.0 697.0 553.0
face 0.35 273.0 518.0 281.0 528.0
face 0.35 216.0 495.0 225.0 506.0
face 0.35 224.0 549.0 234.0 560.0
face 0.35 863.0 526.0 873.0 537.0
face 0.35 471.0 510.0 480.0 521.0
face 0.35 345.0 512.0 354.0 522.0
face 0.35 736.0 510.0 746.0 521.0
face 0.35 925.0 487.0 935.0 498.0
face 0.35 505.0 519.0 514.0 530.0
face 0.35 749.0 515.0 762.0 530.0
face 0.35 467.0 500.0 480.0 516.0
face 0.35 542.0 534.0 553.0 546.0
face 0.35 470.0 558.0 479.0 569.0
face 0.35 238.0 533.0 248.0 545.0
face 0.35 15.0 566.0 26.0 579.0
face 0.35 359.0 575.0 370.0 588.0
face 0.35 406.0 540.0 418.0 555.0
face 0.35 312.0 493.0 321.0 503.0
face 0.35 720.0 598.0 730.0 610.0
face 0.35 385.0 502.0 394.0 513.0
face 0.35 119.0 565.0 128.0 577.0
face 0.35 319.0 596.0 330.0 610.0
face 0.35 406.0 496.0 415.0 507.0
face 0.35 455.0 534.0 465.0 546.0
face 0.35 14.0 519.0 24.0 529.0
face 0.35 471.0 493.0 481.0 504.0
face 0.35 453.0 542.0 463.0 554.0
face 0.35 718.0 518.0 729.0 531.0
face 0.35 589.0 542.0 599.0 554.0
face 0.35 328.0 607.0 339.0 619.0
face 0.35 313.0 511.0 323.0 521.0
face 0.35 448.0 558.0 458.0 570.0
face 0.35 262.0 572.0 273.0 586.0
