face 1.00 630.0 8.0 805.0 230.0
face 0.56 402.0 979.0 416.0 995.0
face 0.54 342.0 882.0 366.0 915.0
face 0.47 522.0 1320.0 573.0 1383.0
face 0.44 575.0 899.0 598.0 923.0
face 0.38 390.0 862.0 402.0 876.0
face 0.38 557.0 947.0 569.0 962.0
face 0.37 542.0 923.0 552.0 936.0
face 0.37 510.0 918.0 524.0 935.0
face 0.37 523.0 921.0 537.0 938.0
face 0.36 591.0 925.0 604.0 941.0
face 0.36 390.0 883.0 403.0 899.0
face 0.36 387.0 1021.0 402.0 1038.0
face 0.36 333.0 977.0 354.0 1007.0
face 0.36 381.0 861.0 395.0 877.0
face 0.36 964.0 700.0 981.0 722.0
face 0.36 541.0 899.0 556.0 917.0
face 0.36 560.0 907.0 571.0 920.0
face 0.36 374.0 882.0 387.0 897.0
face 0.36 369.0 540.0 488.0 644.0
face 0.36 381.0 877.0 395.0 894.0
face 0.36 573.0 966.0 588.0 984.0
face 0.36 500.0 917.0 514.0 935.0
face 0.36 606.0 906.0 618.0 920.0
face 0.36 612.0 1033.0 628.0 1051.0
face 0.35 558.0 926.0 569.0 939.0
face 0.35 381.0 1041.0 396.0 1059.0
face 0.35 621.0 925.0 634.0 942.0
face 0.35 606.0 926.0 617.0 940.0
face 0.35 446.0 922.0 460.0 940.0
face 0.35 623.0 907.0 633.0 919.0
face 0.35 534.0 919.0 546.0 932.0
face 0.35 654.0 964.0 668.0 982.0
face 0.35 376.0 862.0 387.0 876.0
