face 1.00 522.0 301.0 550.0 332.0
face 0.97 948.0 190.0 993.0 256.0
face 0.97 817.0 261.0 830.0 277.0
face 0.90 589.0 233.0 616.0 267.0
face 0.87 562.0 272.0 588.0 303.0
face 0.86 385.0 330.0 418.0 373.0
face 0.77 890.0 255.0 901.0 269.0
face 0.71 739.0 261.0 756.0 282.0
face 0.67 283.0 617.0 307.0 644.0
face 0.51 239.0 253.0 252.0 269.0
face 0.51 361.0 373.0 376.0 392.0
face 0.50 748.0 59.0 762.0 75.0
face 0.46 799.0 275.0 813.0 293.0
face 0.44 798.0 142.0 809.0 155.0
face 0.43 654.0 98.0 669.0 116.0
face 0.43 701.0 248.0 720.0 275.0
face 0.43 415.0 496.0 443.0 532.0
face 0.40 660.0 241.0 674.0 257.0
face 0.39 765.0 260.0 778.0 277.0
face 0.39 701.0 237.0 715.0 253.0
face 0.38 1013.0 35.0 1024.0 50.0
face 0.38 861.0 270.0 872.0 284.0
face 0.38 531.0 171.0 543.0 187.0
face 0.38 856.0 276.0 866.0 289.0
face 0.37 726.0 239.0 736.0 252.0
face 0.37 835.0 267.0 848.0 283.0
face 0.37 759.0 254.0 771.0 268.0
face 0.37 831.0 263.0 842.0 276.0
face 0.36 850.0 282.0 864.0 300.0
face 0.36 861.0 44.0 873.0 59.0
face 0.36 849.0 291.0 859.0 303.0
face 0.36 872.0 287.0 882.0 300.0
face 0.36 735.0 254.0 746.0 267.0
face 0.36 84.0 301.0 100.0 318.0
face 0.36 694.0 252.0 705.0 266.0
face 0.36 631.0 236.0 644.0 251.0
face 0.36 606.0 231.0 618.0 245.0
face 0.36 806.0 135.0 817.0 147.0
face 0.36 136.0 110.0 146.0 123.0
face 0.36 790.0 167.0 800.0 179.0
face 0.36 813.0 118.0 824.0 130.0
face 0.35 498.0 340.0 512.0 354.0
face 0.35 876.0 303.0 888.0 316.0
face 0.35 765.0 77.0 776.0 91.0
face 0.35 825.0 286.0 836.0 299.0
face 0.35 60.0 91.0 73.0 109.0
face 0.35 812.0 141.0 824.0 156.0
face 0.35 662.0 193.0 674.0 210.0
face 0.35 429.0 13.0 440.0 25.0
face 0.35 433.0 45.0 443.0 58.0
face 0.35 829.0 292.0 841.0 305.0
face 0.35 869.0 270.0 878.0 281.0
face 0.35 846.0 334.0 857.0 348.0
face 0.35 637.0 243.0 649.0 257.0
