face 0.84 743.0 146.0 763.0 171.0
face 0.78 687.0 137.0 708.0 166.0
face 0.66 650.0 189.0 668.0 211.0
face 0.63 339.0 50.0 402.0 154.0
face 0.51 800.0 268.0 822.0 297.0
face 0.43 615.0 194.0 643.0 228.0
face 0.43 568.0 150.0 590.0 178.0
face 0.39 916.0 140.0 934.0 164.0
face 0.39 63.0 138.0 86.0 165.0
face 0.38 550.0 184.0 566.0 203.0
face 0.37 829.0 219.0 844.0 237.0
face 0.37 172.0 243.0 306.0 373.0
face 0.36 736.0 346.0 760.0 383.0
face 0.36 828.0 234.0 843.0 253.0
face 0.36 699.0 196.0 717.0 217.0
face 0.36 443.0 185.0 457.0 203.0
face 0.35 678.0 182.0 690.0 196.0
face 0.35 668.0 170.0 683.0 188.0
