face 1.00 878.0 359.0 975.0 497.0
face 0.90 353.0 482.0 374.0 506.0
face 0.66 280.0 568.0 302.0 598.0
face 0.56 680.0 607.0 692.0 621.0
face 0.44 572.0 598.0 584.0 613.0
face 0.44 944.0 529.0 985.0 577.0
face 0.44 932.0 253.0 949.0 273.0
face 0.41 165.0 653.0 176.0 668.0
face 0.40 89.0 622.0 110.0 647.0
face 0.40 257.0 640.0 267.0 651.0
face 0.40 498.0 693.0 516.0 713.0
face 0.39 861.0 642.0 876.0 660.0
face 0.39 462.0 693.0 475.0 708.0
face 0.39 446.0 692.0 459.0 707.0
face 0.39 260.0 752.0 274.0 771.0
face 0.39 231.0 559.0 243.0 573.0
face 0.38 293.0 669.0 305.0 683.0
face 0.38 819.0 568.0 833.0 585.0
face 0.38 1005.0 526.0 1021.0 544.0
face 0.38 589.0 599.0 600.0 612.0
face 0.37 211.0 702.0 225.0 720.0
face 0.37 464.0 624.0 473.0 635.0
face 0.37 118.0 645.0 129.0 658.0
face 0.37 77.0 678.0 93.0 697.0
face 0.37 695.0 612.0 706.0 626.0
face 0.37 38.0 605.0 47.0 617.0
face 0.37 214.0 635.0 227.0 652.0
face 0.36 111.0 645.0 123.0 658.0
face 0.36 574.0 591.0 584.0 603.0
face 0.36 504.0 646.0 518.0 664.0
face 0.36 87.0 614.0 97.0 626.0
face 0.36 480.0 623.0 489.0 634.0
face 0.36 76.0 619.0 89.0 634.0
face 0.36 268.0 653.0 281.0 668.0
face 0.36 615.0 597.0 625.0 610.0
face 0.35 376.0 670.0 387.0 682.0
face 0.35 615.0 606.0 625.0 617.0
face 0.35 591.0 713.0 601.0 725.0
face 0.35 454.0 691.0 468.0 708.0
face 0.35 614.0 734.0 624.0 745.0
face 0.35 366.0 580.0 379.0 595.0
face 0.35 262.0 639.0 272.0 650.0
face 0.35 397.0 662.0 408.0 674.0
face 0.35 73.0 615.0 83.0 627.0
face 0.35 597.0 716.0 611.0 731.0
face 0.35 133.0 661.0 145.0 673.0
face 0.35 110.0 685.0 120.0 696.0
face 0.35 486.0 624.0 496.0 635.0
face 0.35 87.0 621.0 98.0 635.0
face 0.35 558.0 603.0 570.0 619.0
face 0.35 379.0 629.0 393.0 646.0
face 0.35 647.0 726.0 658.0 738.0
