face 1.00 491.0 100.0 567.0 185.0
face 0.99 366.0 72.0 388.0 98.0
face 0.72 916.0 95.0 929.0 111.0
face 0.59 732.0 59.0 756.0 87.0
face 0.56 334.0 171.0 345.0 186.0
face 0.54 568.0 222.0 604.0 275.0
face 0.44 636.0 150.0 720.0 250.0
face 0.43 440.0 95.0 450.0 108.0
face 0.43 618.0 272.0 640.0 300.0
face 0.42 438.0 62.0 459.0 88.0
face 0.42 466.0 66.0 483.0 85.0
face 0.38 926.0 189.0 938.0 203.0
face 0.37 471.0 109.0 483.0 123.0
face 0.37 921.0 116.0 936.0 133.0
face 0.36 901.0 108.0 913.0 123.0
face 0.36 940.0 171.0 951.0 186.0
face 0.36 255.0 248.0 270.0 267.0
face 0.35 638.0 184.0 655.0 205.0
face 0.35 422.0 122.0 436.0 139.0
face 0.35 935.0 182.0 946.0 195.0
face 0.35 877.0 122.0 894.0 142.0
