face 1.00 295.0 322.0 325.0 360.0
face 1.00 391.0 309.0 425.0 350.0
face 1.00 858.0 304.0 894.0 345.0
face 1.00 472.0 306.0 507.0 346.0
face 1.00 732.0 319.0 771.0 364.0
face 1.00 175.0 325.0 208.0 363.0
face 1.00 86.0 315.0 115.0 351.0
face 1.00 592.0 305.0 637.0 352.0
face 0.92 23.0 327.0 40.0 349.0
face 0.86 979.0 292.0 994.0 311.0
face 0.83 232.0 489.0 260.0 526.0
face 0.66 984.0 337.0 996.0 353.0
face 0.65 521.0 455.0 542.0 482.0
face 0.56 97.0 449.0 113.0 469.0
face 0.53 836.0 330.0 852.0 348.0
face 0.51 227.0 464.0 244.0 485.0
face 0.50 637.0 305.0 660.0 335.0
face 0.50 311.0 295.0 341.0 329.0
face 0.49 907.0 327.0 925.0 347.0
face 0.49 656.0 463.0 676.0 488.0
face 0.49 518.0 307.0 530.0 322.0
face 0.46 237.0 86.0 248.0 101.0
face 0.46 632.0 469.0 654.0 496.0
face 0.45 94.0 405.0 110.0 426.0
face 0.44 385.0 449.0 399.0 471.0
face 0.44 1007.0 349.0 1021.0 368.0
face 0.43 1.0 340.0 12.0 356.0
face 0.42 492.0 468.0 521.0 502.0
face 0.41 458.0 458.0 482.0 488.0
face 0.41 834.0 74.0 849.0 92.0
face 0.40 99.0 478.0 120.0 503.0
face 0.39 406.0 418.0 422.0 440.0
face 0.38 582.0 27.0 605.0 59.0
face 0.36 858.0 418.0 893.0 458.0
face 0.36 259.0 347.0 274.0 366.0
face 0.36 683.0 507.0 700.0 529.0
face 0.36 398.0 464.0 439.0 510.0
face 0.36 211.0 291.0 229.0 311.0
face 0.36 61.0 314.0 88.0 346.0
face 0.36 782.0 486.0 803.0 513.0
face 0.35 655.0 208.0 665.0 220.0
face 0.35 1006.0 343.0 1017.0 357.0
