face 0.93 287.0 112.0 387.0 247.0
face 0.78 603.0 196.0 624.0 222.0
face 0.61 225.0 154.0 245.0 178.0
face 0.59 273.0 414.0 289.0 434.0
face 0.54 68.0 240.0 179.0 359.0
face 0.48 799.0 203.0 814.0 221.0
face 0.46 382.0 226.0 430.0 289.0
face 0.41 299.0 247.0 349.0 311.0
face 0.41 194.0 470.0 211.0 492.0
face 0.40 397.0 45.0 411.0 63.0
face 0.40 559.0 165.0 570.0 179.0
face 0.39 515.0 140.0 529.0 156.0
face 0.38 451.0 270.0 472.0 300.0
face 0.38 316.0 177.0 344.0 210.0
face 0.37 324.0 170.0 417.0 286.0
face 0.37 530.0 309.0 542.0 324.0
face 0.37 252.0 136.0 303.0 206.0
face 0.36 438.0 158.0 449.0 172.0
face 0.36 582.0 197.0 599.0 221.0
face 0.36 456.0 141.0 465.0 153.0
face 0.36 543.0 325.0 553.0 338.0
face 0.36 463.0 142.0 476.0 157.0
face 0.36 438.0 148.0 449.0 162.0
face 0.36 469.0 146.0 483.0 164.0
face 0.35 503.0 157.0 514.0 172.0
face 0.35 252.0 144.0 269.0 165.0
face 0.35 261.0 362.0 278.0 384.0
