face 1.00 638.0 202.0 674.0 252.0
face 1.00 110.0 39.0 138.0 72.0
face 0.98 395.0 163.0 429.0 203.0
face 0.98 372.0 87.0 392.0 110.0
face 0.89 293.0 95.0 314.0 120.0
face 0.84 204.0 160.0 228.0 189.0
face 0.63 589.0 115.0 605.0 136.0
face 0.53 255.0 128.0 266.0 142.0
face 0.52 -2.0 267.0 21.0 298.0
face 0.46 338.0 253.0 361.0 280.0
face 0.46 581.0 237.0 594.0 253.0
face 0.45 809.0 14.0 822.0 29.0
face 0.44 749.0 83.0 763.0 101.0
face 0.42 612.0 267.0 631.0 287.0
face 0.41 711.0 92.0 723.0 105.0
face 0.40 242.0 100.0 255.0 115.0
face 0.39 518.0 131.0 531.0 148.0
face 0.38 54.0 151.0 93.0 200.0
face 0.38 38.0 166.0 48.0 177.0
face 0.38 567.0 245.0 577.0 258.0
face 0.38 204.0 219.0 219.0 238.0
face 0.38 295.0 61.0 306.0 74.0
face 0.38 102.0 352.0 118.0 369.0
face 0.38 224.0 222.0 238.0 239.0
face 0.37 118.0 282.0 133.0 303.0
face 0.37 599.0 237.0 610.0 250.0
face 0.37 848.0 103.0 861.0 117.0
face 0.36 269.0 260.0 282.0 276.0
face 0.36 166.0 161.0 179.0 177.0
face 0.36 221.0 246.0 234.0 260.0
face 0.36 214.0 238.0 226.0 252.0
face 0.36 969.0 196.0 981.0 211.0
face 0.36 591.0 238.0 602.0 250.0
face 0.36 511.0 118.0 520.0 130.0
face 0.36 406.0 165.0 418.0 178.0
face 0.36 998.0 158.0 1008.0 169.0
face 0.36 295.0 158.0 306.0 170.0
face 0.36 552.0 141.0 561.0 153.0
face 0.36 46.0 188.0 58.0 204.0
face 0.36 767.0 91.0 777.0 105.0
face 0.36 512.0 21.0 522.0 33.0
face 0.35 270.0 93.0 281.0 106.0
face 0.35 992.0 230.0 1004.0 246.0
face 0.35 189.0 125.0 200.0 138.0
face 0.35 758.0 86.0 769.0 100.0
face 0.35 40.0 183.0 50.0 194.0
face 0.35 243.0 162.0 257.0 178.0
face 0.35 959.0 215.0 969.0 226.0
face 0.35 966.0 230.0 976.0 242.0
face 0.35 536.0 157.0 545.0 168.0
face 0.35 546.0 179.0 560.0 195.0
face 0.35 553.0 248.0 562.0 258.0
face 0.35 777.0 270.0 787.0 282.0
face 0.35 672.0 21.0 682.0 33.0
face 0.35 228.0 165.0 240.0 180.0
face 0.35 831.0 103.0 840.0 113.0
face 0.35 274.0 166.0 285.0 181.0
face 0.35 247.0 182.0 258.0 194.0
face 0.35 316.0 94.0 328.0 109.0
face 0.35 554.0 254.0 564.0 267.0
face 0.35 544.0 95.0 554.0 107.0
