face 0.93 538.0 390.0 571.0 427.0
face 0.73 182.0 302.0 196.0 320.0
face 0.50 155.0 437.0 180.0 470.0
face 0.47 716.0 683.0 731.0 701.0
face 0.46 825.0 655.0 863.0 696.0
face 0.44 580.0 273.0 602.0 300.0
face 0.41 710.0 671.0 721.0 683.0
face 0.40 750.0 264.0 764.0 286.0
face 0.39 749.0 278.0 765.0 302.0
face 0.39 730.0 231.0 747.0 251.0
face 0.37 534.0 233.0 566.0 268.0
face 0.37 169.0 437.0 195.0 472.0
face 0.37 213.0 572.0 228.0 590.0
face 0.37 701.0 682.0 715.0 700.0
face 0.36 40.0 798.0 54.0 813.0
face 0.36 541.0 539.0 552.0 555.0
face 0.36 62.0 444.0 73.0 460.0
