face 0.70 316.0 26.0 330.0 46.0
face 0.61 780.0 103.0 796.0 122.0
face 0.48 934.0 128.0 946.0 141.0
face 0.47 525.0 460.0 538.0 475.0
face 0.46 152.0 493.0 189.0 544.0
face 0.46 239.0 86.0 304.0 159.0
face 0.46 782.0 613.0 794.0 627.0
face 0.42 120.0 513.0 159.0 558.0
face 0.41 315.0 191.0 335.0 221.0
face 0.36 718.0 85.0 730.0 102.0
face 0.36 827.0 122.0 841.0 139.0
face 0.36 918.0 142.0 929.0 155.0
face 0.36 509.0 474.0 523.0 493.0
face 0.36 253.0 295.0 263.0 306.0
face 0.35 151.0 69.0 163.0 84.0
face 0.35 258.0 378.0 273.0 398.0
face 0.35 134.0 69.0 144.0 82.0
face 0.35 912.0 86.0 921.0 98.0
face 0.35 887.0 94.0 897.0 105.0
face 0.35 192.0 241.0 208.0 260.0
