face 1.00 467.0 96.0 536.0 176.0
face 0.91 434.0 200.0 485.0 258.0
face 0.90 939.0 468.0 1020.0 573.0
face 0.73 661.0 672.0 678.0 695.0
face 0.58 592.0 126.0 630.0 176.0
face 0.53 18.0 52.0 57.0 95.0
face 0.52 901.0 652.0 914.0 670.0
face 0.50 610.0 605.0 627.0 624.0
face 0.50 354.0 355.0 379.0 384.0
face 0.48 331.0 45.0 349.0 66.0
face 0.48 132.0 75.0 168.0 126.0
face 0.45 629.0 294.0 656.0 330.0
face 0.42 564.0 100.0 591.0 130.0
face 0.41 838.0 105.0 861.0 139.0
face 0.41 635.0 417.0 650.0 436.0
face 0.40 645.0 369.0 663.0 392.0
face 0.40 240.0 118.0 288.0 174.0
face 0.39 343.0 150.0 381.0 194.0
face 0.38 750.0 146.0 764.0 164.0
face 0.38 618.0 262.0 636.0 284.0
face 0.37 654.0 334.0 681.0 365.0
face 0.36 340.0 207.0 355.0 226.0
face 0.36 708.0 38.0 759.0 97.0
face 0.36 269.0 138.0 283.0 155.0
face 0.36 674.0 129.0 689.0 149.0
face 0.36 916.0 676.0 929.0 693.0
face 0.35 638.0 332.0 694.0 400.0
face 0.35 191.0 130.0 205.0 147.0
