face 1.00 559.0 71.0 619.0 144.0
face 0.77 22.0 172.0 88.0 247.0
face 0.67 981.0 52.0 993.0 66.0
face 0.63 123.0 683.0 153.0 719.0
face 0.58 870.0 192.0 881.0 206.0
face 0.55 268.0 356.0 282.0 372.0
face 0.52 323.0 609.0 354.0 644.0
face 0.51 486.0 528.0 501.0 545.0
face 0.50 495.0 510.0 506.0 523.0
face 0.48 505.0 695.0 539.0 731.0
face 0.47 360.0 476.0 372.0 491.0
face 0.46 137.0 569.0 161.0 599.0
face 0.44 430.0 322.0 444.0 339.0
face 0.43 845.0 368.0 857.0 382.0
face 0.41 462.0 284.0 473.0 298.0
face 0.41 6.0 708.0 17.0 721.0
face 0.40 277.0 649.0 294.0 670.0
face 0.40 954.0 239.0 971.0 261.0
face 0.39 579.0 468.0 594.0 486.0
face 0.39 272.0 588.0 290.0 609.0
face 0.39 33.0 717.0 46.0 733.0
face 0.39 572.0 118.0 591.0 141.0
face 0.38 462.0 483.0 473.0 497.0
face 0.38 813.0 429.0 823.0 442.0
face 0.37 686.0 87.0 696.0 99.0
face 0.37 984.0 271.0 995.0 284.0
face 0.37 184.0 731.0 197.0 747.0
face 0.37 461.0 513.0 477.0 532.0
face 0.37 589.0 476.0 601.0 493.0
face 0.37 38.0 60.0 49.0 74.0
face 0.37 362.0 330.0 377.0 348.0
face 0.37 605.0 705.0 619.0 721.0
face 0.37 461.0 342.0 472.0 355.0
face 0.37 695.0 95.0 705.0 106.0
face 0.37 769.0 655.0 782.0 670.0
face 0.37 25.0 258.0 39.0 277.0
face 0.37 789.0 463.0 799.0 474.0
face 0.37 695.0 430.0 705.0 442.0
face 0.36 719.0 126.0 729.0 138.0
face 0.36 613.0 15.0 624.0 28.0
face 0.36 552.0 151.0 563.0 163.0
face 0.36 136.0 709.0 146.0 721.0
face 0.36 960.0 183.0 969.0 194.0
face 0.36 619.0 365.0 630.0 378.0
face 0.36 334.0 277.0 348.0 294.0
face 0.36 1007.0 212.0 1016.0 224.0
face 0.36 735.0 141.0 748.0 156.0
face 0.36 456.0 213.0 468.0 228.0
face 0.36 847.0 437.0 857.0 449.0
face 0.36 119.0 718.0 129.0 731.0
face 0.36 335.0 540.0 347.0 553.0
face 0.36 599.0 325.0 609.0 337.0
face 0.36 719.0 206.0 731.0 219.0
face 0.36 830.0 430.0 840.0 441.0
face 0.36 767.0 446.0 776.0 456.0
face 0.36 847.0 559.0 857.0 571.0
face 0.36 774.0 477.0 784.0 489.0
face 0.36 896.0 389.0 906.0 400.0
face 0.36 357.0 534.0 366.0 546.0
face 0.36 140.0 699.0 154.0 715.0
face 0.36 446.0 203.0 457.0 216.0
face 0.36 479.0 333.0 488.0 345.0
face 0.36 261.0 691.0 276.0 710.0
face 0.36 429.0 230.0 440.0 246.0
face 0.36 582.0 350.0 593.0 363.0
face 0.36 838.0 643.0 850.0 658.0
face 0.36 759.0 485.0 769.0 498.0
face 0.36 823.0 416.0 832.0 426.0
face 0.36 912.0 85.0 922.0 97.0
face 0.36 846.0 565.0 859.0 579.0
face 0.36 680.0 486.0 690.0 498.0
face 0.36 882.0 398.0 892.0 410.0
face 0.36 468.0 605.0 485.0 624.0
face 0.35 574.0 556.0 585.0 570.0
face 0.35 454.0 192.0 463.0 203.0
face 0.35 622.0 495.0 634.0 511.0
face 0.35 759.0 469.0 769.0 481.0
face 0.35 855.0 567.0 865.0 579.0
face 0.35 841.0 539.0 854.0 555.0
face 0.35 760.0 462.0 770.0 474.0
face 0.35 776.0 472.0 785.0 483.0
face 0.35 350.0 254.0 363.0 270.0
face 0.35 581.0 572.0 594.0 586.0
face 0.35 238.0 398.0 249.0 412.0
face 0.35 679.0 503.0 689.0 513.0
face 0.35 965.0 182.0 975.0 193.0
face 0.35 621.0 726.0 632.0 740.0
face 0.35 543.0 151.0 553.0 163.0
face 0.35 886.0 190.0 896.0 202.0
face 0.35 340.0 535.0 352.0 549.0
face 0.35 359.0 327.0 370.0 339.0
face 0.35 727.0 55.0 737.0 66.0
face 0.35 335.0 365.0 346.0 378.0
face 0.35 783.0 454.0 792.0 465.0
face 0.35 807.0 270.0 817.0 282.0
face 0.35 824.0 525.0 834.0 537.0
face 0.35 910.0 382.0 920.0 394.0
face 0.35 655.0 413.0 666.0 427.0
face 0.35 665.0 94.0 675.0 105.0
face 0.35 639.0 342.0 650.0 354.0
face 0.35 944.0 382.0 955.0 394.0
face 0.35 695.0 87.0 705.0 99.0
face 0.35 463.0 207.0 473.0 219.0
face 0.35 824.0 550.0 835.0 562.0
face 0.35 462.0 336.0 472.0 347.0
face 0.35 854.0 190.0 864.0 202.0
face 0.35 614.0 709.0 624.0 721.0
face 0.35 597.0 717.0 610.0 732.0
face 0.35 152.0 668.0 162.0 680.0
face 0.35 656.0 732.0 666.0 745.0
face 0.35 471.0 206.0 481.0 217.0
face 0.35 526.0 339.0 542.0 359.0
face 0.35 391.0 216.0 400.0 227.0
face 0.35 847.0 549.0 857.0 561.0
face 0.35 950.0 729.0 965.0 748.0
face 0.35 921.0 71.0 930.0 82.0
face 0.35 635.0 726.0 648.0 742.0
face 0.35 809.0 71.0 819.0 82.0
face 0.35 830.0 551.0 839.0 563.0
face 0.35 662.0 493.0 672.0 505.0
face 0.35 950.0 349.0 959.0 361.0
face 0.35 600.0 710.0 610.0 722.0
face 0.35 726.0 661.0 737.0 674.0
face 0.35 471.0 351.0 481.0 362.0
face 0.35 303.0 244.0 314.0 258.0
face 0.35 847.0 188.0 859.0 202.0
face 0.35 926.0 253.0 937.0 266.0
