face 1.00 512.0 272.0 703.0 513.0
face 1.00 125.0 141.0 298.0 330.0
face 0.67 875.0 910.0 925.0 972.0
face 0.65 929.0 946.0 984.0 1024.0
face 0.60 214.0 78.0 225.0 92.0
face 0.56 13.0 1209.0 168.0 1392.0
face 0.52 339.0 641.0 388.0 698.0
face 0.47 280.0 353.0 306.0 383.0
face 0.47 656.0 1341.0 682.0 1374.0
face 0.44 204.0 833.0 220.0 853.0
face 0.43 692.0 885.0 727.0 925.0
face 0.41 93.0 616.0 164.0 700.0
face 0.41 355.0 954.0 370.0 973.0
face 0.39 858.0 693.0 874.0 713.0
face 0.38 777.0 1130.0 791.0 1149.0
face 0.38 479.0 934.0 489.0 947.0
face 0.38 686.0 944.0 731.0 1010.0
face 0.38 616.0 1332.0 630.0 1348.0
face 0.38 460.0 788.0 476.0 808.0
face 0.37 975.0 879.0 1022.0 947.0
face 0.36 366.0 1350.0 377.0 1362.0
face 0.36 340.0 157.0 354.0 175.0
face 0.36 259.0 961.0 308.0 1019.0
face 0.35 478.0 1381.0 493.0 1400.0
face 0.35 360.0 1348.0 371.0 1362.0
face 0.35 565.0 908.0 579.0 926.0
