face 0.84 714.0 207.0 775.0 285.0
face 0.70 252.0 354.0 266.0 372.0
face 0.61 380.0 347.0 395.0 365.0
face 0.58 584.0 162.0 684.0 257.0
face 0.57 193.0 308.0 208.0 325.0
face 0.43 790.0 300.0 802.0 316.0
face 0.40 319.0 332.0 330.0 345.0
face 0.40 542.0 370.0 625.0 468.0
face 0.37 268.0 368.0 282.0 386.0
face 0.37 213.0 318.0 225.0 332.0
face 0.36 94.0 413.0 104.0 424.0
face 0.36 250.0 340.0 265.0 357.0
face 0.36 246.0 433.0 262.0 454.0
face 0.36 77.0 398.0 88.0 411.0
face 0.36 254.0 415.0 264.0 427.0
face 0.35 102.0 391.0 112.0 403.0
face 0.35 319.0 316.0 330.0 328.0
face 0.35 164.0 343.0 176.0 357.0
face 0.35 249.0 415.0 258.0 427.0
face 0.35 111.0 392.0 121.0 402.0
