face 1.00 270.0 102.0 343.0 202.0
face 1.00 919.0 170.0 980.0 247.0
face 1.00 607.0 181.0 657.0 254.0
face 0.72 524.0 300.0 545.0 328.0
face 0.66 395.0 325.0 433.0 371.0
face 0.54 612.0 609.0 628.0 627.0
face 0.51 738.0 638.0 762.0 669.0
face 0.48 754.0 206.0 769.0 225.0
face 0.46 405.0 641.0 420.0 658.0
face 0.46 177.0 19.0 191.0 37.0
face 0.46 253.0 662.0 265.0 677.0
face 0.44 378.0 667.0 393.0 685.0
face 0.41 418.0 643.0 435.0 663.0
face 0.41 155.0 543.0 183.0 573.0
face 0.38 83.0 569.0 99.0 588.0
face 0.38 727.0 5.0 738.0 18.0
face 0.37 20.0 321.0 36.0 342.0
face 0.37 236.0 -2.0 290.0 65.0
face 0.37 844.0 561.0 913.0 630.0
face 0.36 770.0 599.0 815.0 654.0
face 0.36 98.0 563.0 117.0 584.0
face 0.36 350.0 638.0 362.0 652.0
face 0.36 213.0 484.0 229.0 503.0
face 0.36 332.0 482.0 348.0 505.0
face 0.36 357.0 652.0 372.0 669.0
face 0.36 695.0 679.0 707.0 693.0
face 0.36 762.0 678.0 791.0 708.0
face 0.36 751.0 543.0 763.0 556.0
face 0.35 94.0 565.0 106.0 579.0
face 0.35 79.0 566.0 90.0 578.0
face 0.35 858.0 606.0 871.0 622.0
