face 1.00 863.0 155.0 906.0 212.0
face 1.00 107.0 285.0 148.0 332.0
face 1.00 330.0 195.0 379.0 266.0
face 0.99 508.0 267.0 537.0 301.0
face 0.90 753.0 192.0 784.0 229.0
face 0.85 696.0 156.0 728.0 210.0
face 0.84 520.0 353.0 551.0 390.0
face 0.63 537.0 425.0 558.0 454.0
face 0.60 569.0 339.0 586.0 357.0
face 0.52 94.0 443.0 112.0 465.0
face 0.48 721.0 293.0 744.0 326.0
face 0.42 727.0 368.0 743.0 389.0
face 0.38 69.0 384.0 84.0 403.0
face 0.38 700.0 282.0 716.0 300.0
face 0.36 137.0 99.0 150.0 115.0
face 0.35 604.0 210.0 619.0 228.0
