face 1.00 300.0 349.0 383.0 451.0
face 1.00 796.0 518.0 838.0 561.0
face 0.99 148.0 264.0 172.0 290.0
face 0.73 753.0 436.0 772.0 459.0
face 0.71 588.0 282.0 603.0 301.0
face 0.69 719.0 49.0 774.0 103.0
face 0.61 218.0 966.0 290.0 1059.0
face 0.58 709.0 1229.0 721.0 1243.0
face 0.54 830.0 672.0 856.0 704.0
face 0.53 679.0 1297.0 694.0 1315.0
face 0.53 734.0 420.0 745.0 433.0
face 0.51 775.0 1275.0 788.0 1291.0
face 0.50 617.0 262.0 629.0 276.0
face 0.49 702.0 414.0 725.0 443.0
face 0.46 816.0 696.0 827.0 709.0
face 0.43 66.0 643.0 248.0 859.0
face 0.42 911.0 35.0 924.0 51.0
face 0.40 736.0 1302.0 748.0 1316.0
face 0.39 651.0 1230.0 662.0 1243.0
face 0.38 562.0 1274.0 578.0 1293.0
face 0.38 579.0 1275.0 591.0 1291.0
face 0.37 792.0 1301.0 806.0 1316.0
face 0.36 788.0 459.0 802.0 476.0
face 0.36 573.0 596.0 588.0 614.0
face 0.36 710.0 1302.0 720.0 1314.0
face 0.36 694.0 1230.0 705.0 1243.0
face 0.36 254.0 766.0 288.0 822.0
face 0.36 675.0 1231.0 685.0 1243.0
face 0.36 566.0 597.0 580.0 613.0
face 0.35 743.0 437.0 754.0 451.0
face 0.35 743.0 460.0 754.0 475.0
face 0.35 1011.0 344.0 1024.0 365.0
face 0.35 924.0 158.0 937.0 175.0
face 0.35 783.0 444.0 797.0 459.0
