face 1.00 400.0 201.0 446.0 255.0
face 1.00 142.0 349.0 166.0 378.0
face 1.00 554.0 182.0 601.0 234.0
face 0.99 852.0 264.0 878.0 295.0
face 0.48 974.0 160.0 991.0 180.0
face 0.45 551.0 667.0 574.0 699.0
face 0.39 135.0 486.0 148.0 501.0
face 0.39 127.0 462.0 167.0 506.0
face 0.37 43.0 555.0 59.0 573.0
face 0.36 982.0 68.0 994.0 83.0
face 0.36 317.0 459.0 330.0 475.0
face 0.36 454.0 657.0 483.0 689.0
face 0.35 692.0 455.0 708.0 474.0
face 0.35 112.0 483.0 125.0 499.0
face 0.35 145.0 531.0 156.0 545.0
face 0.35 105.0 355.0 131.0 388.0
face 0.35 133.0 598.0 143.0 611.0
