face 1.00 449.0 138.0 489.0 203.0
face 0.98 905.0 135.0 949.0 189.0
face 0.71 542.0 67.0 628.0 191.0
face 0.59 646.0 63.0 733.0 191.0
face 0.48 13.0 285.0 29.0 305.0
face 0.46 149.0 704.0 250.0 854.0
face 0.45 811.0 712.0 835.0 741.0
face 0.44 489.0 500.0 508.0 526.0
face 0.44 857.0 141.0 907.0 201.0
face 0.44 526.0 169.0 547.0 196.0
face 0.41 360.0 437.0 466.0 556.0
face 0.38 804.0 2.0 828.0 27.0
face 0.37 170.0 246.0 185.0 263.0
face 0.37 911.0 398.0 954.0 462.0
face 0.36 743.0 812.0 758.0 834.0
face 0.35 44.0 109.0 57.0 124.0
face 0.35 646.0 557.0 672.0 592.0
face 0.35 365.0 294.0 380.0 312.0
