face 1.00 176.0 236.0 219.0 287.0
face 1.00 470.0 329.0 522.0 390.0
face 1.00 530.0 126.0 576.0 184.0
face 1.00 363.0 126.0 406.0 184.0
face 1.00 752.0 311.0 801.0 371.0
face 0.99 441.0 167.0 486.0 222.0
face 0.95 756.0 460.0 775.0 484.0
face 0.59 713.0 654.0 725.0 671.0
face 0.58 870.0 478.0 897.0 509.0
face 0.53 715.0 694.0 729.0 714.0
face 0.48 559.0 507.0 574.0 525.0
face 0.45 703.0 213.0 716.0 229.0
face 0.42 20.0 727.0 43.0 759.0
face 0.41 109.0 474.0 122.0 492.0
face 0.41 828.0 684.0 845.0 704.0
face 0.40 434.0 472.0 452.0 495.0
face 0.40 749.0 693.0 761.0 707.0
face 0.40 70.0 236.0 86.0 254.0
face 0.39 6.0 162.0 19.0 180.0
face 0.38 803.0 133.0 818.0 150.0
face 0.38 965.0 627.0 979.0 646.0
face 0.37 992.0 197.0 1005.0 213.0
face 0.37 834.0 232.0 850.0 252.0
face 0.37 894.0 668.0 905.0 682.0
face 0.37 37.0 643.0 117.0 743.0
face 0.36 843.0 682.0 858.0 700.0
face 0.36 746.0 724.0 761.0 741.0
face 0.36 661.0 475.0 679.0 495.0
face 0.36 868.0 638.0 883.0 657.0
face 0.36 806.0 688.0 820.0 706.0
face 0.36 854.0 646.0 865.0 659.0
face 0.36 751.0 462.0 762.0 476.0
face 0.35 765.0 694.0 776.0 706.0
face 0.35 477.0 440.0 488.0 454.0
face 0.35 723.0 468.0 737.0 485.0
face 0.35 871.0 674.0 884.0 690.0
face 0.35 740.0 475.0 755.0 494.0
