face 1.00 58.0 352.0 89.0 392.0
face 1.00 598.0 394.0 629.0 432.0
face 1.00 218.0 363.0 245.0 393.0
face 1.00 383.0 379.0 397.0 396.0
face 0.98 0.0 594.0 30.0 655.0
face 0.63 65.0 457.0 92.0 484.0
face 0.53 237.0 392.0 264.0 424.0
face 0.51 903.0 453.0 940.0 495.0
face 0.42 797.0 168.0 822.0 197.0
face 0.41 958.0 456.0 969.0 469.0
face 0.40 856.0 50.0 870.0 68.0
face 0.40 648.0 955.0 699.0 1013.0
face 0.38 870.0 252.0 880.0 264.0
face 0.37 441.0 334.0 458.0 353.0
face 0.37 144.0 1405.0 155.0 1419.0
face 0.37 772.0 340.0 786.0 358.0
face 0.37 926.0 484.0 941.0 500.0
face 0.37 518.0 201.0 532.0 219.0
face 0.36 86.0 1331.0 98.0 1346.0
face 0.36 878.0 55.0 894.0 76.0
face 0.36 892.0 311.0 910.0 333.0
face 0.36 180.0 436.0 195.0 455.0
face 0.36 397.0 398.0 411.0 416.0
face 0.35 189.0 413.0 200.0 428.0
face 0.35 447.0 427.0 457.0 439.0
face 0.35 91.0 884.0 105.0 901.0
face 0.35 599.0 141.0 609.0 152.0
face 0.35 863.0 294.0 874.0 306.0
face 0.35 476.0 416.0 492.0 435.0
