face 0.86 934.0 271.0 979.0 325.0
face 0.81 887.0 310.0 917.0 344.0
face 0.66 782.0 249.0 831.0 306.0
face 0.61 364.0 307.0 378.0 325.0
face 0.57 614.0 100.0 637.0 127.0
face 0.49 588.0 87.0 642.0 145.0
face 0.47 315.0 278.0 406.0 403.0
face 0.45 156.0 126.0 183.0 158.0
face 0.43 47.0 203.0 72.0 232.0
face 0.42 330.0 70.0 359.0 110.0
face 0.36 102.0 185.0 146.0 248.0
face 0.36 98.0 583.0 111.0 599.0
face 0.36 148.0 439.0 170.0 466.0
face 0.36 688.0 342.0 715.0 379.0
face 0.36 604.0 105.0 620.0 124.0
face 0.36 846.0 402.0 938.0 508.0
face 0.36 595.0 139.0 611.0 157.0
face 0.36 483.0 132.0 523.0 179.0
face 0.36 589.0 89.0 606.0 107.0
face 0.35 230.0 116.0 241.0 130.0
face 0.35 134.0 611.0 181.0 679.0
