face 1.00 637.0 309.0 731.0 421.0
face 1.00 2.0 366.0 83.0 468.0
face 1.00 324.0 163.0 361.0 215.0
face 1.00 48.0 81.0 85.0 127.0
face 1.00 9.0 188.0 87.0 289.0
face 1.00 488.0 296.0 586.0 448.0
face 0.99 715.0 210.0 752.0 261.0
face 0.92 848.0 466.0 896.0 514.0
face 0.81 530.0 135.0 553.0 166.0
face 0.79 886.0 49.0 905.0 74.0
face 0.71 93.0 123.0 126.0 161.0
face 0.60 1001.0 120.0 1023.0 150.0
face 0.54 547.0 215.0 584.0 276.0
face 0.45 14.0 251.0 43.0 288.0
face 0.45 921.0 110.0 942.0 138.0
face 0.42 35.0 47.0 54.0 69.0
face 0.41 119.0 345.0 146.0 376.0
face 0.41 318.0 291.0 364.0 339.0
face 0.41 232.0 204.0 258.0 237.0
face 0.39 479.0 10.0 494.0 28.0
face 0.39 867.0 475.0 888.0 500.0
face 0.38 639.0 59.0 655.0 80.0
face 0.38 702.0 1.0 718.0 15.0
face 0.38 814.0 91.0 828.0 109.0
face 0.37 835.0 18.0 882.0 74.0
face 0.37 771.0 4.0 802.0 37.0
face 0.37 245.0 1.0 276.0 28.0
face 0.37 916.0 53.0 932.0 73.0
face 0.36 778.0 321.0 793.0 342.0
face 0.36 589.0 276.0 604.0 295.0
face 0.36 528.0 300.0 553.0 326.0
face 0.35 339.0 338.0 353.0 356.0
face 0.35 812.0 45.0 825.0 63.0
face 0.35 573.0 252.0 583.0 266.0
face 0.35 700.0 439.0 715.0 456.0
