face 1.00 699.0 160.0 785.0 275.0
face 1.00 490.0 214.0 549.0 291.0
face 0.98 427.0 111.0 502.0 236.0
face 0.83 976.0 237.0 1010.0 276.0
face 0.69 936.0 69.0 950.0 87.0
face 0.44 774.0 247.0 802.0 286.0
face 0.43 76.0 84.0 91.0 100.0
face 0.37 306.0 103.0 332.0 135.0
face 0.37 862.0 235.0 888.0 267.0
face 0.37 103.0 57.0 118.0 75.0
face 0.36 807.0 79.0 829.0 106.0
face 0.36 972.0 204.0 988.0 222.0
face 0.36 276.0 172.0 292.0 190.0
face 0.35 797.0 256.0 812.0 274.0
face 0.35 987.0 23.0 1001.0 42.0
face 0.35 20.0 133.0 31.0 146.0
