face 1.00 502.0 343.0 523.0 370.0
face 1.00 346.0 328.0 366.0 355.0
face 1.00 354.0 228.0 372.0 250.0
face 1.00 634.0 201.0 654.0 223.0
face 0.99 633.0 347.0 652.0 370.0
face 0.99 360.0 258.0 378.0 280.0
face 0.99 438.0 387.0 458.0 411.0
face 0.98 310.0 216.0 332.0 242.0
face 0.98 404.0 207.0 421.0 228.0
face 0.97 421.0 243.0 439.0 264.0
face 0.97 623.0 282.0 645.0 307.0
face 0.94 594.0 403.0 612.0 426.0
face 0.94 290.0 266.0 307.0 285.0
face 0.93 327.0 281.0 341.0 298.0
face 0.93 461.0 16.0 532.0 108.0
face 0.91 442.0 224.0 461.0 250.0
face 0.79 670.0 259.0 685.0 276.0
face 0.77 682.0 241.0 698.0 261.0
face 0.77 426.0 458.0 437.0 473.0
face 0.67 190.0 699.0 206.0 719.0
face 0.66 564.0 374.0 577.0 390.0
face 0.65 357.0 212.0 373.0 229.0
face 0.63 340.0 198.0 354.0 215.0
face 0.62 824.0 614.0 834.0 626.0
face 0.58 375.0 458.0 386.0 472.0
face 0.58 42.0 693.0 56.0 710.0
face 0.57 228.0 705.0 242.0 723.0
face 0.56 114.0 603.0 135.0 631.0
face 0.55 879.0 377.0 895.0 396.0
face 0.54 462.0 670.0 474.0 683.0
face 0.53 450.0 459.0 462.0 474.0
face 0.51 644.0 253.0 659.0 271.0
face 0.50 776.0 643.0 790.0 659.0
face 0.49 462.0 202.0 476.0 218.0
face 0.48 814.0 410.0 828.0 428.0
face 0.46 600.0 475.0 613.0 493.0
face 0.46 942.0 109.0 953.0 123.0
face 0.46 887.0 711.0 898.0 724.0
face 0.45 24.0 704.0 38.0 723.0
face 0.45 764.0 630.0 778.0 647.0
face 0.45 840.0 412.0 853.0 428.0
face 0.45 221.0 673.0 238.0 694.0
face 0.44 350.0 459.0 364.0 476.0
face 0.44 704.0 545.0 729.0 575.0
face 0.44 23.0 692.0 37.0 709.0
face 0.43 691.0 669.0 705.0 686.0
face 0.43 710.0 671.0 721.0 684.0
face 0.43 292.0 697.0 309.0 718.0
face 0.43 623.0 331.0 637.0 347.0
face 0.43 60.0 693.0 74.0 710.0
face 0.42 669.0 673.0 684.0 690.0
face 0.42 623.0 461.0 637.0 478.0
face 0.42 792.0 645.0 804.0 659.0
face 0.41 315.0 707.0 328.0 722.0
face 0.41 492.0 236.0 507.0 253.0
face 0.41 247.0 706.0 261.0 724.0
face 0.41 523.0 458.0 535.0 474.0
face 0.40 769.0 408.0 784.0 426.0
face 0.40 635.0 671.0 646.0 684.0
face 0.40 531.0 668.0 545.0 686.0
face 0.40 444.0 706.0 457.0 722.0
face 0.39 884.0 692.0 899.0 709.0
face 0.39 695.0 710.0 708.0 726.0
face 0.39 212.0 692.0 224.0 706.0
face 0.39 480.0 685.0 493.0 702.0
face 0.39 481.0 668.0 491.0 679.0
face 0.39 370.0 263.0 387.0 282.0
face 0.39 500.0 270.0 516.0 286.0
face 0.38 348.0 671.0 361.0 686.0
face 0.38 715.0 378.0 731.0 396.0
face 0.38 783.0 631.0 793.0 642.0
face 0.38 498.0 672.0 508.0 683.0
face 0.38 835.0 326.0 849.0 342.0
face 0.38 469.0 207.0 480.0 220.0
face 0.38 604.0 694.0 617.0 708.0
face 0.38 510.0 271.0 520.0 283.0
face 0.37 981.0 693.0 992.0 706.0
face 0.37 530.0 261.0 539.0 272.0
face 0.37 113.0 233.0 129.0 252.0
face 0.37 766.0 614.0 776.0 626.0
face 0.37 584.0 670.0 594.0 682.0
face 0.37 807.0 646.0 819.0 658.0
face 0.37 435.0 253.0 449.0 269.0
face 0.37 451.0 692.0 464.0 708.0
face 0.37 476.0 211.0 488.0 225.0
face 0.37 781.0 638.0 792.0 650.0
face 0.37 604.0 649.0 618.0 665.0
face 0.37 832.0 630.0 842.0 641.0
face 0.37 868.0 632.0 885.0 651.0
face 0.37 946.0 694.0 959.0 709.0
face 0.37 447.0 687.0 457.0 700.0
face 0.37 446.0 670.0 457.0 682.0
face 0.36 332.0 675.0 344.0 690.0
face 0.36 351.0 694.0 364.0 710.0
face 0.36 543.0 692.0 555.0 708.0
face 0.36 573.0 365.0 586.0 380.0
face 0.36 598.0 277.0 609.0 290.0
face 0.36 653.0 670.0 664.0 682.0
face 0.36 173.0 630.0 183.0 642.0
face 0.36 616.0 671.0 629.0 686.0
face 0.36 719.0 326.0 728.0 338.0
face 0.36 799.0 639.0 809.0 650.0
face 0.36 332.0 692.0 348.0 713.0
face 0.36 365.0 631.0 376.0 644.0
face 0.36 448.0 677.0 458.0 690.0
face 0.36 510.0 646.0 521.0 658.0
face 0.36 512.0 669.0 522.0 681.0
face 0.36 499.0 677.0 510.0 690.0
face 0.36 455.0 677.0 465.0 689.0
face 0.36 792.0 639.0 802.0 651.0
face 0.36 43.0 716.0 57.0 733.0
face 0.36 527.0 212.0 542.0 227.0
face 0.36 582.0 370.0 597.0 389.0
face 0.36 257.0 659.0 267.0 673.0
face 0.36 284.0 670.0 295.0 682.0
face 0.36 559.0 636.0 575.0 655.0
face 0.36 989.0 705.0 1004.0 722.0
face 0.36 478.0 73.0 508.0 103.0
face 0.36 520.0 637.0 531.0 649.0
face 0.36 895.0 694.0 905.0 706.0
face 0.36 496.0 687.0 507.0 700.0
face 0.36 533.0 260.0 546.0 274.0
face 0.36 317.0 694.0 328.0 706.0
face 0.36 239.0 675.0 254.0 693.0
face 0.36 133.0 630.0 144.0 644.0
face 0.36 589.0 687.0 599.0 701.0
face 0.36 733.0 707.0 745.0 721.0
face 0.36 918.0 647.0 928.0 659.0
face 0.36 470.0 670.0 480.0 681.0
face 0.36 424.0 477.0 434.0 491.0
face 0.36 398.0 654.0 410.0 666.0
face 0.36 824.0 326.0 834.0 338.0
face 0.36 902.0 717.0 912.0 729.0
face 0.36 518.0 668.0 528.0 680.0
face 0.36 895.0 715.0 906.0 727.0
face 0.36 173.0 694.0 185.0 708.0
face 0.36 529.0 246.0 539.0 257.0
face 0.36 485.0 630.0 495.0 641.0
face 0.36 474.0 475.0 485.0 492.0
face 0.36 838.0 631.0 847.0 641.0
face 0.36 245.0 672.0 255.0 684.0
face 0.36 760.0 621.0 770.0 633.0
face 0.36 262.0 682.0 275.0 698.0
face 0.36 471.0 686.0 482.0 699.0
face 0.36 815.0 638.0 824.0 649.0
face 0.36 432.0 678.0 442.0 690.0
face 0.36 391.0 647.0 401.0 658.0
face 0.36 156.0 694.0 168.0 707.0
face 0.36 774.0 632.0 785.0 643.0
face 0.36 577.0 670.0 587.0 682.0
face 0.36 614.0 341.0 624.0 354.0
face 0.36 389.0 628.0 399.0 640.0
face 0.36 934.0 647.0 943.0 658.0
face 0.36 733.0 411.0 748.0 429.0
face 0.36 869.0 702.0 880.0 714.0
face 0.36 732.0 686.0 745.0 702.0
face 0.35 502.0 686.0 512.0 699.0
face 0.35 316.0 670.0 327.0 683.0
face 0.35 360.0 636.0 371.0 649.0
face 0.35 734.0 333.0 745.0 344.0
face 0.35 824.0 645.0 835.0 657.0
face 0.35 506.0 632.0 515.0 642.0
face 0.35 600.0 647.0 611.0 660.0
face 0.35 527.0 277.0 537.0 289.0
face 0.35 411.0 316.0 427.0 335.0
face 0.35 687.0 646.0 698.0 659.0
face 0.35 486.0 679.0 496.0 691.0
face 0.35 749.0 326.0 761.0 339.0
face 0.35 591.0 653.0 601.0 665.0
face 0.35 801.0 632.0 810.0 643.0
face 0.35 765.0 308.0 780.0 326.0
face 0.35 529.0 271.0 538.0 282.0
face 0.35 470.0 677.0 480.0 689.0
face 0.35 157.0 701.0 169.0 715.0
face 0.35 381.0 261.0 393.0 277.0
face 0.35 496.0 271.0 507.0 283.0
face 0.35 501.0 460.0 511.0 474.0
face 0.35 144.0 701.0 154.0 713.0
face 0.35 188.0 631.0 198.0 642.0
face 0.35 720.0 693.0 729.0 704.0
face 0.35 928.0 648.0 938.0 659.0
face 0.35 486.0 666.0 495.0 676.0
face 0.35 602.0 238.0 612.0 251.0
face 0.35 716.0 650.0 731.0 668.0
face 0.35 104.0 631.0 115.0 643.0
face 0.35 390.0 669.0 401.0 683.0
face 0.35 575.0 694.0 585.0 707.0
face 0.35 167.0 702.0 178.0 713.0
face 0.35 878.0 417.0 890.0 433.0
face 0.35 668.0 646.0 680.0 659.0
face 0.35 700.0 325.0 712.0 339.0
face 0.35 616.0 695.0 626.0 706.0
face 0.35 660.0 478.0 675.0 496.0
face 0.35 253.0 683.0 265.0 699.0
face 0.35 439.0 686.0 449.0 698.0
face 0.35 945.0 645.0 956.0 657.0
face 0.35 607.0 677.0 617.0 689.0
face 0.35 575.0 639.0 586.0 651.0
face 0.35 881.0 701.0 890.0 713.0
face 0.35 886.0 702.0 897.0 716.0
face 0.35 815.0 632.0 824.0 642.0
face 0.35 360.0 653.0 370.0 665.0
