face 1.00 435.0 76.0 623.0 290.0
face 0.94 770.0 371.0 911.0 548.0
face 0.67 122.0 450.0 167.0 505.0
face 0.64 52.0 92.0 153.0 198.0
face 0.60 919.0 128.0 1016.0 224.0
face 0.42 241.0 469.0 293.0 538.0
face 0.39 61.0 105.0 110.0 158.0
face 0.38 101.0 93.0 112.0 104.0
face 0.38 498.0 51.0 512.0 68.0
face 0.38 511.0 414.0 520.0 425.0
face 0.37 527.0 414.0 536.0 425.0
face 0.37 518.0 399.0 527.0 410.0
face 0.36 488.0 478.0 497.0 489.0
face 0.36 473.0 392.0 483.0 402.0
face 0.36 496.0 215.0 561.0 285.0
face 0.36 510.0 390.0 519.0 401.0
face 0.36 465.0 471.0 473.0 481.0
face 0.36 488.0 463.0 497.0 473.0
face 0.36 449.0 469.0 458.0 480.0
face 0.36 488.0 487.0 497.0 498.0
face 0.36 486.0 398.0 495.0 409.0
face 0.36 487.0 470.0 498.0 483.0
face 0.36 504.0 478.0 513.0 488.0
face 0.36 600.0 400.0 609.0 410.0
face 0.35 608.0 463.0 618.0 475.0
face 0.35 520.0 404.0 530.0 415.0
face 0.35 616.0 461.0 625.0 473.0
face 0.35 616.0 456.0 625.0 466.0
face 0.35 853.0 593.0 910.0 640.0
face 0.35 511.0 395.0 523.0 409.0
face 0.35 657.0 117.0 670.0 134.0
face 0.35 415.0 367.0 425.0 379.0
face 0.35 599.0 438.0 608.0 449.0
face 0.35 464.0 479.0 473.0 489.0
face 0.35 487.0 357.0 497.0 369.0
face 0.35 591.0 472.0 600.0 482.0
face 0.35 503.0 399.0 512.0 409.0
face 0.35 607.0 469.0 616.0 481.0
face 0.35 480.0 463.0 489.0 473.0
face 0.35 495.0 477.0 504.0 488.0
face 0.35 519.0 480.0 528.0 490.0
face 0.35 400.0 375.0 411.0 388.0
face 0.35 439.0 448.0 448.0 458.0
