face 1.00 625.0 221.0 777.0 401.0
face 1.00 223.0 360.0 345.0 477.0
face 0.88 421.0 304.0 436.0 321.0
face 0.82 0.0 138.0 15.0 161.0
face 0.66 14.0 287.0 28.0 302.0
face 0.65 511.0 324.0 525.0 340.0
face 0.64 524.0 436.0 542.0 457.0
face 0.64 107.0 310.0 119.0 324.0
face 0.58 463.0 94.0 478.0 111.0
face 0.54 134.0 292.0 145.0 305.0
face 0.54 5.0 101.0 18.0 117.0
face 0.50 74.0 319.0 87.0 333.0
face 0.48 351.0 103.0 363.0 117.0
face 0.47 599.0 346.0 623.0 374.0
face 0.46 520.0 381.0 530.0 392.0
face 0.46 503.0 324.0 515.0 338.0
face 0.45 527.0 350.0 537.0 362.0
face 0.45 373.0 175.0 389.0 196.0
face 0.45 438.0 317.0 449.0 331.0
face 0.44 997.0 76.0 1011.0 92.0
face 0.43 55.0 331.0 68.0 346.0
face 0.42 442.0 396.0 453.0 408.0
face 0.42 473.0 324.0 484.0 336.0
face 0.41 291.0 182.0 304.0 196.0
face 0.41 410.0 159.0 435.0 188.0
face 0.40 32.0 276.0 43.0 290.0
face 0.40 399.0 163.0 409.0 177.0
face 0.40 496.0 391.0 505.0 403.0
face 0.40 413.0 398.0 424.0 410.0
face 0.40 213.0 148.0 227.0 164.0
face 0.39 120.0 296.0 129.0 306.0
face 0.39 6.0 300.0 17.0 313.0
face 0.38 448.0 341.0 457.0 353.0
face 0.38 384.0 102.0 396.0 116.0
face 0.38 292.0 202.0 306.0 218.0
face 0.38 116.0 214.0 127.0 227.0
face 0.38 171.0 192.0 187.0 212.0
face 0.38 188.0 197.0 199.0 210.0
face 0.38 12.0 267.0 25.0 282.0
face 0.38 5.0 262.0 17.0 277.0
face 0.38 1.0 312.0 12.0 330.0
face 0.38 93.0 232.0 104.0 244.0
face 0.38 32.0 238.0 41.0 250.0
face 0.38 532.0 396.0 546.0 414.0
face 0.38 303.0 191.0 313.0 203.0
face 0.38 511.0 351.0 520.0 363.0
face 0.38 93.0 354.0 109.0 372.0
face 0.38 278.0 189.0 288.0 201.0
face 0.37 184.0 247.0 195.0 261.0
face 0.37 324.0 104.0 334.0 115.0
face 0.37 542.0 348.0 552.0 359.0
face 0.37 142.0 199.0 151.0 209.0
face 0.37 528.0 335.0 538.0 346.0
face 0.37 46.0 247.0 57.0 260.0
face 0.37 310.0 108.0 320.0 120.0
face 0.37 310.0 190.0 320.0 202.0
face 0.37 61.0 317.0 72.0 331.0
face 0.37 455.0 358.0 465.0 370.0
face 0.37 120.0 301.0 130.0 313.0
face 0.37 150.0 214.0 160.0 226.0
face 0.37 46.0 211.0 57.0 224.0
face 0.37 94.0 325.0 104.0 336.0
face 0.37 375.0 166.0 385.0 178.0
face 0.37 86.0 272.0 96.0 284.0
face 0.37 503.0 341.0 513.0 353.0
face 0.37 173.0 261.0 184.0 273.0
face 0.37 479.0 366.0 490.0 379.0
face 0.37 38.0 239.0 48.0 250.0
face 0.37 366.0 105.0 378.0 119.0
face 0.37 527.0 343.0 537.0 356.0
face 0.37 174.0 204.0 185.0 218.0
face 0.37 120.0 319.0 130.0 331.0
face 0.37 1.0 259.0 11.0 274.0
face 0.37 50.0 231.0 59.0 242.0
face 0.37 305.0 104.0 315.0 116.0
face 0.36 432.0 350.0 441.0 361.0
face 0.36 350.0 167.0 362.0 180.0
face 0.36 14.0 140.0 28.0 156.0
face 0.36 78.0 276.0 89.0 289.0
face 0.36 230.0 199.0 240.0 210.0
face 0.36 65.0 239.0 74.0 250.0
face 0.36 80.0 239.0 89.0 250.0
face 0.36 136.0 213.0 145.0 225.0
face 0.36 77.0 222.0 87.0 234.0
face 0.36 469.0 420.0 485.0 440.0
face 0.36 136.0 206.0 146.0 219.0
face 0.36 25.0 230.0 34.0 242.0
face 0.36 238.0 215.0 248.0 227.0
face 0.36 97.0 302.0 106.0 313.0
face 0.36 231.0 222.0 243.0 235.0
face 0.36 433.0 343.0 442.0 354.0
face 0.36 335.0 175.0 345.0 187.0
face 0.36 974.0 467.0 986.0 482.0
face 0.36 520.0 367.0 530.0 378.0
face 0.36 239.0 114.0 254.0 130.0
face 0.36 452.0 335.0 463.0 349.0
face 0.36 439.0 343.0 450.0 355.0
face 0.36 528.0 398.0 539.0 411.0
face 0.36 335.0 109.0 346.0 123.0
face 0.36 102.0 303.0 113.0 316.0
face 0.36 141.0 205.0 154.0 220.0
face 0.36 998.0 53.0 1009.0 65.0
face 0.36 95.0 215.0 105.0 226.0
face 0.36 414.0 316.0 426.0 330.0
face 0.36 64.0 223.0 73.0 233.0
face 0.36 432.0 359.0 441.0 369.0
face 0.36 424.0 383.0 434.0 395.0
face 0.36 326.0 175.0 339.0 189.0
face 0.36 128.0 222.0 137.0 232.0
face 0.36 991.0 463.0 1002.0 475.0
face 0.36 71.0 277.0 81.0 288.0
face 0.36 183.0 191.0 193.0 203.0
face 0.36 120.0 239.0 129.0 250.0
face 0.36 71.0 246.0 81.0 257.0
face 0.36 87.0 324.0 99.0 338.0
face 0.36 952.0 474.0 1025.0 575.0
face 0.36 240.0 197.0 249.0 208.0
face 0.36 335.0 181.0 347.0 195.0
face 0.36 112.0 207.0 122.0 219.0
face 0.36 102.0 293.0 113.0 305.0
face 0.36 71.0 334.0 81.0 347.0
face 0.36 528.0 391.0 539.0 404.0
face 0.36 496.0 324.0 506.0 335.0
face 0.36 440.0 375.0 450.0 386.0
face 0.36 198.0 246.0 209.0 258.0
face 0.36 81.0 272.0 90.0 283.0
face 0.36 502.0 357.0 515.0 371.0
face 0.36 406.0 303.0 418.0 316.0
face 0.36 144.0 214.0 154.0 226.0
face 0.36 117.0 208.0 127.0 220.0
face 0.36 311.0 184.0 320.0 194.0
face 0.36 488.0 406.0 498.0 418.0
face 0.36 343.0 103.0 355.0 117.0
face 0.36 31.0 244.0 41.0 256.0
face 0.36 77.0 215.0 87.0 227.0
face 0.36 104.0 285.0 117.0 299.0
face 0.36 535.0 342.0 547.0 356.0
face 0.36 96.0 261.0 106.0 274.0
face 0.36 88.0 215.0 98.0 226.0
face 0.36 14.0 238.0 23.0 250.0
face 0.36 1008.0 472.0 1019.0 484.0
face 0.36 103.0 214.0 113.0 225.0
face 0.36 6.0 256.0 16.0 267.0
face 0.36 525.0 366.0 536.0 379.0
face 0.36 47.0 238.0 57.0 250.0
face 0.36 103.0 125.0 118.0 141.0
face 0.36 429.0 303.0 440.0 316.0
face 0.36 526.0 326.0 537.0 339.0
face 0.36 66.0 262.0 75.0 273.0
face 0.36 492.0 169.0 507.0 187.0
face 0.36 97.0 294.0 107.0 306.0
face 0.36 72.0 222.0 82.0 232.0
face 0.36 439.0 350.0 449.0 361.0
face 0.36 471.0 365.0 481.0 376.0
face 0.36 448.0 349.0 456.0 360.0
face 0.36 126.0 302.0 135.0 313.0
face 0.36 261.0 219.0 274.0 233.0
face 0.36 359.0 125.0 369.0 137.0
face 0.36 198.0 230.0 208.0 241.0
face 0.36 455.0 400.0 465.0 411.0
face 0.36 503.0 365.0 513.0 377.0
face 0.36 478.0 422.0 489.0 436.0
face 0.36 23.0 279.0 32.0 291.0
face 0.36 39.0 245.0 49.0 258.0
face 0.36 129.0 286.0 138.0 297.0
face 0.36 504.0 334.0 514.0 347.0
face 0.36 103.0 231.0 113.0 243.0
face 0.36 483.0 419.0 499.0 435.0
face 0.36 472.0 342.0 483.0 354.0
face 0.36 126.0 125.0 137.0 137.0
face 0.36 23.0 143.0 34.0 155.0
face 0.36 64.0 255.0 73.0 266.0
face 0.36 534.0 390.0 545.0 403.0
face 0.36 143.0 248.0 153.0 258.0
face 0.36 70.0 271.0 79.0 283.0
face 0.35 79.0 247.0 90.0 259.0
face 0.35 438.0 359.0 448.0 369.0
face 0.35 444.0 382.0 456.0 395.0
face 0.35 423.0 366.0 432.0 376.0
face 0.35 494.0 405.0 504.0 416.0
face 0.35 543.0 364.0 554.0 378.0
face 0.35 22.0 271.0 32.0 282.0
face 0.35 110.0 348.0 123.0 362.0
face 0.35 6.0 245.0 18.0 259.0
face 0.35 111.0 292.0 121.0 304.0
face 0.35 191.0 205.0 202.0 219.0
face 0.35 160.0 122.0 174.0 137.0
face 0.35 424.0 351.0 433.0 361.0
face 0.35 510.0 365.0 521.0 378.0
face 0.35 87.0 254.0 96.0 265.0
face 0.35 47.0 271.0 57.0 283.0
face 0.35 112.0 253.0 122.0 265.0
face 0.35 198.0 254.0 209.0 267.0
face 0.35 385.0 128.0 394.0 139.0
face 0.35 128.0 294.0 139.0 306.0
face 0.35 519.0 359.0 529.0 370.0
face 0.35 151.0 253.0 161.0 265.0
face 0.35 15.0 108.0 25.0 121.0
face 0.35 8.0 286.0 18.0 299.0
face 0.35 136.0 247.0 145.0 259.0
face 0.35 495.0 341.0 507.0 354.0
face 0.35 255.0 111.0 266.0 123.0
face 0.35 0.0 286.0 9.0 299.0
face 0.35 311.0 205.0 325.0 220.0
face 0.35 79.0 230.0 89.0 241.0
face 0.35 160.0 230.0 169.0 241.0
face 0.35 22.0 110.0 34.0 123.0
face 0.35 101.0 255.0 112.0 268.0
face 0.35 526.0 383.0 537.0 394.0
face 0.35 223.0 193.0 232.0 203.0
face 0.35 15.0 246.0 25.0 257.0
face 0.35 23.0 246.0 34.0 259.0
face 0.35 374.0 293.0 385.0 306.0
face 0.35 288.0 189.0 298.0 201.0
face 0.35 143.0 263.0 152.0 274.0
face 0.35 79.0 294.0 90.0 306.0
face 0.35 456.0 382.0 465.0 393.0
face 0.35 99.0 424.0 122.0 451.0
face 0.35 144.0 127.0 154.0 138.0
face 0.35 224.0 197.0 235.0 209.0
face 0.35 89.0 223.0 98.0 234.0
face 0.35 54.0 142.0 64.0 153.0
face 0.35 991.0 39.0 1002.0 50.0
face 0.35 96.0 287.0 106.0 298.0
face 0.35 31.0 147.0 43.0 162.0
face 0.35 452.0 404.0 465.0 418.0
face 0.35 207.0 239.0 218.0 252.0
face 0.35 477.0 92.0 490.0 108.0
face 0.35 140.0 73.0 153.0 89.0
face 0.35 96.0 310.0 105.0 321.0
face 0.35 158.0 198.0 168.0 209.0
face 0.35 424.0 360.0 433.0 370.0
face 0.35 1007.0 23.0 1017.0 34.0
face 0.35 462.0 382.0 472.0 393.0
face 0.35 432.0 366.0 440.0 376.0
face 0.35 460.0 358.0 473.0 373.0
face 0.35 53.0 285.0 66.0 299.0
face 0.35 295.0 177.0 305.0 189.0
face 0.35 447.0 367.0 456.0 377.0
face 0.35 25.0 237.0 34.0 248.0
face 0.35 137.0 200.0 147.0 211.0
face 0.35 120.0 288.0 129.0 299.0
face 0.35 222.0 125.0 233.0 137.0
face 0.35 319.0 109.0 330.0 121.0
face 0.35 62.0 139.0 75.0 154.0
face 0.35 111.0 231.0 121.0 243.0
face 0.35 0.0 291.0 11.0 307.0
face 0.35 446.0 165.0 456.0 176.0
face 0.35 52.0 301.0 65.0 315.0
face 0.35 478.0 343.0 488.0 355.0
face 0.35 502.0 391.0 511.0 402.0
face 0.35 64.0 245.0 74.0 257.0
face 0.35 126.0 238.0 136.0 249.0
face 0.35 429.0 382.0 439.0 393.0
face 0.35 61.0 326.0 71.0 339.0
face 0.35 169.0 206.0 179.0 218.0
face 0.35 432.0 336.0 441.0 346.0
face 0.35 22.0 253.0 32.0 265.0
face 0.35 87.0 237.0 98.0 249.0
face 0.35 135.0 238.0 144.0 249.0
face 0.35 116.0 244.0 128.0 258.0
face 0.35 53.0 236.0 64.0 250.0
face 0.35 94.0 196.0 105.0 208.0
