face 1.00 576.0 336.0 599.0 366.0
face 1.00 659.0 368.0 683.0 400.0
face 1.00 525.0 318.0 543.0 341.0
face 1.00 524.0 377.0 548.0 406.0
face 1.00 421.0 354.0 447.0 387.0
face 1.00 481.0 367.0 504.0 398.0
face 1.00 557.0 281.0 573.0 300.0
face 1.00 459.0 296.0 476.0 319.0
face 1.00 466.0 330.0 483.0 353.0
face 0.94 524.0 275.0 537.0 291.0
face 0.89 610.0 321.0 630.0 347.0
face 0.77 484.0 305.0 499.0 322.0
face 0.73 550.0 374.0 563.0 390.0
face 0.62 509.0 288.0 521.0 302.0
face 0.54 483.0 515.0 500.0 535.0
face 0.49 604.0 536.0 627.0 565.0
face 0.48 644.0 354.0 660.0 373.0
face 0.46 596.0 289.0 610.0 308.0
face 0.46 526.0 82.0 542.0 100.0
face 0.45 627.0 353.0 648.0 379.0
face 0.44 413.0 193.0 429.0 211.0
face 0.43 2.0 182.0 30.0 216.0
face 0.43 125.0 191.0 141.0 212.0
face 0.43 580.0 415.0 607.0 441.0
face 0.42 942.0 139.0 957.0 156.0
face 0.40 979.0 627.0 990.0 640.0
face 0.40 723.0 286.0 741.0 306.0
face 0.39 447.0 225.0 463.0 245.0
face 0.39 17.0 453.0 173.0 641.0
face 0.39 524.0 362.0 541.0 381.0
face 0.38 654.0 482.0 680.0 516.0
face 0.38 462.0 170.0 477.0 187.0
face 0.37 517.0 292.0 530.0 306.0
face 0.37 501.0 299.0 516.0 317.0
face 0.37 526.0 299.0 538.0 313.0
face 0.37 494.0 324.0 506.0 339.0
face 0.37 166.0 207.0 178.0 220.0
face 0.37 485.0 243.0 502.0 262.0
face 0.36 391.0 138.0 406.0 157.0
face 0.36 503.0 293.0 515.0 306.0
face 0.36 791.0 278.0 802.0 292.0
face 0.36 511.0 279.0 522.0 292.0
face 0.36 540.0 273.0 555.0 293.0
face 0.36 930.0 21.0 947.0 41.0
face 0.36 651.0 108.0 665.0 124.0
face 0.36 644.0 53.0 658.0 70.0
face 0.36 478.0 269.0 490.0 283.0
face 0.36 639.0 53.0 650.0 67.0
face 0.36 14.0 192.0 26.0 205.0
face 0.36 855.0 158.0 865.0 170.0
face 0.36 710.0 188.0 723.0 204.0
face 0.35 574.0 110.0 587.0 126.0
face 0.35 439.0 378.0 453.0 397.0
face 0.35 658.0 92.0 672.0 109.0
face 0.35 621.0 436.0 653.0 473.0
face 0.35 383.0 86.0 393.0 98.0
face 0.35 438.0 140.0 453.0 158.0
face 0.35 581.0 115.0 597.0 133.0
face 0.35 464.0 239.0 474.0 252.0
face 0.35 687.0 76.0 698.0 89.0
face 0.35 566.0 118.0 578.0 133.0
face 0.35 454.0 166.0 465.0 179.0
face 0.35 567.0 21.0 578.0 34.0
face 0.35 702.0 133.0 713.0 146.0
face 0.35 719.0 175.0 730.0 187.0
face 0.35 494.0 294.0 505.0 307.0
face 0.35 540.0 315.0 554.0 334.0
face 0.35 444.0 299.0 458.0 315.0
face 0.35 567.0 111.0 578.0 124.0
