face 1.00 450.0 168.0 485.0 214.0
face 1.00 648.0 125.0 683.0 173.0
face 1.00 401.0 104.0 436.0 148.0
face 1.00 322.0 103.0 363.0 155.0
face 0.99 191.0 88.0 219.0 127.0
face 0.95 103.0 126.0 134.0 171.0
face 0.94 319.0 197.0 349.0 243.0
face 0.83 -1.0 163.0 22.0 210.0
face 0.80 479.0 127.0 509.0 166.0
face 0.74 282.0 120.0 308.0 155.0
face 0.71 13.0 145.0 37.0 183.0
face 0.66 693.0 196.0 728.0 244.0
face 0.64 648.0 227.0 669.0 254.0
face 0.55 903.0 173.0 937.0 219.0
face 0.50 450.0 462.0 464.0 478.0
face 0.48 422.0 476.0 434.0 490.0
face 0.45 819.0 184.0 843.0 218.0
face 0.45 769.0 151.0 811.0 209.0
face 0.43 503.0 120.0 532.0 165.0
face 0.43 447.0 475.0 459.0 490.0
face 0.42 665.0 293.0 689.0 321.0
face 0.42 307.0 206.0 332.0 236.0
face 0.39 100.0 486.0 126.0 518.0
face 0.39 818.0 242.0 864.0 293.0
face 0.39 931.0 477.0 945.0 493.0
face 0.38 115.0 251.0 130.0 269.0
face 0.38 500.0 494.0 524.0 521.0
face 0.38 765.0 174.0 791.0 206.0
face 0.37 632.0 223.0 664.0 266.0
face 0.37 908.0 212.0 921.0 227.0
face 0.37 523.0 499.0 537.0 517.0
face 0.36 356.0 131.0 371.0 149.0
face 0.36 646.0 145.0 662.0 168.0
face 0.36 878.0 280.0 890.0 293.0
face 0.36 625.0 478.0 638.0 492.0
face 0.36 413.0 496.0 427.0 513.0
face 0.35 531.0 491.0 544.0 508.0
face 0.35 112.0 261.0 123.0 274.0
face 0.35 529.0 486.0 539.0 498.0
