face 0.98 587.0 0.0 654.0 64.0
face 0.70 148.0 478.0 165.0 501.0
face 0.66 274.0 612.0 338.0 688.0
face 0.54 175.0 483.0 190.0 499.0
face 0.49 145.0 492.0 156.0 505.0
face 0.47 283.0 442.0 297.0 459.0
face 0.43 27.0 383.0 43.0 403.0
face 0.43 221.0 430.0 233.0 444.0
face 0.42 295.0 468.0 306.0 481.0
face 0.42 473.0 143.0 491.0 165.0
face 0.41 340.0 426.0 353.0 443.0
face 0.41 367.0 396.0 414.0 454.0
face 0.41 192.0 494.0 203.0 507.0
face 0.40 129.0 576.0 152.0 607.0
face 0.39 127.0 470.0 140.0 485.0
face 0.38 71.0 707.0 100.0 741.0
face 0.38 203.0 483.0 220.0 504.0
face 0.37 16.0 411.0 28.0 427.0
face 0.37 685.0 386.0 753.0 460.0
face 0.37 307.0 424.0 321.0 444.0
face 0.37 85.0 331.0 99.0 348.0
face 0.37 335.0 400.0 346.0 412.0
face 0.36 167.0 486.0 177.0 499.0
face 0.36 459.0 129.0 500.0 171.0
face 0.36 144.0 325.0 155.0 339.0
face 0.36 144.0 469.0 153.0 481.0
face 0.36 149.0 470.0 162.0 488.0
face 0.36 7.0 454.0 18.0 467.0
face 0.36 462.0 141.0 474.0 156.0
face 0.36 367.0 301.0 379.0 316.0
face 0.36 180.0 404.0 193.0 420.0
face 0.36 151.0 348.0 162.0 361.0
face 0.36 127.0 501.0 137.0 512.0
face 0.36 263.0 436.0 273.0 449.0
face 0.36 298.0 407.0 323.0 442.0
face 0.36 212.0 340.0 225.0 355.0
face 0.36 342.0 285.0 352.0 297.0
face 0.35 134.0 638.0 147.0 656.0
face 0.35 116.0 435.0 129.0 450.0
face 0.35 141.0 413.0 154.0 428.0
face 0.35 785.0 309.0 937.0 496.0
face 0.35 157.0 349.0 169.0 362.0
face 0.35 135.0 475.0 145.0 488.0
face 0.35 144.0 477.0 154.0 490.0
face 0.35 145.0 462.0 155.0 476.0
face 0.35 175.0 412.0 187.0 428.0
face 0.35 316.0 630.0 329.0 647.0
face 0.35 292.0 436.0 305.0 453.0
face 0.35 199.0 479.0 210.0 491.0
face 0.35 477.0 338.0 492.0 355.0
face 0.35 128.0 487.0 137.0 498.0
face 0.35 182.0 479.0 193.0 493.0
face 0.35 834.0 7.0 883.0 75.0
