face 1.00 230.0 217.0 266.0 277.0
face 1.00 259.0 229.0 290.0 268.0
face 1.00 523.0 194.0 538.0 214.0
face 0.97 732.0 190.0 745.0 206.0
face 0.89 376.0 219.0 403.0 263.0
face 0.84 713.0 196.0 726.0 211.0
face 0.77 755.0 214.0 769.0 230.0
face 0.72 766.0 192.0 777.0 204.0
face 0.58 292.0 236.0 307.0 258.0
face 0.57 451.0 249.0 508.0 334.0
face 0.49 196.0 506.0 212.0 525.0
face 0.49 751.0 191.0 762.0 203.0
face 0.40 87.0 366.0 113.0 397.0
face 0.40 61.0 372.0 77.0 393.0
face 0.40 782.0 188.0 795.0 205.0
face 0.39 317.0 455.0 343.0 488.0
face 0.37 390.0 223.0 412.0 255.0
face 0.37 548.0 242.0 562.0 258.0
face 0.36 492.0 203.0 506.0 218.0
face 0.36 743.0 198.0 754.0 211.0
face 0.36 71.0 323.0 95.0 355.0
face 0.36 156.0 241.0 172.0 261.0
face 0.36 741.0 205.0 755.0 221.0
face 0.36 775.0 197.0 786.0 209.0
face 0.36 516.0 397.0 533.0 415.0
face 0.36 574.0 472.0 600.0 505.0
face 0.36 430.0 279.0 460.0 321.0
face 0.35 727.0 221.0 739.0 235.0
face 0.35 77.0 316.0 93.0 335.0
face 0.35 775.0 203.0 788.0 219.0
face 0.35 558.0 240.0 569.0 253.0
face 0.35 40.0 448.0 52.0 463.0
face 0.35 792.0 221.0 802.0 232.0
face 0.35 775.0 222.0 784.0 233.0
face 0.35 489.0 196.0 502.0 212.0
face 0.35 318.0 267.0 329.0 281.0
face 0.35 743.0 213.0 753.0 225.0
face 0.35 767.0 221.0 778.0 234.0
