face 1.00 83.0 158.0 102.0 183.0
face 0.99 815.0 188.0 836.0 213.0
face 0.99 330.0 180.0 350.0 204.0
face 0.98 480.0 278.0 505.0 313.0
face 0.96 429.0 320.0 458.0 357.0
face 0.96 956.0 184.0 972.0 202.0
face 0.95 92.0 90.0 107.0 107.0
face 0.95 846.0 177.0 859.0 192.0
face 0.93 790.0 171.0 810.0 194.0
face 0.93 122.0 284.0 144.0 315.0
face 0.92 607.0 173.0 620.0 189.0
face 0.92 714.0 177.0 732.0 200.0
face 0.91 112.0 121.0 128.0 141.0
face 0.91 630.0 552.0 652.0 577.0
face 0.90 898.0 195.0 914.0 215.0
face 0.90 923.0 194.0 941.0 215.0
face 0.88 777.0 222.0 804.0 258.0
face 0.87 1010.0 192.0 1024.0 214.0
face 0.83 398.0 196.0 417.0 220.0
face 0.82 859.0 257.0 880.0 284.0
face 0.82 198.0 236.0 218.0 261.0
face 0.81 853.0 205.0 867.0 222.0
face 0.80 981.0 335.0 1008.0 372.0
face 0.73 973.0 201.0 988.0 218.0
face 0.68 718.0 135.0 729.0 148.0
face 0.68 427.0 274.0 445.0 294.0
face 0.68 477.0 147.0 491.0 163.0
face 0.67 678.0 165.0 691.0 181.0
face 0.63 390.0 112.0 401.0 124.0
face 0.61 60.0 114.0 73.0 129.0
face 0.59 622.0 504.0 649.0 536.0
face 0.58 73.0 289.0 97.0 319.0
face 0.57 69.0 292.0 107.0 349.0
face 0.57 963.0 433.0 984.0 458.0
face 0.56 579.0 165.0 593.0 182.0
face 0.53 491.0 116.0 504.0 132.0
face 0.51 684.0 170.0 697.0 186.0
face 0.50 632.0 161.0 645.0 176.0
face 0.49 772.0 184.0 786.0 202.0
face 0.49 530.0 188.0 546.0 207.0
face 0.48 980.0 158.0 991.0 170.0
face 0.48 160.0 172.0 176.0 191.0
face 0.48 575.0 397.0 625.0 456.0
face 0.48 615.0 157.0 626.0 170.0
face 0.47 83.0 127.0 95.0 142.0
face 0.47 569.0 128.0 579.0 140.0
face 0.46 752.0 174.0 765.0 189.0
face 0.46 198.0 139.0 211.0 156.0
face 0.45 224.0 60.0 237.0 78.0
face 0.44 388.0 153.0 405.0 172.0
face 0.44 872.0 196.0 885.0 211.0
face 0.44 820.0 169.0 834.0 184.0
face 0.42 465.0 151.0 475.0 164.0
face 0.42 886.0 321.0 904.0 345.0
face 0.42 980.0 197.0 993.0 213.0
face 0.42 859.0 209.0 873.0 226.0
face 0.42 705.0 115.0 718.0 130.0
face 0.41 785.0 106.0 798.0 123.0
face 0.41 582.0 141.0 591.0 152.0
face 0.40 174.0 271.0 199.0 301.0
face 0.40 662.0 134.0 673.0 147.0
face 0.40 186.0 261.0 200.0 279.0
face 0.40 357.0 116.0 371.0 133.0
face 0.39 24.0 54.0 33.0 66.0
face 0.39 447.0 133.0 458.0 146.0
face 0.39 902.0 223.0 913.0 237.0
face 0.38 591.0 157.0 602.0 170.0
face 0.38 248.0 314.0 293.0 375.0
face 0.38 250.0 395.0 265.0 413.0
face 0.38 619.0 172.0 632.0 187.0
face 0.38 588.0 165.0 600.0 180.0
face 0.38 503.0 141.0 517.0 159.0
face 0.38 135.0 78.0 145.0 90.0
face 0.38 143.0 86.0 154.0 99.0
face 0.38 981.0 19.0 996.0 35.0
face 0.38 632.0 140.0 644.0 154.0
face 0.38 115.0 333.0 131.0 353.0
face 0.38 670.0 173.0 681.0 187.0
face 0.38 340.0 512.0 353.0 528.0
face 0.38 349.0 220.0 363.0 238.0
face 0.38 535.0 144.0 545.0 156.0
face 0.37 894.0 190.0 905.0 204.0
face 0.37 464.0 102.0 474.0 113.0
face 0.37 223.0 174.0 233.0 186.0
face 0.37 854.0 165.0 865.0 178.0
face 0.37 876.0 157.0 897.0 184.0
face 0.37 907.0 188.0 920.0 205.0
face 0.37 556.0 475.0 600.0 533.0
face 0.37 254.0 134.0 267.0 149.0
face 0.37 662.0 174.0 673.0 189.0
face 0.37 597.0 160.0 607.0 171.0
face 0.37 684.0 202.0 698.0 222.0
face 0.37 278.0 149.0 289.0 162.0
face 0.37 988.0 189.0 999.0 203.0
face 0.37 303.0 220.0 314.0 233.0
face 0.37 181.0 116.0 191.0 128.0
face 0.37 726.0 166.0 737.0 180.0
face 0.37 990.0 203.0 1002.0 218.0
face 0.37 908.0 180.0 920.0 195.0
face 0.37 734.0 182.0 747.0 198.0
face 0.37 591.0 151.0 601.0 163.0
face 0.37 719.0 168.0 730.0 181.0
face 0.37 935.0 181.0 946.0 194.0
face 0.37 654.0 164.0 666.0 178.0
face 0.37 413.0 161.0 425.0 177.0
face 0.36 703.0 166.0 713.0 180.0
face 0.36 79.0 119.0 89.0 130.0
face 0.36 885.0 179.0 898.0 193.0
face 0.36 909.0 175.0 918.0 187.0
face 0.36 311.0 180.0 320.0 192.0
face 0.36 911.0 158.0 921.0 170.0
face 0.36 613.0 141.0 624.0 154.0
face 0.36 447.0 140.0 457.0 153.0
face 0.36 863.0 189.0 874.0 204.0
face 0.36 743.0 174.0 756.0 188.0
face 0.36 607.0 136.0 617.0 147.0
face 0.36 734.0 166.0 743.0 176.0
face 0.36 69.0 132.0 81.0 147.0
face 0.36 846.0 158.0 858.0 172.0
face 0.36 622.0 158.0 633.0 170.0
face 0.36 976.0 173.0 986.0 185.0
face 0.36 1007.0 172.0 1020.0 189.0
face 0.36 214.0 190.0 224.0 202.0
face 0.36 504.0 126.0 514.0 138.0
face 0.36 567.0 152.0 578.0 164.0
face 0.36 198.0 61.0 208.0 75.0
face 0.36 827.0 172.0 838.0 187.0
face 0.36 742.0 109.0 752.0 120.0
face 0.36 469.0 155.0 480.0 168.0
face 0.36 414.0 150.0 423.0 162.0
face 0.36 966.0 182.0 977.0 195.0
face 0.36 862.0 181.0 873.0 194.0
face 0.36 758.0 156.0 769.0 171.0
face 0.36 894.0 93.0 905.0 108.0
face 0.36 375.0 126.0 385.0 138.0
face 0.36 651.0 148.0 667.0 167.0
face 0.36 885.0 171.0 896.0 184.0
face 0.36 295.0 220.0 306.0 234.0
face 0.36 623.0 166.0 634.0 180.0
face 0.36 741.0 181.0 753.0 196.0
face 0.36 685.0 111.0 696.0 123.0
face 0.36 838.0 222.0 850.0 236.0
face 0.36 722.0 185.0 737.0 203.0
face 0.36 598.0 165.0 608.0 178.0
face 0.36 432.0 142.0 442.0 153.0
face 0.36 190.0 126.0 201.0 139.0
face 0.36 887.0 92.0 899.0 108.0
face 0.36 213.0 102.0 226.0 118.0
face 0.36 366.0 152.0 376.0 164.0
face 0.36 211.0 142.0 224.0 157.0
face 0.36 575.0 133.0 585.0 145.0
face 0.36 61.0 102.0 71.0 113.0
face 0.36 478.0 167.0 490.0 182.0
face 0.36 711.0 166.0 722.0 178.0
face 0.36 583.0 160.0 594.0 173.0
face 0.36 453.0 148.0 466.0 163.0
face 0.36 671.0 158.0 681.0 171.0
face 0.36 631.0 149.0 641.0 162.0
face 0.36 887.0 190.0 899.0 204.0
face 0.36 958.0 158.0 968.0 169.0
face 0.36 46.0 63.0 57.0 75.0
face 0.36 199.0 171.0 212.0 189.0
face 0.36 600.0 134.0 610.0 145.0
face 0.36 999.0 159.0 1009.0 171.0
face 0.36 542.0 134.0 552.0 146.0
face 0.36 229.0 174.0 239.0 186.0
face 0.36 584.0 149.0 594.0 160.0
face 0.35 373.0 116.0 385.0 131.0
face 0.35 910.0 165.0 920.0 178.0
face 0.35 219.0 166.0 233.0 181.0
face 0.35 846.0 229.0 858.0 242.0
face 0.35 69.0 117.0 80.0 129.0
face 0.35 863.0 149.0 874.0 162.0
face 0.35 863.0 198.0 873.0 211.0
face 0.35 502.0 118.0 512.0 130.0
face 0.35 142.0 80.0 153.0 92.0
face 0.35 503.0 134.0 514.0 147.0
face 0.35 47.0 86.0 57.0 98.0
face 0.35 806.0 174.0 816.0 188.0
face 0.35 263.0 94.0 274.0 107.0
face 0.35 942.0 174.0 952.0 186.0
face 0.35 558.0 143.0 568.0 154.0
face 0.35 430.0 160.0 441.0 172.0
face 0.35 600.0 142.0 609.0 152.0
face 0.35 583.0 125.0 593.0 137.0
face 0.35 236.0 117.0 247.0 131.0
face 0.35 254.0 117.0 264.0 129.0
face 0.35 135.0 70.0 146.0 83.0
face 0.35 207.0 102.0 218.0 115.0
face 0.35 622.0 151.0 633.0 163.0
face 0.35 528.0 142.0 540.0 156.0
face 0.35 200.0 127.0 210.0 139.0
face 0.35 541.0 142.0 551.0 154.0
face 0.35 774.0 175.0 785.0 187.0
face 0.35 691.0 171.0 704.0 187.0
face 0.35 397.0 156.0 409.0 169.0
face 0.35 664.0 13.0 678.0 32.0
face 0.35 535.0 136.0 546.0 149.0
face 0.35 271.0 142.0 281.0 154.0
face 0.35 127.0 78.0 138.0 91.0
face 0.35 541.0 189.0 553.0 204.0
face 0.35 598.0 150.0 609.0 163.0
face 0.35 735.0 126.0 744.0 138.0
face 0.35 550.0 165.0 561.0 177.0
face 0.35 919.0 189.0 930.0 204.0
face 0.35 542.0 164.0 555.0 178.0
face 0.35 695.0 167.0 705.0 179.0
face 0.35 488.0 112.0 498.0 124.0
face 0.35 201.0 110.0 210.0 121.0
face 0.35 830.0 178.0 842.0 196.0
face 0.35 178.0 112.0 187.0 124.0
face 0.35 574.0 150.0 584.0 162.0
face 0.35 855.0 222.0 865.0 235.0
face 0.35 688.0 143.0 700.0 158.0
face 0.35 614.0 136.0 624.0 147.0
face 0.35 142.0 70.0 152.0 82.0
face 0.35 870.0 214.0 880.0 227.0
face 0.35 965.0 175.0 977.0 188.0
face 0.35 464.0 143.0 473.0 155.0
face 0.35 623.0 142.0 633.0 154.0
face 0.35 870.0 149.0 881.0 162.0
face 0.35 526.0 134.0 537.0 148.0
face 0.35 879.0 182.0 889.0 193.0
face 0.35 511.0 126.0 521.0 138.0
face 0.35 373.0 138.0 385.0 154.0
face 0.35 984.0 183.0 994.0 195.0
face 0.35 853.0 229.0 865.0 243.0
face 0.35 976.0 165.0 987.0 178.0
face 0.35 842.0 239.0 866.0 271.0
face 0.35 174.0 270.0 186.0 285.0
face 0.35 941.0 188.0 952.0 203.0
face 0.35 704.0 159.0 713.0 171.0
face 0.35 847.0 199.0 858.0 212.0
face 0.35 615.0 165.0 625.0 178.0
face 0.35 413.0 142.0 425.0 156.0
face 0.35 574.0 159.0 585.0 172.0
