face 1.00 876.0 182.0 1010.0 354.0
face 1.00 551.0 188.0 671.0 334.0
face 1.00 375.0 241.0 455.0 340.0
face 1.00 156.0 225.0 223.0 308.0
face 1.00 269.0 193.0 336.0 272.0
face 1.00 44.0 239.0 117.0 311.0
face 0.92 473.0 399.0 505.0 440.0
face 0.87 512.0 316.0 553.0 378.0
face 0.72 484.0 311.0 532.0 379.0
face 0.65 856.0 635.0 868.0 652.0
face 0.50 566.0 421.0 583.0 440.0
face 0.50 558.0 534.0 576.0 554.0
face 0.50 803.0 686.0 824.0 717.0
face 0.48 480.0 611.0 530.0 674.0
face 0.46 481.0 211.0 503.0 238.0
face 0.45 409.0 352.0 432.0 382.0
face 0.45 445.0 617.0 462.0 637.0
face 0.42 723.0 163.0 746.0 193.0
face 0.41 227.0 258.0 242.0 277.0
face 0.41 607.0 379.0 619.0 392.0
face 0.39 759.0 701.0 772.0 717.0
face 0.39 746.0 561.0 847.0 665.0
face 0.38 548.0 495.0 594.0 549.0
face 0.37 220.0 594.0 235.0 612.0
face 0.37 564.0 451.0 577.0 468.0
face 0.37 343.0 446.0 353.0 458.0
face 0.36 836.0 555.0 848.0 571.0
face 0.36 359.0 464.0 382.0 491.0
face 0.36 343.0 422.0 354.0 436.0
face 0.36 478.0 508.0 489.0 522.0
face 0.36 872.0 135.0 893.0 162.0
face 0.36 716.0 706.0 731.0 724.0
face 0.36 758.0 724.0 769.0 736.0
face 0.36 351.0 461.0 365.0 479.0
face 0.36 624.0 372.0 634.0 383.0
face 0.35 709.0 610.0 725.0 631.0
face 0.35 752.0 725.0 762.0 737.0
face 0.35 871.0 134.0 883.0 148.0
face 0.35 445.0 552.0 459.0 570.0
face 0.35 671.0 510.0 681.0 523.0
face 0.35 744.0 717.0 753.0 729.0
face 0.35 871.0 414.0 882.0 426.0
face 0.35 580.0 377.0 597.0 397.0
face 0.35 672.0 703.0 681.0 715.0
face 0.35 671.0 662.0 681.0 674.0
