face 1.00 763.0 215.0 810.0 277.0
face 0.99 850.0 219.0 909.0 288.0
face 0.84 327.0 254.0 389.0 321.0
face 0.82 46.0 285.0 91.0 337.0
face 0.66 520.0 240.0 546.0 269.0
face 0.59 202.0 230.0 272.0 312.0
face 0.58 949.0 348.0 1006.0 409.0
face 0.56 570.0 181.0 604.0 222.0
face 0.54 262.0 475.0 278.0 495.0
face 0.51 563.0 303.0 630.0 392.0
face 0.48 632.0 591.0 706.0 692.0
face 0.44 373.0 260.0 390.0 279.0
face 0.44 495.0 691.0 510.0 705.0
face 0.44 275.0 361.0 290.0 378.0
face 0.42 155.0 426.0 271.0 551.0
face 0.41 646.0 359.0 657.0 373.0
face 0.39 810.0 232.0 827.0 254.0
face 0.36 413.0 449.0 461.0 500.0
face 0.36 748.0 105.0 775.0 138.0
face 0.36 278.0 470.0 292.0 486.0
face 0.36 508.0 569.0 526.0 594.0
face 0.35 250.0 238.0 273.0 263.0
face 0.35 850.0 453.0 864.0 469.0
face 0.35 38.0 301.0 50.0 315.0
face 0.35 331.0 279.0 348.0 302.0
