face 1.00 238.0 314.0 261.0 341.0
face 1.00 332.0 301.0 355.0 331.0
face 1.00 651.0 220.0 679.0 254.0
face 1.00 916.0 209.0 948.0 251.0
face 1.00 39.0 216.0 64.0 248.0
face 1.00 463.0 182.0 492.0 222.0
face 1.00 582.0 216.0 611.0 252.0
face 0.99 689.0 238.0 717.0 272.0
face 0.98 489.0 216.0 513.0 246.0
face 0.98 145.0 261.0 168.0 289.0
face 0.92 534.0 205.0 556.0 234.0
face 0.91 281.0 319.0 300.0 339.0
face 0.89 194.0 289.0 213.0 311.0
face 0.86 866.0 304.0 895.0 338.0
face 0.84 552.0 220.0 578.0 254.0
face 0.81 371.0 298.0 397.0 328.0
face 0.70 695.0 208.0 721.0 239.0
face 0.55 533.0 221.0 562.0 258.0
face 0.51 453.0 195.0 465.0 212.0
face 0.50 415.0 321.0 430.0 340.0
face 0.48 621.0 218.0 632.0 233.0
face 0.46 751.0 208.0 762.0 219.0
face 0.45 407.0 234.0 424.0 254.0
face 0.44 347.0 225.0 363.0 246.0
face 0.43 124.0 298.0 139.0 316.0
face 0.42 830.0 429.0 841.0 443.0
face 0.41 966.0 22.0 976.0 34.0
face 0.40 374.0 359.0 404.0 392.0
face 0.38 431.0 160.0 441.0 172.0
face 0.38 895.0 325.0 906.0 340.0
face 0.38 311.0 0.0 325.0 13.0
face 0.37 750.0 213.0 761.0 226.0
face 0.37 429.0 58.0 442.0 77.0
face 0.37 848.0 254.0 861.0 269.0
face 0.37 759.0 229.0 770.0 241.0
face 0.37 889.0 455.0 911.0 484.0
face 0.36 916.0 178.0 930.0 194.0
face 0.36 846.0 286.0 856.0 298.0
face 0.36 733.0 223.0 743.0 234.0
face 0.36 431.0 339.0 443.0 354.0
face 0.36 865.0 277.0 876.0 290.0
face 0.36 351.0 261.0 361.0 273.0
face 0.36 871.0 270.0 881.0 282.0
face 0.36 409.0 470.0 420.0 484.0
face 0.36 231.0 285.0 243.0 300.0
face 0.36 750.0 220.0 763.0 236.0
face 0.36 542.0 297.0 557.0 316.0
face 0.36 213.0 293.0 224.0 306.0
face 0.36 493.0 203.0 510.0 223.0
face 0.36 163.0 310.0 182.0 333.0
face 0.36 871.0 263.0 881.0 275.0
face 0.36 744.0 230.0 754.0 242.0
face 0.36 870.0 247.0 880.0 258.0
face 0.36 375.0 277.0 387.0 289.0
face 0.36 342.0 270.0 352.0 281.0
face 0.35 870.0 284.0 880.0 296.0
face 0.35 704.0 192.0 714.0 203.0
face 0.35 902.0 198.0 911.0 209.0
face 0.35 870.0 253.0 880.0 264.0
face 0.35 734.0 248.0 745.0 260.0
face 0.35 415.0 191.0 425.0 203.0
face 0.35 272.0 353.0 284.0 369.0
face 0.35 282.0 371.0 296.0 388.0
face 0.35 742.0 197.0 752.0 209.0
face 0.35 166.0 299.0 178.0 312.0
face 0.35 345.0 195.0 356.0 209.0
face 0.35 383.0 280.0 393.0 291.0
face 0.35 204.0 328.0 218.0 347.0
