face 1.00 453.0 347.0 560.0 506.0
face 1.00 307.0 353.0 403.0 488.0
face 0.63 908.0 594.0 924.0 614.0
face 0.51 957.0 578.0 977.0 603.0
face 0.42 739.0 598.0 756.0 621.0
face 0.42 250.0 555.0 265.0 571.0
face 0.41 3.0 752.0 20.0 772.0
face 0.39 744.0 645.0 773.0 684.0
face 0.37 148.0 597.0 159.0 612.0
face 0.37 243.0 612.0 261.0 633.0
face 0.36 140.0 779.0 155.0 800.0
face 0.36 285.0 577.0 299.0 593.0
face 0.36 926.0 599.0 939.0 612.0
face 0.36 887.0 621.0 899.0 636.0
face 0.36 110.0 726.0 121.0 739.0
face 0.35 931.0 604.0 948.0 622.0
face 0.35 280.0 574.0 291.0 588.0
face 0.35 919.0 678.0 930.0 692.0
face 0.35 725.0 590.0 736.0 605.0
