face 1.00 573.0 74.0 697.0 247.0
face 0.89 171.0 740.0 183.0 756.0
face 0.85 331.0 179.0 445.0 322.0
face 0.81 71.0 706.0 86.0 727.0
face 0.61 123.0 714.0 138.0 730.0
face 0.61 59.0 740.0 75.0 760.0
face 0.58 158.0 713.0 174.0 731.0
face 0.51 128.0 679.0 138.0 690.0
face 0.45 113.0 731.0 126.0 746.0
face 0.44 83.0 727.0 101.0 747.0
face 0.43 139.0 735.0 152.0 750.0
face 0.43 746.0 295.0 771.0 323.0
face 0.41 94.0 681.0 107.0 697.0
face 0.40 157.0 699.0 173.0 717.0
face 0.40 63.0 687.0 74.0 700.0
face 0.39 708.0 357.0 881.0 563.0
face 0.39 141.0 753.0 156.0 770.0
face 0.39 86.0 706.0 100.0 724.0
face 0.39 144.0 718.0 154.0 730.0
face 0.38 149.0 734.0 165.0 749.0
face 0.38 155.0 757.0 170.0 775.0
face 0.38 188.0 748.0 201.0 764.0
face 0.38 143.0 725.0 154.0 738.0
face 0.37 148.0 715.0 164.0 732.0
face 0.37 55.0 733.0 66.0 747.0
face 0.37 151.0 701.0 162.0 714.0
face 0.36 182.0 715.0 195.0 731.0
face 0.36 200.0 757.0 211.0 771.0
face 0.36 158.0 751.0 170.0 764.0
face 0.36 108.0 711.0 121.0 725.0
face 0.36 135.0 727.0 145.0 738.0
face 0.36 93.0 727.0 103.0 740.0
face 0.36 135.0 719.0 145.0 730.0
face 0.35 117.0 762.0 133.0 781.0
face 0.35 175.0 758.0 185.0 771.0
face 0.35 151.0 725.0 162.0 737.0
face 0.35 120.0 711.0 130.0 723.0
face 0.35 79.0 733.0 91.0 747.0
face 0.35 125.0 764.0 137.0 778.0
face 0.35 103.0 735.0 113.0 747.0
face 0.35 164.0 696.0 176.0 710.0
face 0.35 116.0 692.0 129.0 707.0
face 0.35 157.0 737.0 170.0 754.0
face 0.35 117.0 750.0 128.0 763.0
