face 1.00 756.0 97.0 798.0 153.0
face 1.00 519.0 98.0 558.0 150.0
face 1.00 49.0 26.0 117.0 115.0
face 1.00 298.0 118.0 341.0 175.0
face 1.00 257.0 112.0 290.0 155.0
face 1.00 847.0 121.0 875.0 153.0
face 1.00 575.0 347.0 617.0 396.0
face 1.00 369.0 148.0 388.0 170.0
face 0.99 879.0 145.0 914.0 187.0
face 0.99 673.0 311.0 722.0 368.0
face 0.97 226.0 131.0 251.0 160.0
face 0.97 963.0 53.0 1026.0 136.0
face 0.96 280.0 309.0 329.0 365.0
face 0.92 420.0 125.0 448.0 161.0
face 0.91 340.0 309.0 393.0 359.0
face 0.81 764.0 321.0 823.0 385.0
face 0.72 480.0 344.0 515.0 377.0
face 0.67 728.0 143.0 748.0 166.0
face 0.66 678.0 162.0 695.0 184.0
face 0.48 213.0 149.0 225.0 164.0
face 0.45 981.0 199.0 992.0 211.0
face 0.39 243.0 76.0 258.0 93.0
face 0.37 716.0 98.0 736.0 119.0
face 0.37 596.0 123.0 611.0 140.0
face 0.37 731.0 135.0 747.0 153.0
face 0.36 563.0 124.0 578.0 141.0
face 0.35 1006.0 204.0 1021.0 222.0
