face 0.82 203.0 253.0 243.0 301.0
face 0.63 632.0 5.0 679.0 95.0
face 0.51 294.0 117.0 317.0 147.0
face 0.48 44.0 74.0 58.0 91.0
face 0.43 271.0 268.0 326.0 330.0
face 0.41 169.0 86.0 188.0 110.0
face 0.40 798.0 2.0 823.0 30.0
face 0.38 126.0 253.0 152.0 291.0
face 0.37 167.0 76.0 178.0 90.0
face 0.36 298.0 178.0 323.0 213.0
face 0.36 278.0 44.0 290.0 58.0
face 0.36 374.0 99.0 386.0 114.0
face 0.36 238.0 375.0 248.0 387.0
face 0.36 946.0 16.0 960.0 35.0
face 0.36 278.0 125.0 289.0 137.0
face 0.35 197.0 96.0 207.0 108.0
