face 1.00 760.0 60.0 818.0 133.0
face 0.99 304.0 339.0 330.0 368.0
face 0.95 609.0 62.0 665.0 141.0
face 0.85 893.0 110.0 961.0 212.0
face 0.58 274.0 235.0 332.0 287.0
face 0.56 545.0 402.0 559.0 420.0
face 0.50 540.0 159.0 552.0 173.0
face 0.45 445.0 158.0 455.0 169.0
face 0.42 481.0 135.0 491.0 147.0
face 0.41 453.0 135.0 463.0 147.0
face 0.40 463.0 23.0 478.0 42.0
face 0.39 557.0 365.0 568.0 379.0
face 0.39 127.0 469.0 138.0 484.0
face 0.39 504.0 236.0 517.0 251.0
face 0.39 536.0 187.0 556.0 212.0
face 0.38 488.0 205.0 498.0 217.0
face 0.38 464.0 208.0 474.0 220.0
face 0.38 486.0 149.0 498.0 164.0
face 0.37 487.0 158.0 497.0 171.0
face 0.37 424.0 165.0 435.0 178.0
face 0.37 436.0 124.0 448.0 139.0
face 0.37 527.0 302.0 536.0 313.0
face 0.37 400.0 195.0 411.0 209.0
face 0.37 436.0 246.0 448.0 259.0
face 0.37 446.0 212.0 458.0 225.0
face 0.37 501.0 156.0 512.0 170.0
face 0.37 424.0 214.0 433.0 225.0
face 0.37 486.0 200.0 496.0 212.0
face 0.37 447.0 152.0 456.0 164.0
face 0.37 405.0 160.0 415.0 171.0
face 0.37 511.0 310.0 520.0 321.0
face 0.37 486.0 142.0 498.0 154.0
face 0.37 432.0 142.0 441.0 153.0
face 0.37 439.0 117.0 450.0 130.0
face 0.37 415.0 174.0 427.0 188.0
face 0.37 472.0 143.0 481.0 154.0
face 0.36 406.0 203.0 418.0 219.0
face 0.36 486.0 165.0 496.0 178.0
face 0.36 422.0 245.0 432.0 257.0
face 0.36 536.0 319.0 545.0 329.0
face 0.36 423.0 197.0 433.0 210.0
face 0.36 396.0 174.0 407.0 186.0
face 0.36 512.0 197.0 521.0 207.0
face 0.36 432.0 230.0 441.0 241.0
face 0.36 415.0 131.0 426.0 144.0
face 0.36 415.0 223.0 425.0 235.0
face 0.36 428.0 18.0 443.0 37.0
face 0.36 447.0 229.0 458.0 241.0
face 0.36 449.0 142.0 459.0 153.0
face 0.36 519.0 159.0 530.0 172.0
face 0.36 487.0 178.0 499.0 194.0
face 0.36 406.0 223.0 416.0 235.0
face 0.36 470.0 150.0 480.0 162.0
face 0.36 465.0 152.0 475.0 164.0
face 0.36 871.0 518.0 882.0 531.0
face 0.36 432.0 238.0 442.0 250.0
face 0.36 426.0 159.0 436.0 170.0
face 0.36 415.0 168.0 425.0 180.0
face 0.36 425.0 206.0 435.0 218.0
face 0.36 417.0 229.0 427.0 241.0
face 0.36 413.0 207.0 423.0 218.0
face 0.36 379.0 162.0 393.0 180.0
face 0.36 553.0 172.0 565.0 185.0
face 0.36 470.0 224.0 479.0 234.0
face 0.36 486.0 224.0 495.0 235.0
face 0.36 553.0 166.0 563.0 178.0
face 0.36 733.0 24.0 761.0 62.0
face 0.36 453.0 198.0 463.0 210.0
face 0.36 432.0 119.0 441.0 131.0
face 0.36 733.0 214.0 744.0 226.0
face 0.36 467.0 348.0 481.0 364.0
face 0.36 564.0 274.0 579.0 294.0
face 0.36 423.0 118.0 433.0 129.0
face 0.36 524.0 171.0 536.0 185.0
face 0.36 494.0 142.0 503.0 153.0
face 0.36 422.0 172.0 433.0 185.0
face 0.36 480.0 192.0 490.0 203.0
face 0.36 154.0 201.0 168.0 218.0
face 0.36 432.0 151.0 441.0 162.0
face 0.36 535.0 175.0 546.0 187.0
face 0.36 511.0 175.0 520.0 186.0
face 0.36 440.0 111.0 451.0 123.0
face 0.36 446.0 164.0 457.0 177.0
face 0.36 560.0 310.0 570.0 323.0
face 0.36 421.0 191.0 431.0 202.0
face 0.36 390.0 152.0 401.0 166.0
face 0.36 464.0 143.0 474.0 154.0
face 0.36 486.0 229.0 498.0 243.0
face 0.36 503.0 134.0 512.0 145.0
face 0.36 480.0 223.0 490.0 234.0
face 0.36 494.0 150.0 505.0 165.0
face 0.36 448.0 199.0 459.0 212.0
face 0.36 414.0 244.0 427.0 260.0
face 0.36 495.0 133.0 506.0 146.0
face 0.36 224.0 552.0 234.0 563.0
face 0.36 398.0 150.0 410.0 165.0
face 0.36 415.0 215.0 424.0 226.0
face 0.36 456.0 325.0 467.0 337.0
face 0.36 691.0 364.0 727.0 422.0
face 0.36 542.0 175.0 551.0 187.0
face 0.36 774.0 231.0 783.0 242.0
face 0.36 432.0 133.0 442.0 146.0
face 0.36 520.0 149.0 532.0 163.0
face 0.36 487.0 213.0 496.0 225.0
face 0.35 503.0 327.0 513.0 338.0
face 0.35 439.0 151.0 449.0 162.0
face 0.35 464.0 188.0 476.0 202.0
face 0.35 189.0 468.0 200.0 480.0
face 0.35 550.0 310.0 560.0 322.0
face 0.35 406.0 239.0 416.0 251.0
face 0.35 404.0 190.0 415.0 203.0
face 0.35 219.0 557.0 233.0 573.0
face 0.35 480.0 230.0 490.0 241.0
face 0.35 511.0 317.0 520.0 328.0
face 0.35 526.0 158.0 535.0 169.0
face 0.35 456.0 239.0 466.0 252.0
face 0.35 478.0 150.0 489.0 162.0
face 0.35 447.0 174.0 458.0 186.0
face 0.35 502.0 190.0 512.0 200.0
face 0.35 487.0 317.0 497.0 329.0
face 0.35 471.0 136.0 480.0 147.0
face 0.35 448.0 101.0 458.0 113.0
face 0.35 452.0 173.0 465.0 188.0
face 0.35 520.0 174.0 530.0 186.0
face 0.35 421.0 109.0 433.0 124.0
face 0.35 422.0 132.0 433.0 145.0
face 0.35 383.0 155.0 397.0 172.0
face 0.35 512.0 165.0 521.0 176.0
face 0.35 510.0 149.0 519.0 161.0
face 0.35 481.0 207.0 490.0 218.0
face 0.35 368.0 494.0 378.0 506.0
face 0.35 503.0 174.0 513.0 185.0
face 0.35 541.0 295.0 551.0 307.0
face 0.35 511.0 182.0 520.0 192.0
face 0.35 524.0 366.0 537.0 381.0
face 0.35 456.0 214.0 466.0 226.0
face 0.35 493.0 231.0 503.0 242.0
face 0.35 423.0 150.0 433.0 163.0
face 0.35 472.0 319.0 483.0 330.0
face 0.35 399.0 240.0 410.0 252.0
face 0.35 405.0 245.0 419.0 261.0
face 0.35 535.0 301.0 545.0 313.0
face 0.35 604.0 581.0 619.0 598.0
face 0.35 485.0 126.0 497.0 139.0
face 0.35 408.0 183.0 418.0 195.0
face 0.35 455.0 166.0 466.0 178.0
face 0.35 774.0 246.0 785.0 258.0
face 0.35 478.0 319.0 488.0 330.0
face 0.35 520.0 200.0 529.0 210.0
face 0.35 441.0 166.0 450.0 178.0
face 0.35 455.0 128.0 464.0 139.0
face 0.35 438.0 143.0 447.0 154.0
face 0.35 460.0 319.0 472.0 331.0
face 0.35 459.0 243.0 473.0 259.0
face 0.35 504.0 319.0 513.0 330.0
face 0.35 399.0 182.0 409.0 194.0
face 0.35 495.0 318.0 505.0 329.0
face 0.35 720.0 224.0 728.0 234.0
face 0.35 521.0 319.0 531.0 330.0
face 0.35 769.0 245.0 779.0 257.0
face 0.35 759.0 221.0 769.0 233.0
face 0.35 453.0 191.0 463.0 203.0
face 0.35 455.0 231.0 464.0 242.0
face 0.35 719.0 230.0 728.0 240.0
face 0.35 432.0 224.0 441.0 235.0
face 0.35 496.0 126.0 506.0 137.0
face 0.35 556.0 403.0 570.0 419.0
