face 1.00 299.0 86.0 352.0 154.0
face 1.00 171.0 1.0 220.0 50.0
face 0.99 436.0 147.0 488.0 226.0
face 0.99 0.0 187.0 48.0 294.0
face 0.95 786.0 53.0 833.0 126.0
face 0.71 947.0 161.0 993.0 225.0
face 0.55 560.0 240.0 582.0 267.0
face 0.45 813.0 285.0 844.0 318.0
face 0.41 76.0 94.0 103.0 132.0
face 0.40 318.0 270.0 377.0 325.0
face 0.40 105.0 89.0 128.0 121.0
face 0.39 549.0 236.0 564.0 255.0
face 0.36 781.0 83.0 796.0 105.0
face 0.36 127.0 268.0 138.0 281.0
face 0.35 910.0 191.0 924.0 205.0
face 0.35 676.0 249.0 691.0 268.0
