face 1.00 572.0 113.0 668.0 259.0
face 1.00 196.0 30.0 304.0 157.0
face 0.89 448.0 725.0 497.0 768.0
face 0.50 860.0 626.0 878.0 649.0
face 0.42 309.0 81.0 428.0 219.0
face 0.39 927.0 234.0 942.0 253.0
face 0.37 283.0 77.0 299.0 95.0
face 0.37 780.0 500.0 795.0 519.0
face 0.36 135.0 536.0 146.0 549.0
face 0.36 720.0 702.0 733.0 718.0
face 0.36 583.0 719.0 593.0 731.0
face 0.36 403.0 108.0 431.0 138.0
face 0.35 937.0 219.0 960.0 252.0
face 0.35 99.0 610.0 114.0 631.0
face 0.35 778.0 554.0 794.0 575.0
face 0.35 876.0 291.0 890.0 307.0
face 0.35 96.0 515.0 106.0 529.0
