face 1.00 435.0 85.0 535.0 223.0
face 0.56 852.0 5.0 918.0 82.0
face 0.55 505.0 459.0 527.0 486.0
face 0.42 213.0 503.0 271.0 576.0
face 0.42 737.0 1107.0 754.0 1127.0
face 0.40 519.0 242.0 551.0 278.0
face 0.40 655.0 572.0 671.0 588.0
face 0.40 709.0 110.0 722.0 124.0
face 0.40 724.0 1347.0 740.0 1361.0
face 0.40 733.0 784.0 747.0 803.0
face 0.40 59.0 621.0 75.0 641.0
face 0.39 12.0 1348.0 29.0 1361.0
face 0.39 747.0 717.0 764.0 739.0
face 0.39 683.0 884.0 699.0 904.0
face 0.39 717.0 765.0 729.0 780.0
face 0.38 732.0 1116.0 757.0 1147.0
face 0.38 476.0 28.0 493.0 48.0
face 0.37 452.0 633.0 465.0 652.0
face 0.37 702.0 118.0 714.0 131.0
face 0.37 433.0 406.0 463.0 447.0
face 0.36 695.0 118.0 706.0 130.0
face 0.36 125.0 560.0 142.0 581.0
face 0.36 655.0 491.0 668.0 510.0
face 0.36 717.0 111.0 728.0 124.0
face 0.36 471.0 652.0 499.0 688.0
face 0.36 647.0 608.0 661.0 626.0
face 0.36 171.0 492.0 185.0 510.0
face 0.36 485.0 35.0 497.0 49.0
face 0.36 675.0 158.0 689.0 172.0
face 0.36 670.0 126.0 680.0 138.0
face 0.35 774.0 36.0 787.0 52.0
face 0.35 11.0 473.0 25.0 493.0
face 0.35 621.0 707.0 632.0 720.0
face 0.35 740.0 67.0 753.0 83.0
face 0.35 473.0 30.0 483.0 44.0
face 0.35 663.0 118.0 673.0 131.0
face 0.35 471.0 484.0 482.0 496.0
face 0.35 365.0 78.0 377.0 92.0
face 0.35 244.0 569.0 258.0 587.0
face 0.35 718.0 125.0 731.0 142.0
face 0.35 192.0 502.0 202.0 515.0
face 0.35 694.0 110.0 704.0 123.0
face 0.35 768.0 77.0 778.0 90.0
face 0.35 767.0 20.0 778.0 34.0
face 0.35 63.0 102.0 74.0 114.0
face 0.35 650.0 882.0 679.0 915.0
