face 1.00 402.0 185.0 449.0 242.0
face 1.00 856.0 200.0 904.0 266.0
face 1.00 153.0 189.0 194.0 238.0
face 1.00 218.0 163.0 262.0 227.0
face 1.00 526.0 224.0 564.0 277.0
face 1.00 853.0 114.0 868.0 134.0
face 1.00 262.0 170.0 300.0 226.0
face 1.00 625.0 181.0 671.0 244.0
face 1.00 759.0 149.0 811.0 221.0
face 1.00 893.0 122.0 908.0 141.0
face 0.99 349.0 175.0 389.0 228.0
face 0.97 693.0 153.0 714.0 180.0
face 0.96 718.0 138.0 731.0 155.0
face 0.95 183.0 133.0 199.0 152.0
face 0.94 572.0 133.0 586.0 150.0
face 0.93 913.0 135.0 925.0 151.0
face 0.92 665.0 133.0 680.0 150.0
face 0.89 482.0 226.0 515.0 265.0
face 0.87 324.0 173.0 349.0 207.0
face 0.87 787.0 124.0 800.0 140.0
face 0.87 428.0 127.0 442.0 144.0
face 0.81 286.0 106.0 300.0 124.0
face 0.79 819.0 115.0 834.0 133.0
face 0.70 766.0 307.0 795.0 339.0
face 0.62 372.0 138.0 386.0 155.0
face 0.54 546.0 126.0 562.0 145.0
face 0.51 646.0 112.0 662.0 133.0
face 0.50 502.0 91.0 518.0 112.0
face 0.50 267.0 402.0 291.0 436.0
face 0.49 102.0 161.0 114.0 175.0
face 0.42 413.0 109.0 424.0 122.0
face 0.40 34.0 110.0 53.0 131.0
face 0.39 298.0 595.0 322.0 626.0
face 0.38 475.0 140.0 488.0 158.0
face 0.38 471.0 133.0 481.0 146.0
face 0.37 471.0 111.0 481.0 122.0
face 0.37 460.0 125.0 471.0 138.0
face 0.37 812.0 396.0 838.0 427.0
face 0.36 110.0 164.0 120.0 176.0
face 0.36 180.0 306.0 196.0 327.0
face 0.36 854.0 667.0 869.0 685.0
face 0.36 823.0 130.0 837.0 148.0
face 0.36 487.0 197.0 497.0 209.0
face 0.36 440.0 142.0 451.0 154.0
face 0.36 438.0 125.0 448.0 137.0
face 0.35 919.0 237.0 929.0 249.0
face 0.35 943.0 239.0 953.0 252.0
face 0.35 468.0 199.0 479.0 213.0
face 0.35 117.0 159.0 127.0 171.0
face 0.35 932.0 223.0 943.0 236.0
face 0.35 507.0 84.0 522.0 103.0
face 0.35 219.0 327.0 236.0 349.0
face 0.35 335.0 119.0 346.0 131.0
face 0.35 97.0 163.0 107.0 175.0
face 0.35 461.0 119.0 472.0 132.0
face 0.35 877.0 706.0 891.0 722.0
face 0.35 326.0 109.0 337.0 121.0
face 0.35 879.0 141.0 891.0 155.0
face 0.35 764.0 668.0 776.0 684.0
