face 1.00 659.0 161.0 728.0 254.0
face 1.00 853.0 200.0 919.0 308.0
face 0.97 825.0 467.0 883.0 532.0
face 0.71 958.0 552.0 977.0 577.0
face 0.62 165.0 274.0 192.0 308.0
face 0.61 83.0 -1.0 131.0 53.0
face 0.54 983.0 645.0 994.0 660.0
face 0.49 147.0 367.0 275.0 448.0
face 0.48 60.0 204.0 123.0 274.0
face 0.46 178.0 564.0 290.0 650.0
face 0.44 210.0 124.0 227.0 144.0
face 0.41 765.0 304.0 789.0 330.0
face 0.39 625.0 225.0 668.0 280.0
face 0.39 176.0 5.0 294.0 121.0
face 0.39 616.0 307.0 661.0 356.0
face 0.38 733.0 291.0 747.0 309.0
face 0.38 912.0 657.0 923.0 672.0
face 0.37 550.0 300.0 564.0 319.0
face 0.37 394.0 731.0 460.0 796.0
face 0.37 743.0 323.0 755.0 340.0
face 0.37 739.0 279.0 750.0 294.0
face 0.36 733.0 330.0 747.0 348.0
face 0.36 847.0 645.0 858.0 658.0
face 0.36 629.0 369.0 648.0 394.0
face 0.36 1.0 244.0 14.0 263.0
face 0.36 884.0 660.0 896.0 673.0
face 0.36 767.0 275.0 778.0 289.0
face 0.36 741.0 260.0 754.0 275.0
face 0.35 613.0 217.0 628.0 235.0
face 0.35 15.0 454.0 26.0 468.0
face 0.35 949.0 600.0 963.0 617.0
face 0.35 748.0 318.0 760.0 334.0
face 0.35 2.0 453.0 13.0 472.0
face 0.35 14.0 479.0 24.0 491.0
