face 1.00 66.0 106.0 105.0 159.0
face 1.00 596.0 47.0 649.0 112.0
face 1.00 208.0 146.0 251.0 203.0
face 1.00 479.0 83.0 530.0 154.0
face 1.00 757.0 2.0 785.0 39.0
face 1.00 241.0 67.0 280.0 111.0
face 1.00 797.0 121.0 851.0 192.0
face 1.00 108.0 67.0 142.0 106.0
face 1.00 379.0 72.0 407.0 108.0
face 1.00 62.0 42.0 91.0 77.0
face 1.00 169.0 0.0 202.0 36.0
face 1.00 311.0 101.0 341.0 137.0
face 1.00 115.0 113.0 148.0 152.0
face 1.00 426.0 12.0 454.0 50.0
face 0.99 287.0 132.0 320.0 173.0
face 0.99 693.0 120.0 741.0 183.0
face 0.99 557.0 36.0 581.0 66.0
face 0.99 714.0 84.0 743.0 120.0
face 0.98 848.0 144.0 874.0 184.0
face 0.98 687.0 53.0 716.0 86.0
face 0.89 361.0 140.0 396.0 180.0
face 0.72 36.0 117.0 62.0 147.0
face 0.67 231.0 121.0 263.0 161.0
face 0.64 661.0 2.0 691.0 39.0
face 0.63 2.0 173.0 26.0 208.0
face 0.60 527.0 60.0 553.0 94.0
face 0.54 807.0 44.0 837.0 79.0
face 0.50 724.0 129.0 771.0 181.0
face 0.45 879.0 152.0 903.0 187.0
face 0.44 493.0 0.0 520.0 24.0
face 0.44 441.0 84.0 475.0 133.0
face 0.42 612.0 78.0 641.0 114.0
face 0.42 61.0 2.0 89.0 29.0
face 0.40 380.0 50.0 396.0 70.0
face 0.40 34.0 237.0 50.0 258.0
face 0.36 644.0 576.0 668.0 604.0
face 0.36 138.0 25.0 165.0 54.0
face 0.36 340.0 196.0 353.0 213.0
face 0.36 331.0 144.0 348.0 166.0
face 0.36 338.0 546.0 354.0 567.0
face 0.36 255.0 2.0 311.0 56.0
face 0.35 655.0 579.0 667.0 595.0
face 0.35 356.0 190.0 371.0 207.0
face 0.35 342.0 153.0 356.0 172.0
