face 1.00 195.0 470.0 217.0 499.0
face 1.00 838.0 187.0 868.0 226.0
face 0.99 691.0 388.0 714.0 416.0
face 0.94 454.0 378.0 487.0 420.0
face 0.84 83.0 394.0 110.0 429.0
face 0.68 581.0 237.0 597.0 257.0
face 0.61 505.0 366.0 556.0 427.0
face 0.60 29.0 655.0 39.0 668.0
face 0.53 216.0 607.0 229.0 624.0
face 0.53 594.0 276.0 606.0 293.0
face 0.53 431.0 223.0 474.0 266.0
face 0.48 127.0 581.0 138.0 594.0
face 0.47 792.0 687.0 803.0 701.0
face 0.45 671.0 195.0 684.0 210.0
face 0.45 352.0 693.0 361.0 706.0
face 0.45 797.0 609.0 808.0 622.0
face 0.44 135.0 691.0 148.0 706.0
face 0.44 649.0 693.0 660.0 706.0
face 0.43 305.0 488.0 321.0 507.0
face 0.43 566.0 628.0 576.0 642.0
face 0.43 142.0 685.0 155.0 702.0
face 0.43 854.0 495.0 890.0 537.0
face 0.43 398.0 228.0 414.0 246.0
face 0.43 301.0 678.0 318.0 698.0
face 0.42 841.0 669.0 850.0 682.0
face 0.41 109.0 666.0 122.0 682.0
face 0.40 512.0 250.0 527.0 269.0
face 0.40 342.0 580.0 352.0 594.0
face 0.40 342.0 22.0 454.0 173.0
face 0.40 252.0 659.0 268.0 680.0
face 0.39 566.0 449.0 596.0 488.0
face 0.39 830.0 677.0 841.0 690.0
face 0.38 46.0 665.0 56.0 676.0
face 0.38 56.0 660.0 65.0 671.0
face 0.37 530.0 92.0 545.0 108.0
face 0.37 958.0 653.0 968.0 666.0
face 0.37 428.0 607.0 443.0 624.0
face 0.37 30.0 669.0 39.0 681.0
face 0.37 386.0 669.0 397.0 680.0
face 0.37 117.0 677.0 128.0 691.0
face 0.37 164.0 522.0 181.0 544.0
face 0.37 927.0 639.0 936.0 649.0
face 0.36 68.0 685.0 81.0 702.0
face 0.36 927.0 603.0 939.0 618.0
face 0.36 64.0 663.0 74.0 674.0
face 0.36 40.0 666.0 53.0 680.0
face 0.36 760.0 639.0 769.0 650.0
face 0.36 69.0 667.0 81.0 682.0
face 0.36 743.0 636.0 752.0 647.0
face 0.36 1008.0 645.0 1018.0 657.0
face 0.36 327.0 694.0 337.0 706.0
face 0.36 654.0 688.0 663.0 699.0
face 0.36 991.0 646.0 1001.0 656.0
face 0.36 488.0 677.0 498.0 689.0
face 0.36 600.0 641.0 608.0 651.0
face 0.36 449.0 685.0 459.0 697.0
face 0.36 432.0 685.0 442.0 697.0
face 0.36 56.0 644.0 66.0 656.0
face 0.36 944.0 663.0 954.0 675.0
face 0.36 602.0 687.0 611.0 699.0
face 0.36 903.0 638.0 913.0 650.0
face 0.36 912.0 622.0 921.0 633.0
face 0.36 663.0 688.0 672.0 699.0
face 0.36 496.0 671.0 505.0 682.0
face 0.36 871.0 679.0 880.0 690.0
face 0.36 973.0 645.0 983.0 657.0
face 0.36 110.0 675.0 123.0 691.0
face 0.36 125.0 749.0 137.0 763.0
face 0.35 377.0 688.0 386.0 698.0
face 0.35 638.0 646.0 649.0 658.0
face 0.35 733.0 635.0 746.0 649.0
face 0.35 766.0 640.0 777.0 653.0
face 0.35 119.0 671.0 129.0 682.0
face 0.35 605.0 691.0 616.0 705.0
face 0.35 464.0 694.0 474.0 705.0
face 0.35 135.0 671.0 145.0 681.0
face 0.35 447.0 610.0 458.0 625.0
face 0.35 104.0 686.0 114.0 698.0
face 0.35 575.0 669.0 585.0 681.0
face 0.35 391.0 703.0 401.0 715.0
face 0.35 460.0 420.0 472.0 434.0
face 0.35 662.0 694.0 672.0 705.0
face 0.35 759.0 632.0 768.0 642.0
face 0.35 615.0 693.0 625.0 705.0
face 0.35 30.0 647.0 40.0 660.0
face 0.35 942.0 646.0 951.0 656.0
face 0.35 915.0 676.0 929.0 692.0
face 0.35 455.0 695.0 464.0 705.0
face 0.35 310.0 669.0 321.0 684.0
face 0.35 892.0 646.0 903.0 658.0
face 0.35 897.0 629.0 907.0 641.0
face 0.35 334.0 694.0 343.0 705.0
face 0.35 766.0 686.0 777.0 698.0
face 0.35 465.0 688.0 474.0 698.0
face 0.35 551.0 679.0 560.0 689.0
face 0.35 78.0 663.0 88.0 675.0
face 0.35 944.0 615.0 953.0 627.0
face 0.35 545.0 687.0 554.0 697.0
face 0.35 896.0 624.0 905.0 635.0
face 0.35 128.0 693.0 139.0 705.0
face 0.35 124.0 675.0 137.0 691.0
