face 0.98 293.0 392.0 305.0 408.0
face 0.90 705.0 403.0 718.0 418.0
face 0.84 660.0 403.0 675.0 420.0
face 0.73 336.0 349.0 356.0 374.0
face 0.73 483.0 209.0 498.0 227.0
face 0.72 99.0 390.0 112.0 404.0
face 0.67 63.0 417.0 73.0 429.0
face 0.66 22.0 397.0 32.0 409.0
face 0.66 639.0 421.0 650.0 433.0
face 0.60 96.0 412.0 106.0 423.0
face 0.60 369.0 170.0 391.0 198.0
face 0.59 194.0 429.0 203.0 441.0
face 0.55 45.0 448.0 56.0 462.0
face 0.53 822.0 448.0 836.0 466.0
face 0.53 638.0 491.0 649.0 505.0
face 0.50 118.0 432.0 127.0 444.0
face 0.50 225.0 412.0 238.0 428.0
face 0.50 720.0 486.0 730.0 498.0
face 0.49 141.0 325.0 152.0 339.0
face 0.49 45.0 383.0 55.0 395.0
face 0.47 501.0 85.0 527.0 116.0
face 0.47 392.0 446.0 411.0 468.0
face 0.46 962.0 417.0 979.0 436.0
face 0.46 144.0 116.0 162.0 136.0
face 0.46 590.0 478.0 602.0 491.0
face 0.45 93.0 327.0 105.0 341.0
face 0.45 914.0 452.0 927.0 469.0
face 0.44 23.0 420.0 33.0 433.0
face 0.44 319.0 279.0 341.0 306.0
face 0.44 865.0 470.0 886.0 498.0
face 0.44 1007.0 386.0 1020.0 404.0
face 0.44 372.0 430.0 385.0 447.0
face 0.44 500.0 383.0 516.0 401.0
face 0.41 111.0 408.0 121.0 420.0
face 0.41 681.0 492.0 692.0 505.0
face 0.41 783.0 478.0 794.0 491.0
face 0.40 247.0 342.0 258.0 355.0
face 0.40 118.0 336.0 129.0 349.0
face 0.40 593.0 98.0 622.0 132.0
face 0.40 520.0 386.0 533.0 402.0
face 0.39 718.0 9.0 745.0 41.0
face 0.39 971.0 348.0 985.0 366.0
face 0.39 437.0 473.0 451.0 490.0
face 0.39 882.0 269.0 897.0 288.0
face 0.39 600.0 348.0 615.0 366.0
face 0.39 888.0 361.0 899.0 374.0
face 0.38 98.0 309.0 110.0 324.0
face 0.38 9.0 391.0 19.0 404.0
face 0.38 113.0 340.0 123.0 352.0
face 0.38 869.0 469.0 881.0 481.0
face 0.38 590.0 444.0 601.0 458.0
face 0.38 136.0 447.0 146.0 458.0
face 0.38 982.0 376.0 993.0 390.0
face 0.37 916.0 397.0 928.0 412.0
face 0.37 862.0 478.0 873.0 491.0
face 0.37 491.0 265.0 503.0 281.0
face 0.37 574.0 399.0 586.0 413.0
face 0.37 136.0 413.0 144.0 424.0
face 0.37 121.0 391.0 130.0 402.0
face 0.37 278.0 415.0 288.0 427.0
face 0.37 95.0 381.0 105.0 395.0
face 0.37 40.0 398.0 50.0 409.0
face 0.37 828.0 418.0 842.0 435.0
face 0.37 719.0 360.0 729.0 374.0
face 0.37 33.0 286.0 42.0 297.0
face 0.37 934.0 452.0 947.0 467.0
face 0.37 998.0 419.0 1009.0 432.0
face 0.37 646.0 400.0 663.0 423.0
face 0.37 1012.0 430.0 1023.0 446.0
face 0.37 877.0 480.0 889.0 497.0
face 0.37 158.0 422.0 167.0 434.0
face 0.37 47.0 270.0 58.0 283.0
face 0.37 175.0 421.0 184.0 433.0
face 0.37 150.0 349.0 160.0 361.0
face 0.37 295.0 316.0 310.0 333.0
face 0.37 622.0 429.0 633.0 443.0
face 0.36 275.0 428.0 287.0 444.0
face 0.36 41.0 407.0 51.0 419.0
face 0.36 351.0 404.0 362.0 418.0
face 0.36 93.0 375.0 104.0 387.0
face 0.36 120.0 424.0 129.0 434.0
face 0.36 174.0 344.0 184.0 357.0
face 0.36 127.0 437.0 137.0 449.0
face 0.36 142.0 397.0 151.0 407.0
face 0.36 167.0 365.0 177.0 376.0
face 0.36 46.0 407.0 57.0 419.0
face 0.36 114.0 436.0 124.0 448.0
face 0.36 88.0 374.0 99.0 385.0
face 0.36 30.0 382.0 40.0 392.0
face 0.36 608.0 494.0 619.0 508.0
face 0.36 546.0 393.0 562.0 412.0
face 0.36 680.0 365.0 691.0 379.0
face 0.36 158.0 415.0 168.0 427.0
face 0.36 884.0 339.0 899.0 357.0
face 0.36 14.0 391.0 24.0 403.0
face 0.36 604.0 468.0 616.0 483.0
face 0.36 149.0 374.0 161.0 388.0
face 0.36 46.0 399.0 56.0 410.0
face 0.36 925.0 429.0 938.0 444.0
face 0.36 64.0 348.0 76.0 363.0
face 0.36 294.0 431.0 305.0 444.0
face 0.36 311.0 500.0 322.0 513.0
face 0.36 476.0 128.0 493.0 150.0
face 0.36 862.0 438.0 875.0 454.0
face 0.36 840.0 438.0 852.0 452.0
face 0.36 736.0 461.0 748.0 476.0
face 0.36 38.0 316.0 49.0 329.0
face 0.36 911.0 478.0 921.0 490.0
face 0.36 903.0 479.0 913.0 490.0
face 0.36 373.0 195.0 389.0 213.0
face 0.36 40.0 389.0 51.0 401.0
face 0.36 111.0 421.0 122.0 433.0
face 0.36 5.0 358.0 16.0 371.0
face 0.36 135.0 421.0 144.0 433.0
face 0.36 616.0 430.0 627.0 443.0
face 0.36 126.0 444.0 140.0 459.0
face 0.36 41.0 359.0 50.0 370.0
face 0.36 102.0 414.0 112.0 425.0
face 0.36 961.0 463.0 970.0 474.0
face 0.36 232.0 374.0 242.0 386.0
face 0.36 118.0 415.0 127.0 426.0
face 0.36 830.0 438.0 841.0 450.0
face 0.36 1014.0 421.0 1024.0 435.0
face 0.36 56.0 335.0 67.0 348.0
face 0.36 687.0 477.0 697.0 488.0
face 0.36 86.0 433.0 96.0 444.0
face 0.36 33.0 317.0 43.0 329.0
face 0.35 192.0 415.0 202.0 426.0
face 0.35 694.0 500.0 706.0 514.0
face 0.35 72.0 376.0 82.0 386.0
face 0.35 40.0 375.0 49.0 387.0
face 0.35 885.0 476.0 897.0 492.0
face 0.35 158.0 360.0 169.0 372.0
face 0.35 138.0 400.0 147.0 410.0
face 0.35 942.0 396.0 953.0 409.0
face 0.35 48.0 335.0 57.0 346.0
face 0.35 748.0 444.0 763.0 463.0
face 0.35 78.0 375.0 88.0 386.0
face 0.35 126.0 432.0 136.0 443.0
face 0.35 982.0 419.0 994.0 433.0
face 0.35 224.0 407.0 235.0 420.0
face 0.35 12.0 303.0 24.0 316.0
face 0.35 105.0 352.0 114.0 364.0
face 0.35 101.0 445.0 112.0 458.0
face 0.35 78.0 414.0 87.0 426.0
face 0.35 925.0 452.0 938.0 468.0
face 0.35 158.0 429.0 168.0 441.0
face 0.35 781.0 437.0 795.0 453.0
face 0.35 165.0 325.0 176.0 338.0
face 0.35 56.0 406.0 65.0 417.0
face 0.35 198.0 414.0 207.0 425.0
face 0.35 669.0 475.0 680.0 489.0
face 0.35 198.0 358.0 208.0 371.0
face 0.35 788.0 331.0 804.0 351.0
face 0.35 765.0 469.0 777.0 485.0
face 0.35 30.0 350.0 40.0 361.0
face 0.35 870.0 477.0 882.0 491.0
face 0.35 159.0 407.0 168.0 418.0
face 0.35 679.0 387.0 690.0 402.0
face 0.35 168.0 381.0 180.0 396.0
face 0.35 39.0 301.0 48.0 312.0
face 0.35 894.0 470.0 904.0 482.0
face 0.35 62.0 368.0 72.0 379.0
face 0.35 111.0 399.0 120.0 410.0
face 0.35 902.0 470.0 912.0 482.0
face 0.35 124.0 332.0 136.0 347.0
face 0.35 126.0 342.0 137.0 353.0
face 0.35 24.0 382.0 35.0 396.0
face 0.35 136.0 430.0 145.0 441.0
face 0.35 607.0 462.0 619.0 476.0
face 0.35 23.0 375.0 33.0 386.0
face 0.35 272.0 422.0 282.0 434.0
face 0.35 65.0 356.0 75.0 369.0
face 0.35 21.0 327.0 32.0 339.0
face 0.35 572.0 460.0 585.0 477.0
face 0.35 303.0 511.0 314.0 523.0
face 0.35 736.0 373.0 747.0 386.0
face 0.35 37.0 294.0 48.0 307.0
face 0.35 599.0 464.0 609.0 476.0
face 0.35 750.0 438.0 761.0 452.0
face 0.35 608.0 489.0 617.0 500.0
face 0.35 695.0 478.0 704.0 490.0
face 0.35 632.0 492.0 642.0 505.0
face 0.35 721.0 421.0 732.0 435.0
face 0.35 479.0 467.0 491.0 482.0
face 0.35 551.0 486.0 562.0 499.0
face 0.35 72.0 406.0 81.0 417.0
