face 1.00 568.0 658.0 615.0 718.0
face 0.63 440.0 1223.0 464.0 1253.0
face 0.43 604.0 715.0 619.0 738.0
face 0.41 246.0 1259.0 259.0 1273.0
face 0.40 253.0 1259.0 266.0 1274.0
face 0.40 407.0 1231.0 418.0 1246.0
face 0.40 306.0 374.0 396.0 473.0
face 0.37 1013.0 1061.0 1024.0 1076.0
face 0.37 173.0 1281.0 188.0 1299.0
face 0.37 742.0 1181.0 769.0 1211.0
face 0.37 252.0 1236.0 270.0 1258.0
face 0.36 926.0 1179.0 941.0 1199.0
face 0.36 531.0 1106.0 566.0 1153.0
face 0.35 150.0 1269.0 166.0 1288.0
face 0.35 720.0 988.0 768.0 1046.0
face 0.35 438.0 1195.0 455.0 1216.0
face 0.35 261.0 1261.0 272.0 1274.0
