face 1.00 266.0 528.0 290.0 561.0
face 1.00 734.0 297.0 781.0 355.0
face 1.00 410.0 340.0 434.0 372.0
face 1.00 479.0 569.0 501.0 599.0
face 1.00 204.0 217.0 226.0 243.0
face 0.99 80.0 600.0 104.0 630.0
face 0.95 81.0 96.0 107.0 130.0
face 0.89 901.0 93.0 953.0 161.0
face 0.58 29.0 649.0 46.0 669.0
face 0.53 392.0 638.0 402.0 650.0
face 0.53 391.0 518.0 402.0 530.0
face 0.51 489.0 109.0 513.0 144.0
face 0.45 388.0 278.0 401.0 295.0
face 0.43 369.0 62.0 379.0 74.0
face 0.42 157.0 278.0 171.0 294.0
face 0.42 105.0 653.0 115.0 665.0
face 0.41 397.0 461.0 408.0 474.0
face 0.41 214.0 797.0 225.0 811.0
face 0.40 863.0 382.0 873.0 395.0
face 0.40 346.0 413.0 361.0 429.0
face 0.40 461.0 515.0 477.0 533.0
face 0.39 574.0 126.0 584.0 138.0
face 0.38 105.0 670.0 114.0 681.0
face 0.38 360.0 486.0 370.0 497.0
face 0.38 64.0 637.0 74.0 649.0
face 0.37 864.0 439.0 875.0 451.0
face 0.37 506.0 80.0 531.0 110.0
face 0.37 366.0 501.0 377.0 514.0
face 0.37 105.0 485.0 114.0 498.0
face 0.37 227.0 76.0 242.0 94.0
face 0.37 103.0 116.0 117.0 132.0
face 0.37 717.0 422.0 730.0 439.0
face 0.37 392.0 452.0 406.0 468.0
face 0.37 151.0 279.0 162.0 292.0
face 0.36 633.0 389.0 642.0 401.0
face 0.36 633.0 382.0 643.0 394.0
face 0.36 183.0 285.0 193.0 297.0
face 0.36 445.0 405.0 480.0 451.0
face 0.36 350.0 485.0 362.0 497.0
face 0.36 385.0 670.0 396.0 682.0
face 0.36 839.0 415.0 848.0 425.0
face 0.36 575.0 413.0 585.0 427.0
face 0.36 200.0 501.0 211.0 514.0
face 0.36 36.0 634.0 51.0 651.0
face 0.36 346.0 261.0 362.0 278.0
face 0.36 672.0 134.0 684.0 149.0
face 0.36 207.0 182.0 218.0 196.0
face 0.36 551.0 134.0 561.0 146.0
face 0.36 621.0 549.0 634.0 562.0
face 0.36 832.0 165.0 840.0 176.0
face 0.36 550.0 566.0 561.0 578.0
face 0.36 568.0 118.0 578.0 130.0
face 0.36 558.0 564.0 570.0 580.0
face 0.36 550.0 397.0 559.0 408.0
face 0.36 974.0 552.0 984.0 562.0
face 0.36 374.0 501.0 384.0 512.0
face 0.36 462.0 134.0 472.0 145.0
face 0.36 455.0 679.0 464.0 689.0
face 0.36 574.0 551.0 583.0 563.0
face 0.36 831.0 551.0 841.0 562.0
face 0.36 855.0 447.0 865.0 458.0
face 0.36 59.0 266.0 72.0 284.0
face 0.36 47.0 630.0 57.0 642.0
face 0.36 153.0 501.0 163.0 514.0
face 0.36 183.0 671.0 194.0 683.0
face 0.35 401.0 533.0 410.0 545.0
face 0.35 170.0 80.0 185.0 98.0
face 0.35 55.0 277.0 66.0 290.0
face 0.35 623.0 382.0 632.0 393.0
face 0.35 568.0 134.0 578.0 147.0
face 0.35 64.0 614.0 74.0 627.0
face 0.35 214.0 415.0 224.0 426.0
face 0.35 180.0 653.0 192.0 667.0
face 0.35 867.0 352.0 882.0 370.0
face 0.35 636.0 375.0 646.0 386.0
face 0.35 193.0 262.0 204.0 274.0
face 0.35 37.0 654.0 48.0 666.0
face 0.35 366.0 494.0 376.0 507.0
face 0.35 968.0 551.0 977.0 562.0
face 0.35 200.0 487.0 210.0 497.0
face 0.35 177.0 463.0 186.0 474.0
face 0.35 166.0 279.0 176.0 291.0
face 0.35 645.0 134.0 657.0 147.0
face 0.35 372.0 430.0 386.0 447.0
face 0.35 632.0 398.0 642.0 409.0
face 0.35 44.0 637.0 56.0 650.0
face 0.35 392.0 621.0 401.0 632.0
face 0.35 863.0 358.0 874.0 371.0
face 0.35 205.0 671.0 216.0 684.0
face 0.35 703.0 555.0 713.0 567.0
face 0.35 839.0 422.0 848.0 433.0
face 0.35 383.0 495.0 393.0 507.0
face 0.35 62.0 277.0 72.0 290.0
face 0.35 166.0 285.0 176.0 296.0
face 0.35 557.0 133.0 571.0 147.0
face 0.35 566.0 358.0 576.0 372.0
face 0.35 367.0 151.0 377.0 163.0
face 0.35 191.0 77.0 202.0 89.0
face 0.35 105.0 148.0 114.0 160.0
face 0.35 703.0 364.0 713.0 376.0
face 0.35 39.0 647.0 50.0 659.0
face 0.35 697.0 437.0 707.0 449.0
face 0.35 565.0 140.0 577.0 155.0
face 0.35 189.0 526.0 200.0 538.0
face 0.35 159.0 485.0 169.0 496.0
face 0.35 366.0 246.0 378.0 259.0
face 0.35 847.0 439.0 856.0 450.0
face 0.35 805.0 358.0 817.0 372.0
face 0.35 566.0 372.0 576.0 386.0
