face 1.00 247.0 674.0 349.0 792.0
face 1.00 811.0 943.0 889.0 1051.0
face 1.00 922.0 857.0 995.0 955.0
face 1.00 466.0 959.0 536.0 1038.0
face 0.87 702.0 1049.0 766.0 1131.0
face 0.87 581.0 859.0 621.0 910.0
face 0.80 627.0 33.0 642.0 54.0
face 0.70 330.0 395.0 361.0 433.0
face 0.56 684.0 923.0 712.0 961.0
face 0.54 713.0 95.0 752.0 147.0
face 0.53 232.0 278.0 243.0 293.0
face 0.50 807.0 13.0 818.0 26.0
face 0.50 136.0 195.0 150.0 212.0
face 0.49 915.0 398.0 970.0 465.0
face 0.48 519.0 386.0 534.0 405.0
face 0.48 198.0 188.0 210.0 202.0
face 0.48 221.0 299.0 236.0 320.0
face 0.47 462.0 303.0 472.0 316.0
face 0.46 70.0 350.0 86.0 370.0
face 0.46 211.0 469.0 226.0 488.0
face 0.44 202.0 423.0 225.0 451.0
face 0.43 189.0 333.0 201.0 347.0
face 0.42 417.0 106.0 432.0 123.0
face 0.42 501.0 13.0 512.0 26.0
face 0.42 59.0 169.0 88.0 203.0
face 0.41 100.0 450.0 116.0 473.0
face 0.41 528.0 422.0 543.0 441.0
face 0.41 417.0 1158.0 458.0 1200.0
face 0.40 223.0 82.0 236.0 98.0
face 0.40 364.0 23.0 379.0 42.0
face 0.40 856.0 163.0 870.0 179.0
face 0.39 562.0 109.0 576.0 127.0
face 0.39 82.0 172.0 99.0 194.0
face 0.39 83.0 396.0 99.0 415.0
face 0.39 206.0 262.0 217.0 275.0
face 0.38 477.0 359.0 493.0 379.0
face 0.38 38.0 557.0 52.0 576.0
face 0.38 372.0 291.0 408.0 334.0
face 0.38 12.0 433.0 27.0 453.0
face 0.38 211.0 61.0 226.0 79.0
face 0.37 212.0 503.0 223.0 517.0
face 0.37 365.0 555.0 381.0 573.0
face 0.37 322.0 512.0 339.0 533.0
face 0.37 402.0 345.0 416.0 363.0
face 0.37 134.0 174.0 145.0 188.0
face 0.37 224.0 204.0 239.0 222.0
face 0.37 592.0 466.0 607.0 485.0
face 0.37 563.0 482.0 579.0 502.0
face 0.37 654.0 556.0 669.0 576.0
face 0.37 191.0 78.0 202.0 90.0
face 0.37 179.0 371.0 195.0 391.0
face 0.37 228.0 452.0 240.0 466.0
face 0.36 250.0 356.0 265.0 375.0
face 0.36 193.0 245.0 206.0 263.0
face 0.36 986.0 1068.0 1025.0 1123.0
face 0.36 234.0 435.0 248.0 452.0
face 0.36 279.0 491.0 290.0 505.0
face 0.36 51.0 497.0 67.0 517.0
face 0.36 259.0 393.0 281.0 420.0
face 0.36 365.0 534.0 376.0 546.0
face 0.36 45.0 230.0 57.0 243.0
face 0.36 212.0 44.0 225.0 61.0
face 0.36 134.0 274.0 149.0 292.0
face 0.36 21.0 391.0 34.0 407.0
face 0.36 237.0 238.0 250.0 255.0
face 0.36 882.0 611.0 897.0 632.0
face 0.36 198.0 60.0 213.0 78.0
face 0.36 409.0 283.0 424.0 303.0
face 0.36 349.0 520.0 360.0 533.0
face 0.36 420.0 412.0 435.0 433.0
face 0.35 29.0 516.0 41.0 533.0
face 0.35 479.0 231.0 499.0 256.0
face 0.35 215.0 119.0 228.0 134.0
face 0.35 204.0 371.0 218.0 389.0
face 0.35 215.0 277.0 226.0 290.0
face 0.35 449.0 66.0 461.0 82.0
face 0.35 173.0 107.0 185.0 123.0
face 0.35 300.0 347.0 315.0 367.0
face 0.35 198.0 37.0 210.0 51.0
face 0.35 792.0 16.0 803.0 30.0
face 0.35 908.0 893.0 923.0 912.0
face 0.35 357.0 405.0 371.0 422.0
face 0.35 621.0 235.0 637.0 255.0
face 0.35 93.0 412.0 109.0 430.0
face 0.35 550.0 173.0 565.0 191.0
face 0.35 192.0 301.0 203.0 315.0
face 0.35 139.0 377.0 157.0 399.0
face 0.35 221.0 527.0 234.0 542.0
face 0.35 22.0 573.0 34.0 587.0
face 0.35 475.0 44.0 490.0 62.0
face 0.35 208.0 212.0 220.0 226.0
