face 0.81 637.0 232.0 647.0 245.0
face 0.79 590.0 223.0 602.0 238.0
face 0.78 763.0 42.0 775.0 57.0
face 0.75 629.0 214.0 639.0 226.0
face 0.73 998.0 161.0 1012.0 178.0
face 0.73 658.0 136.0 668.0 148.0
face 0.72 993.0 536.0 1006.0 555.0
face 0.72 982.0 268.0 995.0 284.0
face 0.70 967.0 77.0 977.0 90.0
face 0.67 340.0 187.0 360.0 214.0
face 0.61 319.0 181.0 329.0 194.0
face 0.57 470.0 205.0 481.0 218.0
face 0.56 254.0 175.0 264.0 187.0
face 0.56 872.0 522.0 886.0 539.0
face 0.56 65.0 141.0 75.0 153.0
face 0.55 574.0 189.0 584.0 202.0
face 0.54 590.0 15.0 600.0 28.0
face 0.54 673.0 221.0 684.0 234.0
face 0.53 773.0 213.0 785.0 228.0
face 0.52 614.0 215.0 623.0 227.0
face 0.52 113.0 162.0 128.0 180.0
face 0.52 145.0 158.0 155.0 170.0
face 0.51 593.0 111.0 601.0 122.0
face 0.51 215.0 166.0 225.0 179.0
face 0.51 809.0 742.0 829.0 765.0
face 0.50 494.0 111.0 505.0 124.0
face 0.50 574.0 149.0 584.0 161.0
face 0.50 720.0 96.0 730.0 110.0
face 0.50 247.0 156.0 257.0 167.0
face 0.49 298.0 189.0 310.0 202.0
face 0.49 771.0 142.0 786.0 159.0
face 0.49 449.0 211.0 460.0 224.0
face 0.49 360.0 167.0 369.0 178.0
face 0.49 1.0 126.0 10.0 140.0
face 0.48 966.0 140.0 979.0 156.0
face 0.47 322.0 26.0 335.0 42.0
face 0.47 411.0 171.0 422.0 187.0
face 0.47 390.0 20.0 400.0 33.0
face 0.47 601.0 60.0 610.0 72.0
face 0.47 224.0 146.0 237.0 161.0
face 0.47 845.0 151.0 854.0 162.0
face 0.46 634.0 131.0 645.0 145.0
face 0.46 177.0 60.0 190.0 75.0
face 0.46 962.0 167.0 973.0 182.0
face 0.45 672.0 159.0 682.0 171.0
face 0.45 625.0 56.0 634.0 66.0
face 0.45 680.0 135.0 690.0 148.0
face 0.45 592.0 128.0 602.0 141.0
face 0.45 237.0 183.0 247.0 196.0
face 0.44 990.0 667.0 1026.0 727.0
face 0.44 861.0 198.0 872.0 211.0
face 0.44 475.0 185.0 489.0 205.0
face 0.44 230.0 82.0 242.0 98.0
face 0.44 807.0 148.0 816.0 160.0
face 0.44 281.0 135.0 291.0 147.0
face 0.44 920.0 500.0 933.0 516.0
face 0.43 278.0 191.0 288.0 202.0
face 0.43 464.0 157.0 474.0 168.0
face 0.43 492.0 2.0 513.0 25.0
face 0.43 987.0 483.0 1002.0 502.0
face 0.43 615.0 23.0 625.0 35.0
face 0.43 29.0 117.0 40.0 130.0
face 0.43 822.0 151.0 831.0 163.0
face 0.43 558.0 103.0 568.0 116.0
face 0.42 826.0 100.0 838.0 117.0
face 0.42 295.0 601.0 319.0 632.0
face 0.42 623.0 151.0 633.0 163.0
face 0.42 910.0 217.0 924.0 235.0
face 0.42 255.0 77.0 266.0 90.0
face 0.42 854.0 110.0 864.0 122.0
face 0.42 925.0 70.0 934.0 82.0
face 0.41 364.0 228.0 381.0 247.0
face 0.41 918.0 191.0 928.0 203.0
face 0.41 1015.0 260.0 1024.0 273.0
face 0.41 80.0 573.0 91.0 589.0
face 0.41 199.0 101.0 214.0 119.0
face 0.41 513.0 158.0 523.0 170.0
face 0.41 837.0 5.0 848.0 18.0
face 0.41 55.0 158.0 65.0 170.0
face 0.41 334.0 96.0 345.0 108.0
face 0.41 839.0 168.0 850.0 182.0
face 0.41 685.0 236.0 695.0 248.0
face 0.41 645.0 56.0 655.0 67.0
face 0.41 406.0 45.0 416.0 58.0
face 0.40 223.0 109.0 235.0 122.0
face 0.40 1006.0 517.0 1016.0 530.0
face 0.40 592.0 150.0 601.0 161.0
face 0.40 77.0 58.0 92.0 77.0
face 0.40 320.0 148.0 332.0 163.0
face 0.40 566.0 165.0 576.0 178.0
face 0.40 541.0 203.0 553.0 216.0
face 0.40 979.0 1.0 993.0 17.0
face 0.40 502.0 127.0 512.0 138.0
face 0.39 518.0 100.0 529.0 112.0
face 0.39 804.0 683.0 819.0 702.0
face 0.39 433.0 189.0 446.0 204.0
face 0.39 270.0 174.0 280.0 186.0
face 0.39 624.0 174.0 633.0 186.0
face 0.39 445.0 141.0 455.0 153.0
face 0.39 261.0 143.0 270.0 154.0
face 0.39 313.0 103.0 323.0 116.0
face 0.39 943.0 134.0 953.0 145.0
face 0.39 124.0 65.0 138.0 83.0
face 0.38 968.0 182.0 978.0 195.0
face 0.38 806.0 188.0 817.0 202.0
face 0.38 503.0 217.0 513.0 228.0
face 0.38 408.0 29.0 417.0 40.0
face 0.38 391.0 41.0 401.0 53.0
face 0.38 535.0 263.0 546.0 275.0
face 0.38 609.0 232.0 619.0 244.0
face 0.38 748.0 221.0 761.0 237.0
face 0.38 696.0 20.0 708.0 35.0
face 0.38 864.0 182.0 874.0 194.0
face 0.38 394.0 176.0 411.0 197.0
face 0.38 966.0 104.0 979.0 122.0
face 0.38 296.0 142.0 305.0 153.0
face 0.38 376.0 23.0 386.0 36.0
face 0.38 646.0 176.0 656.0 187.0
face 0.37 998.0 37.0 1008.0 49.0
face 0.37 289.0 174.0 298.0 186.0
face 0.37 5.0 100.0 19.0 119.0
face 0.37 610.0 152.0 619.0 164.0
face 0.37 486.0 127.0 495.0 138.0
face 0.37 206.0 39.0 217.0 51.0
face 0.37 679.0 35.0 691.0 49.0
face 0.37 862.0 572.0 877.0 591.0
face 0.37 583.0 80.0 595.0 94.0
face 0.37 359.0 118.0 369.0 129.0
face 0.37 430.0 165.0 441.0 177.0
face 0.37 909.0 158.0 920.0 169.0
face 0.37 424.0 46.0 433.0 57.0
face 0.37 872.0 679.0 904.0 717.0
face 0.37 455.0 112.0 468.0 129.0
face 0.37 703.0 41.0 712.0 52.0
face 0.37 590.0 79.0 601.0 91.0
face 0.37 538.0 151.0 548.0 162.0
face 0.37 375.0 53.0 385.0 65.0
face 0.37 576.0 86.0 587.0 100.0
face 0.37 233.0 168.0 243.0 180.0
face 0.37 877.0 116.0 888.0 128.0
face 0.37 558.0 237.0 568.0 249.0
face 0.37 814.0 174.0 825.0 188.0
face 0.37 860.0 157.0 871.0 170.0
face 0.37 237.0 174.0 247.0 186.0
face 0.37 271.0 159.0 280.0 169.0
face 0.37 439.0 183.0 449.0 195.0
face 0.37 350.0 126.0 360.0 138.0
face 0.37 351.0 181.0 362.0 194.0
face 0.37 431.0 184.0 442.0 196.0
face 0.36 408.0 157.0 418.0 170.0
face 0.36 422.0 132.0 433.0 145.0
face 0.36 673.0 153.0 682.0 164.0
face 0.36 648.0 158.0 658.0 169.0
face 0.36 680.0 62.0 691.0 77.0
face 0.36 360.0 143.0 369.0 154.0
face 0.36 614.0 156.0 624.0 168.0
face 0.36 537.0 158.0 546.0 170.0
face 0.36 593.0 93.0 603.0 106.0
face 0.36 415.0 133.0 424.0 145.0
face 0.36 538.0 275.0 553.0 292.0
face 0.36 895.0 174.0 905.0 187.0
face 0.36 24.0 111.0 33.0 123.0
face 0.36 301.0 36.0 312.0 50.0
face 0.36 872.0 111.0 883.0 124.0
face 0.36 646.0 239.0 656.0 250.0
face 0.36 549.0 165.0 558.0 177.0
face 0.36 246.0 143.0 256.0 154.0
face 0.36 248.0 183.0 258.0 195.0
face 0.36 487.0 267.0 498.0 280.0
face 0.36 590.0 208.0 600.0 218.0
face 0.36 501.0 167.0 511.0 179.0
face 0.36 609.0 39.0 618.0 51.0
face 0.36 958.0 94.0 968.0 106.0
face 0.36 590.0 215.0 600.0 228.0
face 0.36 232.0 133.0 241.0 144.0
face 0.36 478.0 120.0 488.0 133.0
face 0.36 320.0 125.0 329.0 136.0
face 0.36 901.0 118.0 912.0 130.0
face 0.36 559.0 262.0 569.0 274.0
face 0.36 968.0 189.0 979.0 202.0
face 0.36 240.0 133.0 250.0 145.0
face 0.36 591.0 54.0 600.0 64.0
face 0.36 318.0 188.0 328.0 201.0
face 0.36 592.0 117.0 602.0 129.0
face 0.36 440.0 175.0 449.0 186.0
face 0.36 481.0 157.0 490.0 169.0
face 0.36 29.0 93.0 41.0 107.0
face 0.36 455.0 198.0 465.0 209.0
face 0.36 38.0 149.0 48.0 161.0
face 0.36 214.0 159.0 224.0 172.0
face 0.36 998.0 394.0 1014.0 412.0
face 0.36 402.0 94.0 411.0 105.0
face 0.36 917.0 135.0 927.0 147.0
face 0.36 425.0 159.0 434.0 170.0
face 0.36 863.0 127.0 872.0 139.0
face 0.36 199.0 164.0 209.0 177.0
face 0.36 657.0 63.0 666.0 74.0
face 0.36 974.0 221.0 985.0 234.0
face 0.36 905.0 150.0 915.0 162.0
face 0.36 392.0 63.0 401.0 75.0
face 0.36 311.0 144.0 321.0 155.0
face 0.36 48.0 135.0 58.0 147.0
face 0.36 855.0 164.0 866.0 177.0
face 0.36 609.0 133.0 619.0 144.0
face 0.36 295.0 136.0 305.0 147.0
face 0.36 295.0 183.0 305.0 196.0
face 0.36 607.0 112.0 616.0 124.0
face 0.36 488.0 134.0 497.0 145.0
face 0.36 681.0 22.0 691.0 35.0
face 0.36 255.0 169.0 265.0 180.0
face 0.36 656.0 71.0 666.0 83.0
face 0.36 780.0 179.0 794.0 197.0
face 0.36 591.0 141.0 601.0 154.0
face 0.36 783.0 23.0 792.0 34.0
face 0.36 839.0 157.0 850.0 170.0
face 0.36 159.0 56.0 169.0 68.0
face 0.36 894.0 143.0 903.0 154.0
face 0.36 104.0 107.0 114.0 120.0
face 0.36 304.0 132.0 313.0 144.0
face 0.36 264.0 165.0 274.0 177.0
face 0.36 522.0 224.0 532.0 236.0
face 0.36 911.0 141.0 921.0 152.0
face 0.36 541.0 262.0 551.0 274.0
face 0.36 473.0 47.0 482.0 58.0
face 0.36 407.0 52.0 417.0 65.0
face 0.36 453.0 174.0 463.0 185.0
face 0.36 430.0 134.0 439.0 144.0
face 0.36 400.0 167.0 410.0 178.0
face 0.36 846.0 155.0 856.0 168.0
face 0.36 608.0 22.0 619.0 35.0
face 0.36 575.0 112.0 584.0 124.0
face 0.36 952.0 95.0 962.0 106.0
face 0.36 630.0 253.0 641.0 267.0
face 0.36 318.0 165.0 327.0 176.0
face 0.36 384.0 14.0 396.0 29.0
face 0.36 414.0 63.0 424.0 74.0
face 0.36 176.0 55.0 186.0 67.0
face 0.36 393.0 70.0 402.0 82.0
face 0.36 520.0 75.0 533.0 90.0
face 0.36 612.0 251.0 623.0 263.0
face 0.36 31.0 101.0 41.0 113.0
face 0.36 165.0 61.0 175.0 73.0
face 0.36 623.0 143.0 633.0 156.0
face 0.36 983.0 168.0 992.0 179.0
face 0.36 336.0 142.0 346.0 155.0
face 0.36 407.0 39.0 416.0 51.0
face 0.36 304.0 69.0 313.0 81.0
face 0.36 448.0 174.0 458.0 185.0
face 0.36 944.0 198.0 954.0 211.0
face 0.36 541.0 158.0 552.0 171.0
face 0.36 157.0 141.0 167.0 153.0
face 0.36 216.0 92.0 229.0 108.0
face 0.36 494.0 190.0 504.0 201.0
face 0.36 844.0 196.0 857.0 212.0
face 0.36 191.0 175.0 200.0 186.0
face 0.36 603.0 189.0 614.0 202.0
face 0.36 175.0 135.0 185.0 146.0
face 0.36 415.0 197.0 426.0 209.0
face 0.36 656.0 222.0 665.0 234.0
face 0.36 472.0 125.0 482.0 137.0
face 0.36 306.0 127.0 315.0 138.0
face 0.36 305.0 174.0 314.0 186.0
face 0.36 677.0 148.0 689.0 164.0
face 0.36 762.0 609.0 777.0 627.0
face 0.36 270.0 70.0 282.0 85.0
face 0.36 232.0 70.0 242.0 82.0
face 0.36 551.0 255.0 563.0 268.0
face 0.36 862.0 191.0 873.0 204.0
face 0.36 638.0 72.0 648.0 84.0
face 0.36 758.0 23.0 768.0 36.0
face 0.36 280.0 160.0 288.0 169.0
face 0.36 2.0 161.0 17.0 182.0
face 0.36 382.0 44.0 393.0 58.0
face 0.36 672.0 37.0 682.0 49.0
face 0.36 431.0 151.0 440.0 162.0
face 0.36 447.0 41.0 456.0 51.0
face 0.36 525.0 212.0 536.0 227.0
face 0.36 582.0 264.0 592.0 276.0
face 0.36 782.0 29.0 791.0 40.0
face 0.36 127.0 56.0 137.0 67.0
face 0.36 215.0 150.0 225.0 162.0
face 0.36 311.0 149.0 323.0 163.0
face 0.36 1006.0 277.0 1019.0 293.0
face 0.36 288.0 159.0 296.0 169.0
face 0.36 742.0 234.0 755.0 250.0
face 0.36 955.0 557.0 971.0 576.0
face 0.36 151.0 174.0 161.0 186.0
face 0.36 287.0 167.0 297.0 179.0
face 0.36 848.0 112.0 859.0 124.0
face 0.36 1007.0 147.0 1021.0 165.0
face 0.36 471.0 59.0 483.0 74.0
face 0.36 401.0 31.0 410.0 41.0
face 0.36 695.0 110.0 705.0 123.0
face 0.36 895.0 164.0 907.0 180.0
face 0.36 887.0 127.0 897.0 140.0
face 0.36 526.0 207.0 535.0 218.0
face 0.36 616.0 198.0 625.0 208.0
face 0.36 929.0 117.0 939.0 129.0
face 0.36 951.0 182.0 962.0 196.0
face 0.36 413.0 159.0 423.0 171.0
face 0.36 430.0 173.0 441.0 185.0
face 0.36 295.0 103.0 304.0 115.0
face 0.36 351.0 71.0 361.0 82.0
face 0.35 839.0 126.0 848.0 138.0
face 0.35 350.0 104.0 359.0 115.0
face 0.35 885.0 541.0 899.0 560.0
face 0.35 142.0 174.0 151.0 186.0
face 0.35 958.0 102.0 969.0 115.0
face 0.35 909.0 206.0 919.0 217.0
face 0.35 301.0 142.0 312.0 156.0
face 0.35 345.0 110.0 354.0 120.0
face 0.35 905.0 144.0 914.0 155.0
face 0.35 862.0 151.0 872.0 163.0
face 0.35 624.0 206.0 634.0 217.0
face 0.35 622.0 229.0 633.0 242.0
face 0.35 527.0 149.0 536.0 159.0
face 0.35 396.0 149.0 409.0 163.0
face 0.35 318.0 197.0 329.0 209.0
face 0.35 535.0 237.0 545.0 249.0
face 0.35 424.0 182.0 433.0 193.0
face 0.35 952.0 189.0 962.0 201.0
face 0.35 263.0 182.0 272.0 194.0
face 0.35 950.0 78.0 959.0 89.0
face 0.35 399.0 311.0 410.0 323.0
face 0.35 328.0 101.0 338.0 113.0
face 0.35 45.0 86.0 55.0 99.0
face 0.35 311.0 158.0 323.0 171.0
face 0.35 144.0 70.0 154.0 81.0
face 0.35 350.0 29.0 361.0 42.0
face 0.35 542.0 70.0 552.0 81.0
face 0.35 191.0 150.0 200.0 161.0
face 0.35 951.0 85.0 961.0 98.0
face 0.35 599.0 214.0 608.0 226.0
face 0.35 462.0 31.0 471.0 42.0
face 0.35 305.0 167.0 314.0 177.0
face 0.35 511.0 151.0 520.0 163.0
face 0.35 144.0 164.0 154.0 176.0
face 0.35 887.0 157.0 897.0 169.0
face 0.35 665.0 159.0 674.0 169.0
face 0.35 663.0 62.0 672.0 73.0
face 0.35 647.0 259.0 658.0 272.0
face 0.35 429.0 118.0 439.0 130.0
face 0.35 400.0 228.0 411.0 241.0
face 0.35 744.0 61.0 754.0 72.0
face 0.35 52.0 59.0 65.0 76.0
face 0.35 478.0 176.0 488.0 188.0
face 0.35 512.0 175.0 521.0 187.0
face 0.35 536.0 145.0 546.0 155.0
face 0.35 288.0 120.0 297.0 130.0
face 0.35 922.0 270.0 937.0 287.0
face 0.35 262.0 148.0 272.0 160.0
face 0.35 144.0 63.0 153.0 73.0
face 0.35 423.0 152.0 433.0 163.0
face 0.35 326.0 144.0 336.0 156.0
face 0.35 96.0 127.0 106.0 139.0
face 0.35 408.0 134.0 420.0 149.0
face 0.35 633.0 236.0 643.0 248.0
face 0.35 383.0 79.0 392.0 90.0
face 0.35 862.0 164.0 872.0 176.0
face 0.35 518.0 117.0 530.0 131.0
face 0.35 646.0 93.0 656.0 106.0
face 0.35 444.0 181.0 455.0 194.0
face 0.35 656.0 128.0 666.0 141.0
face 0.35 935.0 214.0 944.0 225.0
face 0.35 752.0 22.0 763.0 36.0
face 0.35 663.0 56.0 672.0 67.0
face 0.35 623.0 134.0 633.0 146.0
face 0.35 311.0 166.0 321.0 178.0
face 0.35 343.0 182.0 354.0 193.0
face 0.35 252.0 189.0 265.0 203.0
face 0.35 829.0 212.0 840.0 226.0
face 0.35 935.0 207.0 944.0 219.0
face 0.35 447.0 148.0 456.0 161.0
face 0.35 391.0 28.0 402.0 41.0
face 0.35 469.0 135.0 480.0 147.0
face 0.35 197.0 183.0 207.0 194.0
face 0.35 384.0 22.0 394.0 35.0
face 0.35 958.0 70.0 972.0 85.0
face 0.35 605.0 54.0 615.0 66.0
face 0.35 774.0 46.0 785.0 59.0
face 0.35 902.0 164.0 912.0 177.0
face 0.35 159.0 174.0 168.0 185.0
face 0.35 54.0 151.0 64.0 164.0
face 0.35 773.0 174.0 785.0 188.0
face 0.35 192.0 143.0 201.0 154.0
face 0.35 727.0 63.0 737.0 74.0
face 0.35 804.0 12.0 818.0 28.0
face 0.35 879.0 174.0 889.0 186.0
face 0.35 93.0 157.0 102.0 168.0
face 0.35 160.0 77.0 170.0 88.0
face 0.35 425.0 165.0 435.0 177.0
face 0.35 591.0 48.0 600.0 59.0
face 0.35 736.0 100.0 746.0 112.0
face 0.35 423.0 174.0 433.0 186.0
face 0.35 661.0 68.0 672.0 82.0
face 0.35 608.0 207.0 617.0 218.0
face 0.35 382.0 189.0 391.0 200.0
face 0.35 951.0 101.0 962.0 113.0
face 0.35 464.0 221.0 474.0 232.0
face 0.35 812.0 571.0 827.0 587.0
face 0.35 678.0 118.0 688.0 130.0
face 0.35 598.0 80.0 608.0 91.0
face 0.35 974.0 95.0 984.0 107.0
face 0.35 895.0 158.0 904.0 170.0
face 0.35 992.0 108.0 1003.0 121.0
face 0.35 400.0 38.0 409.0 50.0
face 0.35 287.0 141.0 297.0 152.0
face 0.35 64.0 85.0 76.0 99.0
face 0.35 681.0 200.0 691.0 211.0
face 0.35 465.0 142.0 475.0 153.0
face 0.35 423.0 21.0 433.0 33.0
face 0.35 93.0 562.0 107.0 580.0
face 0.35 542.0 110.0 552.0 122.0
face 0.35 160.0 94.0 170.0 107.0
face 0.35 615.0 94.0 625.0 106.0
face 0.35 608.0 254.0 619.0 266.0
face 0.35 839.0 109.0 848.0 121.0
face 0.35 153.0 135.0 162.0 146.0
face 0.35 735.0 13.0 745.0 25.0
face 0.35 784.0 312.0 795.0 325.0
face 0.35 973.0 183.0 983.0 194.0
face 0.35 31.0 142.0 43.0 156.0
face 0.35 398.0 64.0 408.0 75.0
face 0.35 456.0 182.0 465.0 193.0
face 0.35 671.0 124.0 681.0 136.0
face 0.35 971.0 24.0 987.0 44.0
face 0.35 495.0 198.0 504.0 210.0
face 0.35 463.0 198.0 473.0 210.0
face 0.35 424.0 76.0 435.0 90.0
face 0.35 335.0 70.0 344.0 81.0
face 0.35 279.0 184.0 289.0 196.0
face 0.35 376.0 79.0 386.0 90.0
face 0.35 678.0 102.0 689.0 114.0
face 0.35 409.0 63.0 418.0 74.0
face 0.35 951.0 18.0 963.0 34.0
face 0.35 110.0 158.0 122.0 172.0
face 0.35 16.0 117.0 28.0 132.0
face 0.35 894.0 101.0 905.0 113.0
face 0.35 943.0 110.0 953.0 122.0
face 0.35 456.0 23.0 465.0 33.0
face 0.35 584.0 214.0 594.0 225.0
face 0.35 846.0 166.0 857.0 179.0
face 0.35 327.0 71.0 337.0 83.0
face 0.35 519.0 165.0 528.0 176.0
face 0.35 800.0 13.0 810.0 27.0
face 0.35 598.0 111.0 608.0 122.0
face 0.35 310.0 173.0 321.0 185.0
face 0.35 630.0 150.0 639.0 161.0
face 0.35 895.0 182.0 905.0 192.0
face 0.35 175.0 142.0 185.0 154.0
face 0.35 743.0 93.0 754.0 106.0
face 0.35 456.0 38.0 465.0 50.0
face 0.35 375.0 166.0 384.0 177.0
face 0.35 225.0 24.0 236.0 37.0
face 0.35 679.0 87.0 689.0 98.0
face 0.35 40.0 78.0 50.0 90.0
face 0.35 943.0 52.0 953.0 65.0
face 0.35 863.0 143.0 872.0 154.0
face 0.35 277.0 70.0 287.0 83.0
face 0.35 609.0 223.0 618.0 234.0
face 0.35 504.0 149.0 513.0 160.0
face 0.35 615.0 207.0 624.0 219.0
face 0.35 583.0 46.0 592.0 57.0
