face 1.00 850.0 14.0 933.0 132.0
face 1.00 54.0 32.0 119.0 119.0
face 1.00 770.0 13.0 853.0 127.0
face 1.00 229.0 314.0 258.0 349.0
face 0.99 956.0 433.0 977.0 461.0
face 0.84 202.0 338.0 229.0 371.0
face 0.77 390.0 97.0 404.0 115.0
face 0.67 938.0 464.0 960.0 492.0
face 0.63 439.0 567.0 470.0 608.0
face 0.54 490.0 375.0 540.0 445.0
face 0.52 816.0 537.0 826.0 549.0
face 0.45 496.0 487.0 520.0 512.0
face 0.44 445.0 594.0 464.0 615.0
face 0.42 975.0 543.0 984.0 555.0
face 0.41 647.0 247.0 701.0 314.0
face 0.39 372.0 392.0 387.0 408.0
face 0.39 952.0 326.0 965.0 341.0
face 0.38 757.0 514.0 782.0 549.0
face 0.38 271.0 254.0 281.0 268.0
face 0.38 767.0 651.0 780.0 669.0
face 0.38 407.0 392.0 417.0 403.0
face 0.38 701.0 268.0 752.0 327.0
face 0.37 84.0 68.0 100.0 88.0
face 0.37 961.0 537.0 970.0 548.0
face 0.36 407.0 33.0 417.0 45.0
face 0.36 861.0 230.0 874.0 246.0
face 0.36 383.0 21.0 393.0 34.0
face 0.36 944.0 326.0 954.0 337.0
face 0.36 941.0 559.0 950.0 570.0
face 0.36 242.0 372.0 259.0 391.0
face 0.36 935.0 334.0 945.0 345.0
face 0.36 512.0 61.0 521.0 72.0
face 0.36 56.0 26.0 85.0 72.0
face 0.36 887.0 328.0 897.0 339.0
face 0.36 399.0 37.0 409.0 48.0
face 0.36 861.0 559.0 871.0 571.0
face 0.36 847.0 46.0 872.0 78.0
face 0.36 975.0 328.0 986.0 340.0
face 0.36 935.0 572.0 946.0 585.0
face 0.35 382.0 397.0 392.0 408.0
face 0.35 916.0 325.0 930.0 340.0
face 0.35 367.0 391.0 378.0 404.0
face 0.35 362.0 279.0 372.0 291.0
face 0.35 913.0 365.0 924.0 377.0
face 0.35 926.0 325.0 938.0 338.0
face 0.35 382.0 266.0 394.0 281.0
face 0.35 935.0 367.0 945.0 378.0
face 0.35 93.0 70.0 105.0 84.0
face 0.35 519.0 61.0 530.0 73.0
face 0.35 949.0 360.0 959.0 371.0
face 0.35 950.0 312.0 959.0 322.0
face 0.35 961.0 560.0 971.0 570.0
