face 1.00 595.0 183.0 645.0 251.0
face 1.00 493.0 112.0 530.0 158.0
face 1.00 531.0 165.0 568.0 215.0
face 1.00 638.0 33.0 668.0 73.0
face 1.00 886.0 63.0 914.0 102.0
face 1.00 318.0 57.0 348.0 93.0
face 0.96 12.0 63.0 30.0 85.0
face 0.82 90.0 18.0 108.0 41.0
face 0.66 418.0 80.0 440.0 104.0
face 0.46 756.0 9.0 781.0 40.0
face 0.45 622.0 111.0 632.0 124.0
face 0.43 825.0 19.0 845.0 45.0
face 0.42 510.0 532.0 522.0 547.0
face 0.42 848.0 2.0 877.0 35.0
face 0.41 974.0 264.0 990.0 284.0
face 0.39 868.0 150.0 883.0 168.0
face 0.36 931.0 234.0 956.0 267.0
face 0.36 659.0 577.0 677.0 597.0
face 0.35 818.0 66.0 834.0 86.0
face 0.35 959.0 253.0 973.0 270.0
face 0.35 967.0 219.0 994.0 249.0
face 0.35 125.0 124.0 137.0 138.0
