face 1.00 544.0 289.0 574.0 328.0
face 1.00 597.0 264.0 629.0 308.0
face 1.00 619.0 306.0 654.0 345.0
face 1.00 483.0 321.0 512.0 358.0
face 1.00 458.0 277.0 486.0 312.0
face 1.00 280.0 310.0 312.0 348.0
face 1.00 698.0 340.0 729.0 379.0
face 1.00 370.0 413.0 398.0 446.0
face 1.00 447.0 417.0 478.0 457.0
face 1.00 310.0 449.0 339.0 491.0
face 1.00 210.0 316.0 238.0 348.0
face 1.00 569.0 447.0 600.0 486.0
face 0.99 753.0 312.0 786.0 354.0
face 0.99 509.0 474.0 542.0 513.0
face 0.98 815.0 302.0 846.0 342.0
face 0.97 420.0 316.0 450.0 354.0
face 0.96 276.0 275.0 302.0 310.0
face 0.95 357.0 332.0 385.0 369.0
face 0.82 460.0 563.0 508.0 616.0
face 0.70 369.0 520.0 429.0 582.0
face 0.66 215.0 393.0 234.0 416.0
face 0.61 82.0 324.0 94.0 338.0
face 0.50 756.0 383.0 767.0 396.0
face 0.48 240.0 323.0 257.0 342.0
face 0.37 773.0 392.0 786.0 408.0
face 0.37 776.0 381.0 786.0 394.0
face 0.36 775.0 375.0 785.0 387.0
face 0.36 781.0 372.0 795.0 390.0
face 0.36 776.0 365.0 786.0 376.0
face 0.35 786.0 388.0 802.0 407.0
face 0.35 144.0 326.0 158.0 343.0
face 0.35 781.0 382.0 792.0 394.0
