face 1.00 504.0 198.0 622.0 357.0
face 1.00 247.0 246.0 345.0 415.0
face 1.00 667.0 48.0 787.0 204.0
face 0.97 751.0 616.0 823.0 688.0
face 0.50 563.0 971.0 580.0 991.0
face 0.43 549.0 640.0 573.0 674.0
face 0.38 757.0 632.0 790.0 667.0
face 0.37 226.0 11.0 308.0 144.0
face 0.37 974.0 10.0 1023.0 76.0
face 0.36 317.0 1141.0 328.0 1154.0
face 0.36 481.0 971.0 545.0 1034.0
face 0.36 401.0 1021.0 414.0 1037.0
face 0.35 342.0 1142.0 354.0 1156.0
face 0.35 575.0 981.0 586.0 994.0
face 0.35 804.0 625.0 829.0 652.0
