face 0.97 369.0 316.0 642.0 630.0
face 0.87 665.0 947.0 907.0 1226.0
face 0.79 478.0 1048.0 569.0 1155.0
face 0.75 -7.0 657.0 198.0 960.0
face 0.64 99.0 170.0 199.0 272.0
face 0.61 527.0 246.0 770.0 524.0
face 0.59 617.0 1085.0 871.0 1345.0
face 0.50 500.0 405.0 735.0 676.0
face 0.49 158.0 70.0 281.0 189.0
face 0.49 815.0 133.0 826.0 146.0
face 0.47 172.0 133.0 184.0 146.0
face 0.38 172.0 774.0 183.0 787.0
face 0.36 975.0 1178.0 988.0 1195.0
face 0.36 976.0 1116.0 987.0 1130.0
face 0.35 814.0 776.0 825.0 788.0
face 0.35 948.0 261.0 965.0 280.0
