face 1.00 777.0 63.0 948.0 298.0
face 1.00 397.0 69.0 479.0 185.0
face 1.00 134.0 63.0 199.0 158.0
face 0.88 231.0 1.0 292.0 71.0
face 0.78 190.0 90.0 203.0 109.0
face 0.72 -3.0 527.0 60.0 656.0
face 0.59 505.0 634.0 529.0 667.0
face 0.53 956.0 182.0 987.0 213.0
face 0.49 110.0 352.0 224.0 470.0
face 0.47 115.0 77.0 166.0 134.0
face 0.45 952.0 63.0 980.0 99.0
face 0.44 533.0 350.0 554.0 376.0
face 0.43 303.0 385.0 347.0 428.0
face 0.42 463.0 698.0 509.0 744.0
face 0.40 215.0 43.0 230.0 62.0
face 0.40 952.0 483.0 971.0 507.0
face 0.37 919.0 37.0 983.0 123.0
face 0.36 684.0 42.0 739.0 104.0
face 0.35 487.0 336.0 496.0 346.0
