face 0.69 412.0 327.0 446.0 370.0
face 0.47 700.0 91.0 717.0 112.0
face 0.46 405.0 327.0 417.0 342.0
face 0.43 554.0 159.0 582.0 207.0
face 0.42 577.0 417.0 587.0 427.0
face 0.41 652.0 132.0 668.0 151.0
face 0.39 545.0 432.0 554.0 444.0
face 0.39 685.0 164.0 699.0 182.0
face 0.38 429.0 788.0 452.0 823.0
face 0.38 715.0 124.0 728.0 139.0
face 0.37 420.0 331.0 436.0 352.0
face 0.37 599.0 433.0 607.0 443.0
face 0.37 563.0 153.0 583.0 181.0
face 0.37 668.0 104.0 687.0 126.0
face 0.36 640.0 379.0 751.0 483.0
face 0.36 415.0 331.0 426.0 345.0
face 0.36 703.0 181.0 712.0 192.0
face 0.35 703.0 156.0 716.0 172.0
face 0.35 608.0 420.0 617.0 430.0
face 0.35 592.0 433.0 603.0 445.0
