face 0.75 826.0 299.0 841.0 319.0
face 0.62 489.0 176.0 521.0 211.0
face 0.51 333.0 324.0 350.0 341.0
face 0.51 583.0 309.0 597.0 325.0
face 0.47 356.0 316.0 373.0 335.0
face 0.46 548.0 303.0 562.0 319.0
face 0.42 560.0 322.0 573.0 338.0
face 0.42 337.0 478.0 349.0 493.0
face 0.40 539.0 131.0 554.0 148.0
face 0.39 838.0 302.0 849.0 317.0
face 0.39 598.0 383.0 608.0 397.0
face 0.39 591.0 453.0 602.0 467.0
face 0.38 543.0 335.0 554.0 348.0
face 0.37 575.0 39.0 586.0 51.0
face 0.37 518.0 214.0 531.0 232.0
face 0.36 560.0 45.0 570.0 57.0
face 0.36 917.0 94.0 928.0 107.0
face 0.36 506.0 188.0 520.0 204.0
face 0.36 565.0 45.0 576.0 57.0
face 0.36 933.0 94.0 945.0 107.0
face 0.36 345.0 133.0 356.0 146.0
face 0.36 366.0 455.0 377.0 468.0
face 0.36 364.0 244.0 377.0 259.0
face 0.35 550.0 36.0 562.0 51.0
face 0.35 558.0 141.0 568.0 154.0
face 0.35 768.0 62.0 778.0 74.0
face 0.35 350.0 421.0 363.0 436.0
face 0.35 697.0 324.0 706.0 336.0
face 0.35 559.0 22.0 570.0 34.0
face 0.35 549.0 443.0 565.0 461.0
