face 1.00 0.0 1004.0 42.0 1056.0
face 1.00 882.0 1011.0 913.0 1050.0
face 1.00 529.0 404.0 591.0 481.0
face 1.00 180.0 985.0 217.0 1029.0
face 1.00 767.0 996.0 803.0 1041.0
face 1.00 348.0 967.0 378.0 1001.0
face 1.00 221.0 1012.0 257.0 1052.0
face 1.00 136.0 822.0 163.0 856.0
face 1.00 26.0 775.0 48.0 803.0
face 1.00 930.0 907.0 952.0 935.0
face 1.00 104.0 829.0 127.0 857.0
face 1.00 322.0 778.0 344.0 807.0
face 1.00 851.0 921.0 873.0 949.0
face 1.00 135.0 960.0 163.0 995.0
face 0.99 904.0 928.0 927.0 955.0
face 0.99 994.0 931.0 1018.0 964.0
face 0.99 245.0 931.0 269.0 960.0
face 0.99 171.0 941.0 195.0 970.0
face 0.99 437.0 702.0 456.0 726.0
face 0.98 827.0 720.0 848.0 746.0
face 0.98 281.0 993.0 322.0 1037.0
face 0.98 296.0 687.0 317.0 714.0
face 0.98 866.0 860.0 889.0 888.0
face 0.97 63.0 990.0 94.0 1027.0
face 0.97 239.0 735.0 259.0 760.0
face 0.97 54.0 961.0 78.0 990.0
face 0.94 261.0 776.0 284.0 803.0
face 0.94 913.0 866.0 934.0 891.0
face 0.94 865.0 979.0 886.0 1005.0
face 0.93 1.0 965.0 30.0 1007.0
face 0.92 305.0 804.0 327.0 832.0
face 0.89 179.0 561.0 201.0 588.0
face 0.88 781.0 716.0 799.0 737.0
face 0.88 191.0 660.0 213.0 688.0
face 0.87 947.0 683.0 968.0 709.0
face 0.87 939.0 984.0 963.0 1013.0
face 0.85 6.0 553.0 29.0 581.0
face 0.85 797.0 807.0 820.0 834.0
face 0.85 14.0 858.0 38.0 886.0
face 0.84 971.0 834.0 994.0 863.0
face 0.83 999.0 995.0 1024.0 1037.0
face 0.81 982.0 780.0 1004.0 805.0
face 0.81 924.0 581.0 945.0 610.0
face 0.80 152.0 709.0 177.0 738.0
face 0.78 266.0 705.0 287.0 731.0
face 0.78 96.0 932.0 120.0 960.0
face 0.77 925.0 734.0 943.0 755.0
face 0.75 392.0 870.0 417.0 903.0
face 0.73 392.0 372.0 406.0 388.0
face 0.73 42.0 620.0 76.0 660.0
face 0.73 910.0 956.0 928.0 977.0
face 0.73 226.0 684.0 248.0 711.0
face 0.72 388.0 579.0 408.0 605.0
face 0.72 896.0 981.0 923.0 1013.0
face 0.71 386.0 785.0 411.0 815.0
face 0.70 218.0 759.0 239.0 784.0
face 0.70 943.0 654.0 964.0 679.0
face 0.69 920.0 799.0 946.0 833.0
face 0.69 971.0 607.0 989.0 629.0
face 0.68 300.0 554.0 321.0 580.0
face 0.68 894.0 640.0 917.0 666.0
face 0.68 216.0 600.0 236.0 626.0
face 0.67 973.0 579.0 989.0 599.0
face 0.67 243.0 622.0 268.0 652.0
face 0.67 412.0 756.0 436.0 782.0
face 0.66 262.0 663.0 280.0 683.0
face 0.66 79.0 859.0 102.0 886.0
face 0.65 319.0 702.0 341.0 729.0
face 0.65 30.0 829.0 54.0 857.0
face 0.65 178.0 614.0 199.0 640.0
face 0.64 978.0 697.0 997.0 719.0
face 0.64 361.0 652.0 385.0 681.0
face 0.62 95.0 977.0 120.0 1009.0
face 0.61 161.0 585.0 180.0 611.0
face 0.60 493.0 992.0 523.0 1034.0
face 0.60 211.0 459.0 251.0 507.0
face 0.59 353.0 752.0 376.0 778.0
face 0.59 355.0 555.0 372.0 576.0
face 0.58 993.0 810.0 1019.0 843.0
face 0.58 244.0 322.0 262.0 342.0
face 0.57 973.0 763.0 999.0 797.0
face 0.56 79.0 568.0 96.0 591.0
face 0.56 288.0 621.0 310.0 648.0
face 0.55 53.0 351.0 69.0 371.0
face 0.55 992.0 976.0 1021.0 1013.0
face 0.55 668.0 568.0 694.0 602.0
face 0.54 -1.0 815.0 13.0 838.0
face 0.54 74.0 413.0 89.0 431.0
face 0.54 834.0 780.0 849.0 799.0
face 0.54 890.0 347.0 910.0 371.0
face 0.54 162.0 376.0 179.0 396.0
face 0.54 860.0 812.0 877.0 834.0
face 0.54 229.0 412.0 245.0 432.0
face 0.54 144.0 672.0 165.0 698.0
face 0.53 354.0 835.0 378.0 864.0
face 0.53 409.0 549.0 431.0 577.0
face 0.53 364.0 720.0 382.0 742.0
face 0.52 42.0 422.0 60.0 444.0
face 0.51 107.0 644.0 124.0 665.0
face 0.50 418.0 600.0 435.0 622.0
face 0.50 969.0 908.0 991.0 935.0
face 0.50 948.0 483.0 966.0 503.0
face 0.50 753.0 967.0 774.0 995.0
face 0.50 88.0 1046.0 110.0 1075.0
face 0.50 588.0 462.0 604.0 483.0
face 0.50 786.0 311.0 802.0 333.0
face 0.49 146.0 350.0 161.0 371.0
face 0.48 799.0 366.0 814.0 383.0
face 0.48 362.0 357.0 380.0 379.0
face 0.48 897.0 672.0 915.0 694.0
face 0.48 787.0 639.0 809.0 668.0
face 0.47 960.0 975.0 979.0 998.0
face 0.47 409.0 408.0 425.0 427.0
face 0.46 740.0 703.0 757.0 725.0
face 0.46 434.0 1027.0 449.0 1046.0
face 0.46 106.0 361.0 121.0 380.0
face 0.46 355.0 419.0 370.0 436.0
face 0.46 888.0 954.0 905.0 976.0
face 0.45 275.0 754.0 295.0 777.0
face 0.45 204.0 792.0 223.0 816.0
face 0.45 61.0 464.0 79.0 486.0
face 0.44 53.0 806.0 78.0 835.0
face 0.44 694.0 391.0 716.0 418.0
face 0.44 734.0 452.0 748.0 470.0
face 0.44 994.0 399.0 1010.0 420.0
face 0.44 892.0 446.0 908.0 465.0
face 0.43 389.0 630.0 406.0 653.0
face 0.43 881.0 580.0 898.0 600.0
face 0.43 6.0 603.0 37.0 641.0
face 0.43 212.0 450.0 234.0 477.0
face 0.42 743.0 486.0 766.0 513.0
face 0.42 302.0 731.0 327.0 760.0
face 0.42 785.0 605.0 809.0 638.0
face 0.42 762.0 414.0 780.0 439.0
face 0.42 881.0 737.0 898.0 759.0
face 0.42 855.0 895.0 878.0 922.0
face 0.42 855.0 467.0 871.0 486.0
face 0.42 759.0 725.0 771.0 741.0
face 0.41 792.0 837.0 814.0 866.0
face 0.41 228.0 382.0 243.0 402.0
face 0.41 734.0 301.0 750.0 321.0
face 0.41 177.0 1065.0 221.0 1124.0
face 0.41 828.0 493.0 844.0 511.0
face 0.41 290.0 321.0 308.0 342.0
face 0.41 279.0 1163.0 340.0 1238.0
face 0.41 125.0 425.0 142.0 447.0
face 0.41 181.0 721.0 204.0 754.0
face 0.40 804.0 780.0 823.0 802.0
face 0.40 421.0 476.0 436.0 495.0
face 0.40 632.0 612.0 689.0 692.0
face 0.40 84.0 388.0 104.0 417.0
face 0.40 939.0 331.0 954.0 349.0
face 0.40 92.0 431.0 107.0 450.0
face 0.39 187.0 385.0 203.0 406.0
face 0.39 329.0 647.0 348.0 671.0
face 0.39 413.0 387.0 428.0 405.0
face 0.39 286.0 376.0 302.0 396.0
face 0.39 1.0 887.0 22.0 920.0
face 0.39 790.0 983.0 814.0 1015.0
face 0.39 16.0 460.0 31.0 481.0
face 0.39 253.0 613.0 270.0 634.0
face 0.39 310.0 388.0 325.0 404.0
face 0.39 371.0 384.0 384.0 401.0
face 0.38 865.0 443.0 877.0 458.0
face 0.38 986.0 721.0 1005.0 742.0
face 0.38 270.0 957.0 296.0 985.0
face 0.38 63.0 434.0 77.0 451.0
face 0.38 484.0 11.0 501.0 32.0
face 0.38 298.0 429.0 312.0 446.0
face 0.38 845.0 612.0 870.0 642.0
face 0.38 182.0 477.0 196.0 494.0
face 0.38 910.0 308.0 922.0 322.0
face 0.37 505.0 939.0 528.0 969.0
face 0.37 205.0 378.0 221.0 395.0
face 0.37 317.0 669.0 333.0 688.0
face 0.37 67.0 368.0 85.0 391.0
face 0.37 402.0 448.0 417.0 468.0
face 0.37 146.0 608.0 162.0 629.0
face 0.36 777.0 670.0 794.0 690.0
face 0.36 372.0 665.0 388.0 686.0
face 0.36 870.0 418.0 886.0 439.0
face 0.36 884.0 466.0 899.0 484.0
face 0.36 969.0 940.0 986.0 960.0
face 0.36 920.0 525.0 935.0 542.0
face 0.36 364.0 206.0 380.0 225.0
face 0.36 388.0 397.0 402.0 414.0
face 0.36 382.0 342.0 396.0 360.0
face 0.36 412.0 1077.0 429.0 1097.0
face 0.36 109.0 442.0 124.0 462.0
face 0.36 828.0 434.0 845.0 454.0
face 0.36 407.0 382.0 418.0 394.0
face 0.35 948.0 574.0 963.0 592.0
face 0.35 130.0 625.0 148.0 646.0
face 0.35 172.0 522.0 189.0 543.0
face 0.35 5.0 325.0 20.0 346.0
face 0.35 372.0 820.0 391.0 840.0
face 0.35 76.0 1034.0 91.0 1052.0
face 0.35 976.0 460.0 987.0 475.0
face 0.35 813.0 323.0 830.0 346.0
face 0.35 252.0 302.0 266.0 319.0
face 0.35 798.0 293.0 815.0 312.0
face 0.35 170.0 357.0 186.0 374.0
face 0.35 811.0 410.0 827.0 429.0
