face 0.99 46.0 254.0 60.0 271.0
face 0.98 88.0 223.0 99.0 236.0
face 0.97 276.0 198.0 289.0 214.0
face 0.97 113.0 51.0 125.0 67.0
face 0.97 417.0 255.0 430.0 270.0
face 0.96 584.0 221.0 596.0 237.0
face 0.96 167.0 237.0 181.0 254.0
face 0.96 295.0 184.0 307.0 198.0
face 0.96 536.0 108.0 548.0 123.0
face 0.95 841.0 211.0 854.0 226.0
face 0.95 533.0 196.0 546.0 211.0
face 0.94 794.0 328.0 829.0 363.0
face 0.93 904.0 189.0 916.0 203.0
face 0.93 822.0 209.0 835.0 224.0
face 0.93 696.0 119.0 706.0 132.0
face 0.91 951.0 20.0 963.0 35.0
face 0.90 960.0 174.0 972.0 187.0
face 0.90 607.0 243.0 621.0 259.0
face 0.90 39.0 133.0 52.0 149.0
face 0.90 99.0 244.0 112.0 259.0
face 0.90 70.0 194.0 83.0 210.0
face 0.90 222.0 253.0 235.0 268.0
face 0.89 513.0 195.0 526.0 212.0
face 0.89 884.0 43.0 897.0 59.0
face 0.88 143.0 167.0 157.0 183.0
face 0.88 256.0 75.0 267.0 89.0
face 0.88 919.0 181.0 931.0 195.0
face 0.88 81.0 257.0 95.0 273.0
face 0.88 907.0 119.0 921.0 139.0
face 0.88 637.0 108.0 649.0 122.0
face 0.88 12.0 143.0 25.0 159.0
face 0.87 319.0 254.0 332.0 270.0
face 0.87 286.0 81.0 296.0 94.0
face 0.87 670.0 76.0 681.0 89.0
face 0.86 204.0 232.0 216.0 248.0
face 0.86 160.0 14.0 172.0 29.0
face 0.86 4.0 215.0 17.0 231.0
face 0.85 702.0 74.0 716.0 91.0
face 0.85 127.0 41.0 141.0 57.0
face 0.85 896.0 226.0 909.0 244.0
face 0.84 372.0 97.0 384.0 113.0
face 0.84 680.0 107.0 691.0 122.0
face 0.83 424.0 142.0 437.0 158.0
face 0.83 655.0 181.0 667.0 195.0
face 0.83 112.0 89.0 125.0 105.0
face 0.83 701.0 247.0 712.0 262.0
face 0.82 194.0 174.0 206.0 188.0
face 0.82 858.0 146.0 870.0 162.0
face 0.82 227.0 152.0 240.0 169.0
face 0.81 294.0 260.0 305.0 272.0
face 0.81 839.0 0.0 856.0 20.0
face 0.81 291.0 158.0 304.0 174.0
face 0.81 86.0 181.0 97.0 195.0
face 0.81 373.0 250.0 387.0 266.0
face 0.81 168.0 118.0 180.0 132.0
face 0.81 919.0 211.0 930.0 225.0
face 0.81 870.0 227.0 883.0 244.0
face 0.80 625.0 6.0 638.0 22.0
face 0.80 949.0 117.0 961.0 130.0
face 0.80 319.0 184.0 332.0 199.0
face 0.79 27.0 16.0 40.0 34.0
face 0.79 884.0 16.0 898.0 34.0
face 0.79 884.0 161.0 897.0 178.0
face 0.79 116.0 251.0 128.0 265.0
face 0.78 38.0 96.0 49.0 109.0
face 0.77 862.0 108.0 873.0 120.0
face 0.77 14.0 91.0 27.0 106.0
face 0.77 460.0 0.0 475.0 15.0
face 0.77 879.0 125.0 889.0 138.0
face 0.76 587.0 28.0 600.0 45.0
face 0.75 718.0 234.0 729.0 248.0
face 0.75 380.0 66.0 391.0 79.0
face 0.75 10.0 60.0 27.0 81.0
face 0.74 94.0 92.0 105.0 105.0
face 0.74 62.0 220.0 77.0 240.0
face 0.73 129.0 141.0 140.0 154.0
face 0.73 941.0 173.0 955.0 189.0
face 0.72 798.0 220.0 808.0 233.0
face 0.72 923.0 95.0 936.0 109.0
face 0.72 28.0 234.0 41.0 251.0
face 0.71 31.0 103.0 42.0 116.0
face 0.71 838.0 40.0 852.0 57.0
face 0.71 751.0 259.0 765.0 275.0
face 0.71 911.0 231.0 923.0 245.0
face 0.70 657.0 207.0 669.0 221.0
face 0.70 335.0 279.0 346.0 294.0
face 0.70 916.0 164.0 928.0 179.0
face 0.69 231.0 236.0 243.0 250.0
face 0.69 989.0 100.0 1003.0 117.0
face 0.69 430.0 189.0 441.0 203.0
face 0.69 175.0 99.0 187.0 114.0
face 0.69 732.0 246.0 743.0 259.0
face 0.69 566.0 220.0 578.0 235.0
face 0.68 278.0 164.0 289.0 178.0
face 0.68 626.0 225.0 639.0 242.0
face 0.67 542.0 196.0 555.0 211.0
face 0.66 60.0 141.0 71.0 157.0
face 0.66 687.0 75.0 698.0 88.0
face 0.66 354.0 179.0 368.0 196.0
face 0.66 766.0 195.0 777.0 208.0
face 0.66 100.0 202.0 112.0 216.0
face 0.65 529.0 81.0 542.0 96.0
face 0.65 56.0 103.0 67.0 115.0
face 0.65 142.0 101.0 153.0 115.0
face 0.65 100.0 172.0 114.0 190.0
face 0.65 320.0 70.0 330.0 82.0
face 0.64 382.0 45.0 392.0 57.0
face 0.64 677.0 101.0 689.0 116.0
face 0.64 478.0 34.0 488.0 48.0
face 0.64 307.0 13.0 318.0 27.0
face 0.63 259.0 244.0 276.0 267.0
face 0.63 525.0 245.0 537.0 260.0
face 0.63 449.0 37.0 460.0 51.0
face 0.63 576.0 108.0 590.0 123.0
face 0.62 767.0 111.0 776.0 123.0
face 0.62 899.0 90.0 910.0 104.0
face 0.62 398.0 252.0 408.0 265.0
face 0.61 671.0 239.0 683.0 252.0
face 0.61 975.0 148.0 986.0 161.0
face 0.60 721.0 85.0 732.0 98.0
face 0.60 56.0 156.0 67.0 169.0
face 0.60 727.0 199.0 739.0 214.0
face 0.59 359.0 274.0 370.0 286.0
face 0.58 774.0 244.0 785.0 259.0
face 0.58 858.0 75.0 872.0 93.0
face 0.58 54.0 301.0 70.0 323.0
face 0.58 786.0 194.0 801.0 212.0
face 0.58 507.0 99.0 517.0 112.0
face 0.57 495.0 127.0 508.0 142.0
face 0.57 41.0 120.0 51.0 131.0
face 0.57 840.0 172.0 854.0 189.0
face 0.57 86.0 107.0 98.0 122.0
face 0.57 505.0 69.0 515.0 82.0
face 0.57 318.0 53.0 328.0 64.0
face 0.56 453.0 57.0 464.0 70.0
face 0.56 597.0 138.0 608.0 152.0
face 0.55 714.0 127.0 725.0 141.0
face 0.55 365.0 238.0 380.0 257.0
face 0.55 943.0 86.0 954.0 99.0
face 0.55 7.0 109.0 17.0 121.0
face 0.55 85.0 30.0 95.0 42.0
face 0.54 224.0 77.0 237.0 93.0
face 0.54 399.0 286.0 414.0 304.0
face 0.54 414.0 233.0 423.0 245.0
face 0.54 621.0 183.0 633.0 197.0
face 0.53 247.0 106.0 261.0 123.0
face 0.53 272.0 105.0 283.0 118.0
face 0.53 21.0 85.0 33.0 101.0
face 0.53 75.0 136.0 87.0 150.0
face 0.52 40.0 59.0 53.0 77.0
face 0.52 735.0 70.0 746.0 85.0
face 0.52 758.0 176.0 768.0 189.0
face 0.52 85.0 340.0 101.0 357.0
face 0.52 102.0 157.0 113.0 171.0
face 0.52 913.0 77.0 922.0 88.0
face 0.52 974.0 124.0 985.0 138.0
face 0.51 527.0 22.0 536.0 35.0
face 0.51 133.0 283.0 157.0 309.0
face 0.50 6.0 306.0 27.0 333.0
face 0.50 100.0 34.0 113.0 50.0
face 0.50 974.0 100.0 988.0 116.0
face 0.50 710.0 13.0 721.0 26.0
face 0.50 25.0 174.0 36.0 187.0
face 0.50 737.0 272.0 758.0 297.0
face 0.50 605.0 44.0 616.0 59.0
face 0.49 335.0 59.0 347.0 75.0
face 0.49 867.0 42.0 879.0 57.0
face 0.49 388.0 229.0 400.0 246.0
face 0.49 783.0 157.0 794.0 171.0
face 0.49 242.0 390.0 251.0 403.0
face 0.49 10.0 36.0 22.0 50.0
face 0.49 804.0 41.0 820.0 62.0
face 0.49 80.0 66.0 92.0 83.0
face 0.49 391.0 86.0 403.0 99.0
face 0.48 942.0 102.0 954.0 117.0
face 0.48 557.0 27.0 568.0 40.0
face 0.48 575.0 38.0 586.0 51.0
face 0.48 976.0 173.0 987.0 187.0
face 0.48 57.0 49.0 70.0 65.0
face 0.48 487.0 101.0 497.0 113.0
face 0.48 550.0 99.0 561.0 113.0
face 0.48 328.0 38.0 339.0 50.0
face 0.48 716.0 190.0 728.0 203.0
face 0.48 497.0 39.0 509.0 52.0
face 0.47 631.0 134.0 642.0 147.0
face 0.47 908.0 13.0 924.0 31.0
face 0.47 63.0 180.0 76.0 195.0
face 0.47 661.0 30.0 672.0 43.0
face 0.47 264.0 37.0 275.0 50.0
face 0.47 83.0 155.0 95.0 169.0
face 0.46 647.0 115.0 657.0 127.0
face 0.46 663.0 111.0 673.0 123.0
face 0.46 160.0 61.0 170.0 73.0
face 0.46 152.0 126.0 161.0 138.0
face 0.45 886.0 205.0 897.0 218.0
face 0.45 823.0 168.0 833.0 180.0
face 0.45 557.0 221.0 571.0 235.0
face 0.45 942.0 140.0 956.0 156.0
face 0.45 449.0 131.0 462.0 146.0
face 0.45 790.0 172.0 801.0 186.0
face 0.45 200.0 68.0 211.0 81.0
face 0.45 686.0 183.0 698.0 197.0
face 0.45 241.0 291.0 255.0 310.0
face 0.45 298.0 104.0 312.0 122.0
face 0.44 60.0 92.0 73.0 109.0
face 0.44 361.0 21.0 372.0 34.0
face 0.44 751.0 246.0 762.0 260.0
face 0.44 399.0 133.0 409.0 147.0
face 0.44 575.0 190.0 587.0 206.0
face 0.44 1013.0 238.0 1024.0 252.0
face 0.44 662.0 432.0 676.0 450.0
face 0.43 437.0 28.0 448.0 41.0
face 0.43 769.0 31.0 780.0 44.0
face 0.43 671.0 55.0 682.0 68.0
face 0.43 704.0 96.0 714.0 107.0
face 0.43 928.0 118.0 938.0 130.0
face 0.43 140.0 250.0 153.0 265.0
face 0.43 920.0 39.0 929.0 51.0
face 0.43 927.0 247.0 953.0 282.0
face 0.43 54.0 11.0 65.0 25.0
face 0.43 181.0 69.0 192.0 82.0
face 0.43 561.0 12.0 571.0 24.0
face 0.43 987.0 228.0 999.0 244.0
face 0.42 624.0 73.0 634.0 85.0
face 0.42 872.0 182.0 882.0 195.0
face 0.42 651.0 147.0 666.0 164.0
face 0.42 763.0 141.0 779.0 159.0
face 0.42 566.0 142.0 577.0 157.0
face 0.42 62.0 38.0 72.0 52.0
face 0.42 454.0 115.0 464.0 127.0
face 0.42 326.0 139.0 338.0 154.0
face 0.42 653.0 77.0 663.0 90.0
face 0.42 348.0 45.0 361.0 62.0
face 0.41 98.0 143.0 109.0 155.0
face 0.41 333.0 356.0 344.0 371.0
face 0.41 325.0 109.0 335.0 121.0
face 0.41 837.0 235.0 849.0 248.0
face 0.41 815.0 123.0 839.0 154.0
face 0.41 359.0 1.0 374.0 14.0
face 0.41 315.0 273.0 330.0 293.0
face 0.41 564.0 100.0 576.0 115.0
face 0.41 912.0 53.0 926.0 69.0
face 0.41 125.0 32.0 136.0 44.0
face 0.41 510.0 109.0 521.0 122.0
face 0.41 736.0 358.0 746.0 371.0
face 0.41 967.0 224.0 977.0 235.0
face 0.41 534.0 259.0 547.0 276.0
face 0.41 971.0 10.0 984.0 26.0
face 0.41 317.0 30.0 327.0 42.0
face 0.40 352.0 118.0 366.0 134.0
face 0.40 15.0 55.0 27.0 69.0
face 0.40 767.0 86.0 778.0 100.0
face 0.40 775.0 64.0 786.0 77.0
face 0.40 389.0 179.0 400.0 193.0
face 0.40 24.0 78.0 34.0 91.0
face 0.40 566.0 0.0 580.0 13.0
face 0.40 1003.0 98.0 1019.0 118.0
face 0.40 632.0 103.0 644.0 117.0
face 0.40 253.0 159.0 267.0 176.0
face 0.40 503.0 277.0 517.0 295.0
face 0.40 831.0 347.0 842.0 363.0
face 0.40 221.0 91.0 234.0 107.0
face 0.40 184.0 15.0 194.0 27.0
face 0.40 928.0 14.0 939.0 29.0
face 0.39 100.0 272.0 116.0 295.0
face 0.39 566.0 125.0 576.0 137.0
face 0.39 551.0 43.0 562.0 56.0
face 0.39 302.0 93.0 315.0 110.0
face 0.39 139.0 26.0 152.0 42.0
face 0.39 492.0 52.0 505.0 69.0
face 0.39 173.0 46.0 185.0 59.0
face 0.39 47.0 148.0 57.0 160.0
face 0.39 1000.0 26.0 1013.0 42.0
face 0.39 205.0 78.0 215.0 91.0
face 0.39 13.0 244.0 28.0 264.0
face 0.39 262.0 353.0 276.0 371.0
face 0.39 16.0 124.0 27.0 138.0
face 0.39 503.0 3.0 517.0 19.0
face 0.39 294.0 62.0 305.0 74.0
face 0.39 940.0 224.0 952.0 238.0
face 0.39 894.0 39.0 905.0 53.0
face 0.39 193.0 7.0 206.0 23.0
face 0.39 443.0 185.0 457.0 203.0
face 0.39 1003.0 171.0 1016.0 188.0
face 0.38 28.0 148.0 42.0 165.0
face 0.38 905.0 13.0 915.0 27.0
face 0.38 341.0 85.0 352.0 99.0
face 0.38 598.0 4.0 608.0 17.0
face 0.38 170.0 344.0 185.0 361.0
face 0.38 788.0 34.0 800.0 49.0
face 0.38 927.0 275.0 938.0 288.0
face 0.38 631.0 205.0 642.0 218.0
face 0.38 950.0 101.0 961.0 114.0
face 0.38 797.0 95.0 807.0 107.0
face 0.38 64.0 24.0 75.0 36.0
face 0.38 647.0 86.0 658.0 100.0
face 0.38 957.0 52.0 967.0 65.0
face 0.38 422.0 284.0 434.0 299.0
face 0.38 303.0 174.0 313.0 187.0
face 0.38 812.0 276.0 825.0 292.0
face 0.38 1008.0 268.0 1022.0 285.0
face 0.37 303.0 278.0 313.0 289.0
face 0.37 935.0 109.0 946.0 122.0
face 0.37 766.0 164.0 778.0 179.0
face 0.37 343.0 80.0 353.0 91.0
face 0.37 614.0 148.0 626.0 161.0
face 0.37 640.0 46.0 650.0 59.0
face 0.37 732.0 325.0 742.0 337.0
face 0.37 485.0 285.0 496.0 298.0
face 0.37 254.0 119.0 269.0 138.0
face 0.37 192.0 86.0 201.0 98.0
face 0.37 561.0 334.0 570.0 346.0
face 0.37 299.0 291.0 314.0 308.0
face 0.37 936.0 103.0 946.0 115.0
face 0.37 672.0 96.0 685.0 110.0
face 0.37 16.0 74.0 27.0 88.0
face 0.37 614.0 126.0 626.0 140.0
face 0.37 951.0 134.0 962.0 148.0
face 0.37 374.0 164.0 384.0 177.0
face 0.37 159.0 92.0 169.0 104.0
face 0.37 151.0 227.0 164.0 244.0
face 0.37 195.0 293.0 207.0 308.0
face 0.37 617.0 133.0 627.0 146.0
face 0.37 153.0 78.0 163.0 89.0
face 0.37 408.0 270.0 418.0 283.0
face 0.37 230.0 93.0 241.0 106.0
face 0.37 918.0 198.0 928.0 211.0
face 0.37 323.0 433.0 336.0 451.0
face 0.37 652.0 116.0 663.0 130.0
face 0.37 302.0 78.0 312.0 89.0
face 0.37 733.0 319.0 743.0 331.0
face 0.37 464.0 38.0 474.0 50.0
face 0.37 622.0 132.0 635.0 146.0
face 0.37 325.0 115.0 339.0 132.0
face 0.37 830.0 206.0 840.0 218.0
face 0.37 136.0 262.0 147.0 275.0
face 0.37 919.0 18.0 929.0 33.0
face 0.37 942.0 52.0 952.0 65.0
face 0.37 853.0 124.0 866.0 140.0
face 0.37 701.0 284.0 716.0 302.0
face 0.37 496.0 18.0 507.0 32.0
face 0.37 797.0 114.0 811.0 132.0
face 0.37 112.0 108.0 123.0 121.0
face 0.37 328.0 13.0 339.0 26.0
face 0.37 581.0 132.0 592.0 145.0
face 0.37 15.0 239.0 26.0 252.0
face 0.37 605.0 87.0 615.0 98.0
face 0.37 358.0 95.0 368.0 107.0
face 0.37 318.0 62.0 329.0 75.0
face 0.37 223.0 230.0 234.0 243.0
face 0.37 159.0 69.0 169.0 81.0
face 0.37 790.0 107.0 804.0 123.0
face 0.37 79.0 22.0 90.0 34.0
face 0.37 280.0 94.0 290.0 106.0
face 0.37 503.0 43.0 513.0 56.0
face 0.37 606.0 124.0 618.0 138.0
face 0.37 518.0 39.0 528.0 52.0
face 0.37 351.0 77.0 361.0 89.0
face 0.37 703.0 208.0 713.0 221.0
face 0.36 39.0 165.0 50.0 177.0
face 0.36 773.0 0.0 784.0 12.0
face 0.36 600.0 118.0 610.0 130.0
face 0.36 900.0 214.0 911.0 228.0
face 0.36 333.0 119.0 345.0 134.0
face 0.36 552.0 31.0 563.0 43.0
face 0.36 600.0 88.0 610.0 100.0
face 0.36 184.0 31.0 196.0 46.0
face 0.36 646.0 198.0 656.0 210.0
face 0.36 339.0 171.0 353.0 192.0
face 0.36 600.0 127.0 610.0 139.0
face 0.36 96.0 166.0 106.0 178.0
face 0.36 222.0 358.0 233.0 371.0
face 0.36 335.0 272.0 346.0 285.0
face 0.36 69.0 175.0 80.0 188.0
face 0.36 815.0 205.0 825.0 217.0
face 0.36 158.0 87.0 167.0 98.0
face 0.36 48.0 76.0 59.0 89.0
face 0.36 703.0 230.0 712.0 240.0
face 0.36 191.0 79.0 200.0 91.0
face 0.36 463.0 30.0 473.0 42.0
face 0.36 542.0 12.0 552.0 25.0
face 0.36 639.0 94.0 649.0 106.0
face 0.36 566.0 253.0 578.0 266.0
face 0.36 447.0 80.0 456.0 90.0
face 0.36 521.0 63.0 531.0 75.0
face 0.36 945.0 38.0 954.0 50.0
face 0.36 262.0 162.0 273.0 176.0
face 0.36 486.0 278.0 497.0 291.0
face 0.36 711.0 119.0 721.0 131.0
face 0.36 55.0 114.0 68.0 129.0
face 0.36 62.0 116.0 72.0 128.0
face 0.36 544.0 29.0 554.0 41.0
face 0.36 38.0 146.0 50.0 162.0
face 0.36 0.0 124.0 10.0 139.0
face 0.36 262.0 296.0 272.0 309.0
face 0.36 47.0 111.0 58.0 123.0
face 0.36 745.0 254.0 754.0 266.0
face 0.36 135.0 22.0 147.0 36.0
face 0.36 830.0 91.0 841.0 104.0
face 0.36 341.0 59.0 353.0 73.0
face 0.36 303.0 86.0 314.0 100.0
face 0.36 711.0 254.0 721.0 266.0
face 0.36 487.0 271.0 502.0 286.0
face 0.36 614.0 119.0 624.0 131.0
face 0.36 21.0 54.0 31.0 67.0
face 0.36 472.0 36.0 482.0 48.0
face 0.36 695.0 30.0 705.0 42.0
face 0.36 216.0 86.0 226.0 99.0
face 0.36 710.0 291.0 722.0 305.0
face 0.36 29.0 250.0 41.0 266.0
face 0.36 463.0 85.0 474.0 100.0
face 0.36 864.0 63.0 875.0 75.0
face 0.36 639.0 127.0 648.0 139.0
face 0.36 304.0 271.0 313.0 282.0
face 0.36 552.0 23.0 563.0 36.0
face 0.36 847.0 277.0 859.0 290.0
face 0.36 326.0 182.0 337.0 196.0
face 0.36 742.0 270.0 753.0 283.0
face 0.36 45.0 68.0 56.0 83.0
face 0.36 926.0 204.0 938.0 218.0
face 0.36 391.0 55.0 402.0 68.0
face 0.36 574.0 60.0 587.0 76.0
face 0.36 944.0 22.0 955.0 34.0
face 0.36 910.0 112.0 921.0 125.0
face 0.36 687.0 245.0 698.0 258.0
face 0.36 838.0 268.0 853.0 286.0
face 0.36 670.0 118.0 680.0 129.0
face 0.36 630.0 95.0 641.0 108.0
face 0.36 502.0 54.0 512.0 67.0
face 0.36 797.0 47.0 814.0 68.0
face 0.36 701.0 188.0 710.0 201.0
face 0.36 176.0 76.0 186.0 88.0
face 0.36 87.0 34.0 98.0 49.0
face 0.36 55.0 134.0 66.0 146.0
face 0.36 495.0 45.0 506.0 59.0
face 0.36 892.0 205.0 904.0 219.0
face 0.36 993.0 5.0 1003.0 18.0
face 0.36 247.0 85.0 258.0 98.0
face 0.36 24.0 157.0 35.0 168.0
face 0.36 813.0 47.0 824.0 60.0
face 0.36 213.0 157.0 225.0 173.0
face 0.36 718.0 433.0 731.0 450.0
face 0.36 248.0 163.0 259.0 177.0
face 0.36 24.0 36.0 35.0 49.0
face 0.36 829.0 188.0 840.0 201.0
face 0.36 271.0 87.0 281.0 98.0
face 0.36 30.0 142.0 41.0 155.0
face 0.36 277.0 53.0 294.0 74.0
face 0.36 384.0 85.0 395.0 99.0
face 0.36 694.0 102.0 705.0 113.0
face 0.36 895.0 196.0 905.0 209.0
face 0.36 734.0 251.0 745.0 264.0
face 0.36 262.0 61.0 272.0 73.0
face 0.36 199.0 86.0 209.0 98.0
face 0.36 520.0 21.0 532.0 36.0
face 0.36 206.0 22.0 216.0 34.0
face 0.36 871.0 206.0 880.0 217.0
face 0.36 967.0 101.0 980.0 116.0
face 0.36 816.0 237.0 827.0 250.0
face 0.36 23.0 71.0 33.0 83.0
face 0.36 536.0 13.0 546.0 25.0
face 0.36 45.0 285.0 58.0 302.0
face 0.36 255.0 94.0 265.0 106.0
face 0.36 38.0 109.0 49.0 123.0
face 0.36 732.0 331.0 744.0 345.0
face 0.36 302.0 182.0 312.0 194.0
face 0.36 128.0 50.0 139.0 64.0
face 0.36 735.0 262.0 745.0 274.0
face 0.36 935.0 94.0 946.0 107.0
face 0.36 487.0 234.0 509.0 264.0
face 0.36 909.0 312.0 927.0 334.0
face 0.36 438.0 46.0 448.0 57.0
face 0.36 879.0 140.0 890.0 153.0
face 0.36 152.0 72.0 161.0 83.0
face 0.36 935.0 181.0 947.0 194.0
face 0.36 270.0 70.0 280.0 82.0
face 0.36 272.0 61.0 282.0 74.0
face 0.36 350.0 133.0 361.0 148.0
face 0.36 38.0 159.0 49.0 171.0
face 0.36 503.0 63.0 513.0 76.0
face 0.36 549.0 294.0 559.0 306.0
face 0.36 624.0 110.0 634.0 122.0
face 0.36 623.0 101.0 633.0 113.0
face 0.36 277.0 102.0 287.0 115.0
face 0.36 46.0 125.0 56.0 137.0
face 0.36 126.0 102.0 136.0 114.0
face 0.36 295.0 278.0 306.0 289.0
face 0.36 918.0 87.0 929.0 100.0
face 0.36 711.0 261.0 722.0 273.0
face 0.36 663.0 126.0 672.0 138.0
face 0.36 582.0 104.0 592.0 117.0
face 0.36 234.0 21.0 247.0 37.0
face 0.35 122.0 458.0 137.0 477.0
face 0.35 191.0 92.0 202.0 106.0
face 0.35 951.0 150.0 962.0 162.0
face 0.35 167.0 88.0 176.0 98.0
face 0.35 238.0 372.0 248.0 384.0
face 0.35 175.0 87.0 185.0 98.0
face 0.35 520.0 301.0 530.0 313.0
face 0.35 276.0 141.0 288.0 156.0
face 0.35 472.0 53.0 482.0 65.0
face 0.35 486.0 107.0 498.0 121.0
face 0.35 711.0 247.0 721.0 259.0
face 0.35 735.0 342.0 744.0 353.0
face 0.35 749.0 283.0 759.0 296.0
face 0.35 654.0 111.0 664.0 122.0
face 0.35 21.0 131.0 32.0 146.0
face 0.35 32.0 167.0 43.0 180.0
face 0.35 970.0 251.0 989.0 272.0
face 0.35 270.0 146.0 281.0 161.0
face 0.35 462.0 290.0 478.0 309.0
face 0.35 262.0 71.0 272.0 84.0
face 0.35 337.0 91.0 347.0 104.0
face 0.35 58.0 5.0 72.0 21.0
face 0.35 373.0 238.0 384.0 251.0
face 0.35 464.0 133.0 474.0 144.0
face 0.35 400.0 272.0 410.0 283.0
face 0.35 127.0 110.0 136.0 122.0
face 0.35 300.0 60.0 311.0 74.0
face 0.35 6.0 260.0 16.0 273.0
face 0.35 710.0 205.0 719.0 218.0
face 0.35 342.0 270.0 352.0 281.0
face 0.35 302.0 71.0 311.0 83.0
face 0.35 311.0 20.0 321.0 33.0
face 0.35 624.0 119.0 633.0 130.0
face 0.35 887.0 27.0 898.0 40.0
face 0.35 637.0 205.0 648.0 219.0
face 0.35 31.0 126.0 40.0 138.0
face 0.35 311.0 173.0 321.0 186.0
face 0.35 644.0 19.0 658.0 36.0
face 0.35 326.0 271.0 336.0 284.0
face 0.35 69.0 28.0 79.0 41.0
face 0.35 753.0 325.0 762.0 337.0
face 0.35 879.0 357.0 891.0 371.0
face 0.35 519.0 15.0 528.0 26.0
face 0.35 693.0 186.0 707.0 201.0
face 0.35 375.0 88.0 385.0 101.0
face 0.35 71.0 140.0 82.0 153.0
face 0.35 726.0 5.0 741.0 23.0
face 0.35 247.0 277.0 257.0 288.0
face 0.35 663.0 94.0 674.0 107.0
face 0.35 656.0 127.0 666.0 139.0
face 0.35 287.0 450.0 298.0 463.0
face 0.35 839.0 167.0 850.0 181.0
face 0.35 55.0 127.0 65.0 139.0
face 0.35 542.0 23.0 553.0 36.0
face 0.35 975.0 156.0 986.0 168.0
face 0.35 638.0 220.0 649.0 236.0
face 0.35 903.0 207.0 912.0 218.0
face 0.35 333.0 261.0 345.0 276.0
face 0.35 190.0 102.0 200.0 114.0
face 0.35 28.0 7.0 39.0 20.0
face 0.35 254.0 307.0 267.0 324.0
face 0.35 340.0 118.0 353.0 133.0
face 0.35 901.0 222.0 912.0 234.0
face 0.35 311.0 166.0 321.0 179.0
face 0.35 710.0 101.0 721.0 113.0
face 0.35 383.0 93.0 392.0 105.0
face 0.35 213.0 190.0 224.0 202.0
face 0.35 294.0 175.0 306.0 189.0
face 0.35 839.0 87.0 851.0 102.0
face 0.35 551.0 107.0 561.0 120.0
face 0.35 335.0 303.0 345.0 315.0
face 0.35 560.0 108.0 569.0 120.0
face 0.35 200.0 22.0 210.0 34.0
face 0.35 862.0 95.0 872.0 107.0
face 0.35 326.0 70.0 336.0 82.0
face 0.35 927.0 238.0 938.0 253.0
face 0.35 358.0 100.0 369.0 114.0
face 0.35 390.0 285.0 404.0 300.0
face 0.35 822.0 199.0 833.0 212.0
face 0.35 479.0 14.0 488.0 25.0
face 0.35 287.0 212.0 298.0 226.0
face 0.35 879.0 214.0 889.0 226.0
face 0.35 358.0 77.0 368.0 88.0
face 0.35 964.0 187.0 979.0 204.0
face 0.35 285.0 286.0 297.0 300.0
face 0.35 55.0 85.0 65.0 97.0
face 0.35 552.0 216.0 563.0 230.0
face 0.35 454.0 273.0 470.0 292.0
face 0.35 911.0 102.0 921.0 114.0
face 0.35 184.0 21.0 194.0 34.0
face 0.35 230.0 141.0 241.0 155.0
face 0.35 48.0 86.0 57.0 98.0
face 0.35 488.0 46.0 497.0 59.0
face 0.35 479.0 24.0 489.0 36.0
face 0.35 372.0 179.0 385.0 196.0
face 0.35 670.0 222.0 680.0 234.0
face 0.35 454.0 31.0 463.0 42.0
face 0.35 703.0 240.0 713.0 252.0
face 0.35 454.0 45.0 464.0 57.0
face 0.35 271.0 95.0 281.0 107.0
face 0.35 671.0 127.0 681.0 139.0
face 0.35 22.0 119.0 32.0 131.0
face 0.35 326.0 44.0 337.0 56.0
face 0.35 704.0 111.0 713.0 123.0
face 0.35 561.0 307.0 574.0 324.0
face 0.35 568.0 61.0 578.0 73.0
face 0.35 229.0 84.0 240.0 98.0
face 0.35 111.0 127.0 121.0 139.0
face 0.35 142.0 240.0 153.0 253.0
face 0.35 163.0 451.0 178.0 468.0
face 0.35 94.0 43.0 105.0 57.0
face 0.35 422.0 30.0 433.0 44.0
face 0.35 400.0 259.0 410.0 271.0
face 0.35 640.0 115.0 651.0 128.0
face 0.35 166.0 38.0 176.0 50.0
face 0.35 543.0 64.0 552.0 75.0
face 0.35 399.0 278.0 409.0 289.0
face 0.35 120.0 220.0 130.0 233.0
face 0.35 957.0 133.0 968.0 147.0
face 0.35 695.0 239.0 704.0 250.0
face 0.35 263.0 110.0 273.0 122.0
face 0.35 830.0 173.0 840.0 187.0
face 0.35 160.0 110.0 169.0 122.0
face 0.35 304.0 448.0 314.0 460.0
face 0.35 677.0 126.0 690.0 140.0
face 0.35 463.0 23.0 473.0 34.0
face 0.35 927.0 110.0 938.0 124.0
face 0.35 735.0 276.0 747.0 291.0
face 0.35 263.0 44.0 273.0 57.0
face 0.35 471.0 133.0 481.0 144.0
face 0.35 366.0 277.0 376.0 288.0
face 0.35 421.0 382.0 430.0 394.0
face 0.35 535.0 90.0 545.0 104.0
face 0.35 520.0 292.0 532.0 308.0
face 0.35 527.0 54.0 537.0 66.0
