face 1.00 904.0 293.0 933.0 332.0
face 1.00 495.0 308.0 526.0 348.0
face 0.98 99.0 219.0 144.0 269.0
face 0.98 304.0 222.0 330.0 256.0
face 0.88 0.0 214.0 26.0 252.0
face 0.78 931.0 524.0 956.0 555.0
face 0.72 647.0 93.0 670.0 121.0
face 0.65 215.0 100.0 240.0 132.0
face 0.59 183.0 115.0 210.0 146.0
face 0.57 746.0 71.0 762.0 92.0
face 0.56 803.0 115.0 825.0 144.0
face 0.55 558.0 193.0 581.0 220.0
face 0.53 1005.0 3.0 1024.0 23.0
face 0.51 197.0 448.0 209.0 462.0
face 0.50 66.0 2.0 93.0 34.0
face 0.50 603.0 89.0 622.0 112.0
face 0.49 547.0 11.0 561.0 28.0
face 0.45 673.0 130.0 691.0 149.0
face 0.45 488.0 1.0 508.0 23.0
face 0.45 124.0 83.0 147.0 110.0
face 0.44 585.0 176.0 602.0 197.0
face 0.44 122.0 1.0 147.0 30.0
face 0.44 534.0 201.0 548.0 218.0
face 0.43 388.0 96.0 405.0 117.0
face 0.43 584.0 106.0 597.0 123.0
face 0.43 1011.0 331.0 1024.0 352.0
face 0.42 249.0 28.0 274.0 61.0
face 0.42 214.0 498.0 242.0 535.0
face 0.41 171.0 183.0 190.0 204.0
face 0.41 566.0 84.0 577.0 99.0
face 0.41 220.0 57.0 236.0 76.0
face 0.40 419.0 19.0 439.0 43.0
face 0.40 22.0 25.0 34.0 41.0
face 0.39 507.0 81.0 539.0 117.0
face 0.39 701.0 135.0 718.0 156.0
face 0.39 234.0 1.0 251.0 19.0
face 0.38 461.0 53.0 473.0 70.0
face 0.38 34.0 79.0 53.0 101.0
face 0.38 865.0 52.0 879.0 69.0
face 0.38 735.0 125.0 751.0 145.0
face 0.37 661.0 156.0 677.0 175.0
face 0.37 78.0 207.0 91.0 220.0
face 0.37 532.0 10.0 545.0 27.0
face 0.37 973.0 91.0 990.0 112.0
face 0.37 468.0 482.0 483.0 499.0
face 0.37 1011.0 145.0 1024.0 168.0
face 0.37 460.0 18.0 474.0 36.0
face 0.36 455.0 53.0 467.0 67.0
face 0.36 29.0 18.0 43.0 36.0
face 0.36 47.0 165.0 58.0 178.0
face 0.36 85.0 205.0 99.0 220.0
face 0.36 180.0 1.0 196.0 19.0
face 0.36 364.0 0.0 380.0 16.0
face 0.36 823.0 176.0 842.0 201.0
face 0.36 615.0 127.0 626.0 141.0
face 0.36 707.0 51.0 720.0 68.0
face 0.36 779.0 83.0 793.0 101.0
face 0.36 238.0 406.0 249.0 419.0
face 0.36 65.0 182.0 75.0 194.0
face 0.36 613.0 160.0 629.0 183.0
face 0.35 467.0 55.0 480.0 72.0
face 0.35 188.0 29.0 201.0 43.0
face 0.35 573.0 126.0 585.0 140.0
face 0.35 411.0 100.0 426.0 118.0
face 0.35 119.0 165.0 128.0 177.0
face 0.35 362.0 17.0 379.0 38.0
face 0.35 95.0 165.0 106.0 178.0
face 0.35 742.0 27.0 754.0 40.0
face 0.35 648.0 356.0 660.0 371.0
face 0.35 93.0 205.0 106.0 221.0
face 0.35 448.0 114.0 460.0 129.0
face 0.35 151.0 169.0 165.0 188.0
