face 0.99 905.0 92.0 929.0 123.0
face 0.97 585.0 120.0 608.0 149.0
face 0.75 518.0 133.0 532.0 150.0
face 0.54 724.0 116.0 739.0 135.0
face 0.50 637.0 453.0 651.0 470.0
face 0.47 131.0 144.0 146.0 164.0
face 0.47 -1.0 183.0 22.0 219.0
face 0.46 469.0 137.0 484.0 157.0
face 0.43 930.0 120.0 952.0 148.0
face 0.43 505.0 26.0 522.0 47.0
face 0.40 647.0 151.0 675.0 187.0
face 0.38 534.0 667.0 550.0 681.0
face 0.37 501.0 101.0 514.0 114.0
face 0.36 429.0 21.0 441.0 35.0
face 0.35 463.0 18.0 473.0 32.0
