face 1.00 343.0 245.0 373.0 283.0
face 1.00 522.0 250.0 551.0 288.0
face 1.00 407.0 244.0 438.0 282.0
face 1.00 559.0 229.0 589.0 265.0
face 1.00 600.0 252.0 629.0 290.0
face 1.00 494.0 251.0 519.0 284.0
face 1.00 671.0 247.0 702.0 287.0
face 0.98 316.0 241.0 342.0 277.0
face 0.93 453.0 237.0 481.0 274.0
face 0.93 286.0 237.0 315.0 275.0
face 0.53 626.0 242.0 651.0 272.0
face 0.39 650.0 235.0 668.0 258.0
face 0.38 143.0 278.0 163.0 308.0
face 0.37 30.0 372.0 54.0 411.0
face 0.36 293.0 579.0 309.0 601.0
face 0.35 638.0 581.0 650.0 595.0
