face 1.00 281.0 78.0 319.0 131.0
face 1.00 614.0 61.0 653.0 112.0
face 1.00 186.0 128.0 225.0 182.0
face 1.00 807.0 100.0 846.0 153.0
face 1.00 47.0 114.0 86.0 166.0
face 1.00 911.0 113.0 952.0 164.0
face 1.00 392.0 64.0 430.0 116.0
face 1.00 721.0 80.0 758.0 131.0
face 1.00 509.0 57.0 546.0 107.0
face 0.69 618.0 216.0 643.0 245.0
face 0.54 328.0 199.0 359.0 237.0
face 0.52 445.0 322.0 461.0 341.0
face 0.45 60.0 200.0 78.0 220.0
face 0.42 285.0 490.0 298.0 506.0
face 0.39 669.0 244.0 689.0 275.0
face 0.36 1004.0 244.0 1024.0 280.0
face 0.36 362.0 284.0 379.0 305.0
face 0.35 932.0 268.0 948.0 286.0
face 0.35 292.0 491.0 304.0 506.0
