face 0.50 902.0 157.0 917.0 175.0
face 0.47 59.0 376.0 76.0 396.0
face 0.45 591.0 428.0 607.0 448.0
face 0.42 551.0 250.0 563.0 265.0
face 0.42 583.0 142.0 595.0 158.0
face 0.41 400.0 482.0 443.0 532.0
face 0.39 874.0 16.0 897.0 42.0
face 0.39 887.0 142.0 900.0 156.0
face 0.39 398.0 433.0 413.0 454.0
face 0.38 772.0 9.0 786.0 26.0
face 0.38 524.0 285.0 540.0 302.0
face 0.37 597.0 126.0 608.0 139.0
face 0.36 686.0 268.0 699.0 283.0
face 0.36 767.0 271.0 777.0 283.0
face 0.36 495.0 278.0 505.0 290.0
face 0.36 525.0 326.0 576.0 381.0
face 0.35 410.0 279.0 424.0 295.0
face 0.35 664.0 268.0 675.0 282.0
face 0.35 543.0 222.0 554.0 235.0
face 0.35 160.0 311.0 180.0 336.0
face 0.35 980.0 26.0 996.0 44.0
face 0.35 552.0 239.0 562.0 251.0
face 0.35 582.0 137.0 592.0 149.0
