face 0.90 25.0 110.0 70.0 156.0
face 0.73 222.0 418.0 246.0 449.0
face 0.62 49.0 801.0 93.0 854.0
face 0.59 291.0 212.0 339.0 257.0
face 0.48 546.0 115.0 658.0 220.0
face 0.46 666.0 185.0 691.0 214.0
face 0.45 388.0 463.0 414.0 494.0
face 0.43 357.0 403.0 380.0 432.0
face 0.43 388.0 333.0 418.0 364.0
face 0.43 31.0 270.0 57.0 304.0
face 0.42 663.0 640.0 674.0 653.0
face 0.42 30.0 445.0 54.0 475.0
face 0.39 615.0 166.0 701.0 264.0
face 0.39 780.0 399.0 833.0 460.0
face 0.39 42.0 566.0 60.0 588.0
face 0.37 1.0 256.0 25.0 291.0
face 0.37 353.0 723.0 392.0 772.0
face 0.36 261.0 242.0 274.0 261.0
face 0.36 181.0 398.0 247.0 471.0
face 0.36 60.0 451.0 78.0 472.0
face 0.36 240.0 244.0 254.0 260.0
face 0.36 191.0 224.0 232.0 265.0
face 0.35 333.0 194.0 350.0 216.0
face 0.35 421.0 548.0 436.0 567.0
face 0.35 789.0 290.0 802.0 307.0
face 0.35 199.0 227.0 214.0 246.0
