face 1.00 751.0 362.0 863.0 506.0
face 1.00 624.0 315.0 688.0 396.0
face 1.00 348.0 260.0 437.0 380.0
face 0.78 501.0 244.0 514.0 261.0
face 0.75 454.0 244.0 466.0 258.0
face 0.61 1001.0 506.0 1018.0 526.0
face 0.52 705.0 473.0 747.0 525.0
face 0.49 438.0 242.0 452.0 261.0
face 0.48 732.0 439.0 750.0 461.0
face 0.43 592.0 721.0 649.0 785.0
face 0.43 1.0 488.0 22.0 521.0
face 0.42 65.0 614.0 88.0 646.0
face 0.41 187.0 36.0 203.0 56.0
face 0.40 224.0 45.0 236.0 62.0
face 0.39 560.0 480.0 600.0 534.0
face 0.39 43.0 501.0 61.0 523.0
face 0.38 824.0 1344.0 840.0 1363.0
face 0.37 95.0 171.0 109.0 188.0
face 0.37 554.0 459.0 568.0 479.0
face 0.35 569.0 598.0 652.0 687.0
face 0.35 464.0 336.0 474.0 347.0
