face 0.62 925.0 354.0 1004.0 447.0
face 0.52 55.0 15.0 230.0 172.0
face 0.50 420.0 510.0 433.0 524.0
face 0.45 801.0 533.0 819.0 554.0
face 0.42 398.0 519.0 410.0 533.0
face 0.39 469.0 516.0 496.0 548.0
face 0.39 819.0 536.0 838.0 560.0
face 0.38 444.0 526.0 458.0 542.0
face 0.38 398.0 487.0 408.0 498.0
face 0.38 349.0 496.0 359.0 507.0
face 0.38 420.0 474.0 432.0 491.0
face 0.37 341.0 509.0 352.0 523.0
face 0.36 431.0 533.0 444.0 547.0
face 0.36 430.0 541.0 442.0 554.0
face 0.36 847.0 526.0 858.0 539.0
face 0.36 439.0 526.0 450.0 539.0
face 0.36 423.0 493.0 433.0 504.0
face 0.36 406.0 500.0 418.0 515.0
face 0.36 406.0 517.0 417.0 530.0
face 0.36 414.0 535.0 424.0 545.0
face 0.36 407.0 494.0 417.0 505.0
face 0.35 407.0 511.0 417.0 523.0
face 0.35 835.0 522.0 852.0 540.0
face 0.35 415.0 516.0 426.0 528.0
face 0.35 431.0 517.0 441.0 529.0
face 0.35 431.0 526.0 442.0 539.0
