face 0.99 403.0 388.0 476.0 494.0
face 0.89 315.0 399.0 390.0 505.0
face 0.85 325.0 709.0 341.0 729.0
face 0.81 417.0 697.0 436.0 722.0
face 0.72 528.0 709.0 542.0 726.0
face 0.61 155.0 639.0 169.0 656.0
face 0.58 825.0 618.0 850.0 646.0
face 0.54 748.0 663.0 799.0 718.0
face 0.54 534.0 107.0 650.0 228.0
face 0.54 698.0 729.0 713.0 747.0
face 0.52 852.0 274.0 870.0 297.0
face 0.49 169.0 579.0 191.0 603.0
face 0.48 508.0 104.0 583.0 198.0
face 0.48 926.0 441.0 941.0 459.0
face 0.47 435.0 724.0 452.0 744.0
face 0.43 631.0 617.0 656.0 645.0
face 0.43 813.0 314.0 830.0 335.0
face 0.43 252.0 671.0 268.0 693.0
face 0.43 765.0 664.0 782.0 684.0
face 0.42 487.0 591.0 498.0 604.0
face 0.42 819.0 194.0 836.0 214.0
face 0.42 332.0 661.0 349.0 682.0
face 0.42 561.0 102.0 586.0 135.0
face 0.42 855.0 223.0 871.0 242.0
face 0.42 301.0 674.0 317.0 694.0
face 0.41 972.0 614.0 986.0 631.0
face 0.41 351.0 689.0 368.0 709.0
face 0.40 827.0 286.0 841.0 303.0
face 0.40 850.0 395.0 865.0 414.0
face 0.39 316.0 692.0 329.0 708.0
face 0.39 840.0 443.0 865.0 473.0
face 0.38 868.0 261.0 883.0 279.0
face 0.38 785.0 209.0 801.0 230.0
face 0.38 717.0 719.0 729.0 732.0
face 0.37 859.0 752.0 875.0 768.0
face 0.37 779.0 681.0 796.0 702.0
face 0.37 754.0 724.0 770.0 744.0
face 0.37 800.0 598.0 821.0 624.0
face 0.37 828.0 322.0 844.0 341.0
face 0.37 838.0 202.0 853.0 220.0
face 0.36 545.0 167.0 604.0 249.0
face 0.36 287.0 659.0 311.0 686.0
face 0.36 351.0 717.0 366.0 734.0
face 0.36 727.0 700.0 738.0 713.0
face 0.36 708.0 685.0 722.0 701.0
face 0.36 838.0 294.0 849.0 307.0
face 0.36 733.0 685.0 745.0 699.0
face 0.35 820.0 660.0 834.0 680.0
face 0.35 725.0 705.0 742.0 725.0
face 0.35 814.0 287.0 827.0 304.0
face 0.35 709.0 412.0 722.0 430.0
face 0.35 539.0 733.0 555.0 752.0
face 0.35 726.0 716.0 738.0 730.0
face 0.35 910.0 447.0 922.0 462.0
face 0.35 440.0 699.0 454.0 716.0
face 0.35 835.0 228.0 848.0 245.0
