face 1.00 479.0 713.0 555.0 845.0
face 1.00 567.0 687.0 659.0 836.0
face 0.74 39.0 1067.0 164.0 1251.0
face 0.71 711.0 827.0 882.0 1052.0
face 0.59 813.0 1018.0 911.0 1192.0
face 0.43 338.0 42.0 488.0 163.0
face 0.43 672.0 37.0 817.0 160.0
face 0.40 357.0 824.0 386.0 859.0
face 0.40 76.0 983.0 158.0 1084.0
face 0.39 97.0 1140.0 116.0 1160.0
face 0.38 386.0 851.0 400.0 867.0
face 0.38 485.0 719.0 515.0 769.0
face 0.36 465.0 712.0 483.0 733.0
face 0.36 162.0 1035.0 176.0 1052.0
face 0.36 316.0 90.0 333.0 113.0
face 0.35 54.0 1038.0 65.0 1052.0
face 0.35 121.0 996.0 133.0 1011.0
