face 1.00 466.0 142.0 695.0 409.0
face 0.69 720.0 504.0 844.0 623.0
face 0.56 334.0 627.0 479.0 815.0
face 0.44 658.0 1308.0 674.0 1326.0
face 0.42 419.0 800.0 436.0 823.0
face 0.40 687.0 1277.0 702.0 1296.0
face 0.40 712.0 1231.0 723.0 1243.0
face 0.37 337.0 1099.0 528.0 1318.0
face 0.37 708.0 1346.0 722.0 1364.0
face 0.37 652.0 1265.0 666.0 1283.0
face 0.36 586.0 807.0 601.0 826.0
face 0.36 677.0 1331.0 692.0 1349.0
face 0.36 441.0 1216.0 472.0 1255.0
face 0.36 695.0 1251.0 708.0 1267.0
face 0.36 709.0 1324.0 722.0 1340.0
face 0.36 654.0 733.0 666.0 746.0
face 0.36 654.0 492.0 727.0 557.0
face 0.36 699.0 1196.0 712.0 1213.0
face 0.35 694.0 1240.0 705.0 1251.0
face 0.35 672.0 1325.0 685.0 1341.0
face 0.35 717.0 1333.0 728.0 1347.0
face 0.35 655.0 1315.0 667.0 1329.0
face 0.35 706.0 1372.0 719.0 1389.0
face 0.35 656.0 1304.0 667.0 1315.0
face 0.35 695.0 1221.0 705.0 1234.0
face 0.35 691.0 1365.0 704.0 1380.0
face 0.35 369.0 466.0 498.0 649.0
face 0.35 641.0 742.0 651.0 753.0
face 0.35 648.0 1333.0 659.0 1346.0
face 0.35 685.0 1221.0 697.0 1234.0
face 0.35 688.0 1246.0 698.0 1257.0
face 0.35 718.0 1247.0 729.0 1258.0
face 0.35 671.0 1278.0 682.0 1291.0
face 0.35 701.0 1220.0 713.0 1234.0
