face 0.98 87.0 442.0 115.0 477.0
face 0.89 440.0 571.0 461.0 599.0
face 0.65 213.0 650.0 231.0 670.0
face 0.62 365.0 158.0 377.0 173.0
face 0.62 350.0 243.0 365.0 261.0
face 0.53 168.0 252.0 181.0 268.0
face 0.52 289.0 555.0 316.0 584.0
face 0.47 887.0 411.0 926.0 471.0
face 0.47 861.0 20.0 876.0 39.0
face 0.46 145.0 258.0 165.0 282.0
face 0.45 206.0 251.0 234.0 285.0
face 0.43 169.0 150.0 191.0 177.0
face 0.43 890.0 523.0 904.0 540.0
face 0.42 911.0 516.0 923.0 530.0
face 0.41 159.0 562.0 173.0 579.0
face 0.41 989.0 161.0 1004.0 179.0
face 0.40 192.0 346.0 205.0 361.0
face 0.40 814.0 501.0 826.0 514.0
face 0.40 979.0 651.0 992.0 667.0
face 0.39 930.0 414.0 951.0 442.0
face 0.38 1013.0 549.0 1024.0 564.0
face 0.38 162.0 461.0 180.0 482.0
face 0.38 773.0 93.0 784.0 106.0
face 0.38 950.0 388.0 963.0 402.0
face 0.37 845.0 386.0 868.0 416.0
face 0.37 192.0 300.0 205.0 314.0
face 0.37 654.0 557.0 665.0 573.0
face 0.37 382.0 310.0 393.0 323.0
face 0.37 862.0 34.0 878.0 53.0
face 0.37 928.0 518.0 941.0 533.0
face 0.37 111.0 400.0 125.0 420.0
face 0.36 295.0 161.0 310.0 178.0
face 0.36 341.0 134.0 354.0 150.0
face 0.36 189.0 230.0 200.0 243.0
face 0.36 949.0 570.0 963.0 587.0
face 0.36 964.0 573.0 977.0 588.0
face 0.36 179.0 466.0 195.0 483.0
face 0.36 991.0 254.0 1002.0 267.0
face 0.36 943.0 572.0 955.0 587.0
face 0.36 865.0 386.0 889.0 417.0
face 0.36 918.0 309.0 929.0 322.0
face 0.36 151.0 212.0 162.0 226.0
face 0.36 663.0 551.0 674.0 564.0
face 0.36 172.0 365.0 185.0 380.0
face 0.36 157.0 235.0 168.0 249.0
face 0.36 981.0 347.0 994.0 363.0
face 0.36 926.0 631.0 937.0 644.0
face 0.36 1007.0 392.0 1018.0 405.0
face 0.36 902.0 613.0 914.0 627.0
face 0.36 919.0 606.0 929.0 618.0
face 0.36 942.0 580.0 954.0 595.0
face 0.36 869.0 76.0 886.0 97.0
face 0.36 976.0 543.0 987.0 555.0
face 0.36 943.0 590.0 953.0 601.0
face 0.36 989.0 356.0 1003.0 373.0
face 0.36 210.0 455.0 226.0 474.0
face 0.36 135.0 230.0 145.0 243.0
face 0.35 838.0 457.0 853.0 477.0
face 0.35 957.0 437.0 969.0 451.0
face 0.35 31.0 653.0 42.0 665.0
face 0.35 919.0 631.0 933.0 646.0
face 0.35 166.0 371.0 177.0 384.0
face 0.35 301.0 140.0 316.0 157.0
face 0.35 182.0 556.0 192.0 568.0
face 0.35 902.0 308.0 913.0 322.0
face 0.35 142.0 229.0 153.0 242.0
face 0.35 149.0 198.0 162.0 215.0
face 0.35 192.0 438.0 202.0 450.0
face 0.35 934.0 581.0 946.0 596.0
face 0.35 279.0 270.0 289.0 284.0
face 0.35 126.0 237.0 137.0 252.0
face 0.35 765.0 289.0 781.0 309.0
face 0.35 141.0 365.0 154.0 380.0
face 0.35 951.0 438.0 962.0 451.0
face 0.35 1006.0 462.0 1018.0 475.0
face 0.35 928.0 607.0 938.0 618.0
face 0.35 991.0 430.0 1002.0 442.0
face 0.35 150.0 256.0 162.0 269.0
face 0.35 957.0 374.0 968.0 387.0
face 0.35 983.0 556.0 995.0 570.0
face 0.35 951.0 357.0 961.0 369.0
face 0.35 129.0 191.0 139.0 204.0
face 0.35 173.0 228.0 186.0 243.0
face 0.35 974.0 548.0 985.0 561.0
face 0.35 200.0 430.0 210.0 442.0
face 0.35 984.0 444.0 995.0 458.0
face 0.35 350.0 141.0 362.0 155.0
face 0.35 194.0 372.0 212.0 391.0
face 0.35 335.0 149.0 347.0 163.0
