face 1.00 470.0 146.0 572.0 276.0
face 1.00 606.0 90.0 705.0 230.0
face 1.00 102.0 117.0 215.0 260.0
face 1.00 794.0 115.0 905.0 262.0
face 1.00 300.0 151.0 390.0 288.0
face 0.88 918.0 151.0 966.0 238.0
face 0.64 834.0 573.0 856.0 599.0
face 0.64 943.0 93.0 954.0 107.0
face 0.57 590.0 717.0 601.0 730.0
face 0.57 992.0 675.0 1005.0 692.0
face 0.56 806.0 529.0 821.0 546.0
face 0.55 424.0 723.0 433.0 736.0
face 0.55 495.0 709.0 508.0 724.0
face 0.48 431.0 660.0 443.0 675.0
face 0.46 1006.0 644.0 1024.0 675.0
face 0.45 613.0 660.0 627.0 676.0
face 0.44 854.0 533.0 866.0 549.0
face 0.44 495.0 725.0 505.0 737.0
face 0.43 925.0 190.0 937.0 205.0
face 0.42 471.0 687.0 482.0 701.0
face 0.42 213.0 706.0 229.0 728.0
face 0.42 873.0 366.0 886.0 382.0
face 0.41 541.0 645.0 551.0 657.0
face 0.39 572.0 720.0 586.0 738.0
face 0.39 456.0 664.0 466.0 676.0
face 0.39 531.0 318.0 544.0 334.0
face 0.38 398.0 723.0 408.0 738.0
face 0.37 798.0 3.0 813.0 21.0
face 0.37 727.0 99.0 740.0 114.0
face 0.37 779.0 698.0 794.0 715.0
face 0.37 627.0 620.0 642.0 639.0
face 0.37 181.0 387.0 212.0 426.0
face 0.36 926.0 382.0 935.0 394.0
face 0.36 992.0 100.0 1003.0 113.0
face 0.36 935.0 355.0 945.0 369.0
face 0.36 436.0 690.0 449.0 706.0
face 0.36 765.0 473.0 779.0 493.0
face 0.36 406.0 668.0 416.0 682.0
face 0.36 748.0 717.0 761.0 733.0
face 0.36 534.0 651.0 545.0 664.0
face 0.36 826.0 488.0 842.0 506.0
face 0.35 463.0 662.0 473.0 674.0
face 0.35 478.0 692.0 488.0 704.0
face 0.35 494.0 704.0 505.0 716.0
face 0.35 426.0 717.0 438.0 733.0
face 0.35 582.0 701.0 593.0 713.0
face 0.35 414.0 742.0 426.0 753.0
face 0.35 563.0 668.0 577.0 684.0
face 0.35 489.0 710.0 499.0 722.0
face 0.35 21.0 522.0 89.0 591.0
