face 1.00 340.0 42.0 404.0 130.0
face 1.00 487.0 73.0 543.0 148.0
face 1.00 861.0 46.0 929.0 137.0
face 1.00 108.0 77.0 176.0 156.0
face 1.00 642.0 78.0 704.0 159.0
face 1.00 958.0 19.0 992.0 61.0
face 0.98 646.0 324.0 658.0 340.0
face 0.80 1007.0 32.0 1025.0 61.0
face 0.70 931.0 77.0 947.0 98.0
face 0.69 652.0 -5.0 715.0 54.0
face 0.54 858.0 250.0 872.0 267.0
face 0.40 136.0 335.0 149.0 350.0
face 0.38 597.0 10.0 641.0 64.0
face 0.36 949.0 68.0 961.0 81.0
face 0.36 941.0 107.0 957.0 126.0
face 0.35 446.0 309.0 457.0 322.0
face 0.35 462.0 311.0 472.0 322.0
face 0.35 951.0 85.0 963.0 97.0
