face 1.00 747.0 125.0 823.0 219.0
face 1.00 395.0 172.0 457.0 256.0
face 1.00 121.0 159.0 183.0 242.0
face 1.00 260.0 170.0 320.0 249.0
face 1.00 475.0 168.0 543.0 253.0
face 1.00 569.0 154.0 642.0 238.0
face 0.85 221.0 434.0 234.0 449.0
face 0.76 942.0 538.0 956.0 555.0
face 0.71 25.0 534.0 38.0 549.0
face 0.68 949.0 478.0 960.0 490.0
face 0.63 991.0 231.0 1001.0 243.0
face 0.60 45.0 13.0 95.0 67.0
face 0.59 488.0 113.0 502.0 130.0
face 0.59 679.0 429.0 689.0 441.0
face 0.56 951.0 509.0 962.0 523.0
face 0.53 304.0 418.0 318.0 437.0
face 0.53 1011.0 307.0 1023.0 324.0
face 0.53 259.0 329.0 277.0 349.0
face 0.53 732.0 307.0 750.0 327.0
face 0.52 935.0 486.0 948.0 502.0
face 0.52 1004.0 211.0 1019.0 229.0
face 0.49 875.0 526.0 889.0 542.0
face 0.49 998.0 246.0 1007.0 257.0
face 0.48 954.0 217.0 977.0 246.0
face 0.47 334.0 389.0 345.0 401.0
face 0.43 637.0 170.0 651.0 190.0
face 0.42 706.0 400.0 721.0 417.0
face 0.42 533.0 179.0 557.0 212.0
face 0.42 265.0 464.0 274.0 476.0
face 0.41 426.0 425.0 443.0 445.0
face 0.41 919.0 63.0 930.0 79.0
face 0.41 1014.0 205.0 1025.0 220.0
face 0.40 739.0 102.0 760.0 129.0
face 0.40 980.0 246.0 991.0 261.0
face 0.39 991.0 262.0 1001.0 275.0
face 0.39 374.0 404.0 383.0 416.0
face 0.39 903.0 110.0 914.0 124.0
face 0.38 849.0 88.0 869.0 109.0
face 0.38 441.0 410.0 451.0 422.0
face 0.38 31.0 503.0 43.0 516.0
face 0.38 919.0 117.0 931.0 130.0
face 0.38 198.0 409.0 221.0 439.0
face 0.38 460.0 439.0 470.0 450.0
face 0.38 240.0 439.0 250.0 452.0
face 0.38 965.0 541.0 978.0 556.0
face 0.38 150.0 455.0 160.0 467.0
face 0.38 935.0 478.0 945.0 491.0
face 0.38 960.0 549.0 974.0 565.0
face 0.38 254.0 446.0 264.0 458.0
face 0.38 126.0 348.0 142.0 368.0
face 0.37 138.0 318.0 155.0 336.0
face 0.37 462.0 444.0 473.0 457.0
face 0.37 21.0 491.0 33.0 506.0
face 0.37 248.0 445.0 257.0 457.0
face 0.37 159.0 453.0 169.0 466.0
face 0.37 6.0 523.0 22.0 543.0
face 0.37 240.0 150.0 250.0 161.0
face 0.37 919.0 468.0 929.0 481.0
face 0.37 263.0 416.0 293.0 455.0
face 0.37 671.0 373.0 699.0 408.0
face 0.37 6.0 502.0 16.0 513.0
face 0.37 940.0 347.0 955.0 364.0
face 0.37 894.0 92.0 905.0 104.0
face 0.37 982.0 222.0 992.0 233.0
face 0.37 399.0 387.0 409.0 400.0
face 0.37 17.0 486.0 27.0 499.0
face 0.37 894.0 518.0 903.0 529.0
face 0.37 496.0 426.0 509.0 442.0
face 0.37 769.0 484.0 780.0 497.0
face 0.37 934.0 471.0 944.0 482.0
face 0.36 392.0 381.0 403.0 394.0
face 0.36 399.0 404.0 410.0 418.0
face 0.36 263.0 431.0 271.0 441.0
face 0.36 903.0 83.0 915.0 99.0
face 0.36 718.0 134.0 728.0 146.0
face 0.36 255.0 440.0 265.0 451.0
face 0.36 997.0 240.0 1006.0 251.0
face 0.36 359.0 423.0 368.0 435.0
face 0.36 688.0 414.0 697.0 425.0
face 0.36 142.0 453.0 156.0 469.0
face 0.36 894.0 532.0 906.0 547.0
face 0.36 701.0 425.0 712.0 438.0
face 0.36 959.0 542.0 971.0 555.0
face 0.36 25.0 503.0 34.0 514.0
face 0.36 950.0 536.0 960.0 549.0
face 0.36 1014.0 237.0 1023.0 251.0
face 0.36 926.0 525.0 937.0 539.0
face 0.36 572.0 118.0 584.0 133.0
face 0.36 308.0 85.0 323.0 104.0
face 0.36 961.0 557.0 971.0 570.0
face 0.36 158.0 458.0 172.0 474.0
face 0.36 887.0 101.0 897.0 113.0
face 0.36 941.0 526.0 955.0 543.0
face 0.36 31.0 499.0 53.0 523.0
face 0.36 685.0 431.0 695.0 442.0
face 0.36 887.0 534.0 897.0 546.0
face 0.36 912.0 504.0 921.0 515.0
face 0.36 887.0 540.0 898.0 554.0
face 0.36 31.0 495.0 42.0 507.0
face 0.36 975.0 221.0 987.0 236.0
face 0.36 334.0 140.0 345.0 153.0
face 0.36 685.0 422.0 696.0 435.0
face 0.36 974.0 534.0 986.0 549.0
face 0.36 672.0 423.0 682.0 435.0
face 0.36 463.0 452.0 476.0 468.0
face 0.36 360.0 133.0 370.0 145.0
face 0.36 943.0 520.0 954.0 532.0
face 0.36 846.0 75.0 857.0 88.0
face 0.36 903.0 93.0 914.0 105.0
face 0.36 947.0 493.0 961.0 510.0
face 0.36 887.0 527.0 897.0 539.0
face 0.36 369.0 400.0 378.0 410.0
face 0.36 239.0 432.0 249.0 443.0
face 0.36 695.0 414.0 705.0 425.0
face 0.36 695.0 439.0 706.0 452.0
face 0.36 149.0 468.0 162.0 483.0
face 0.36 271.0 445.0 282.0 458.0
face 0.36 902.0 526.0 912.0 539.0
face 0.36 257.0 415.0 266.0 426.0
face 0.36 697.0 430.0 707.0 441.0
face 0.36 352.0 399.0 361.0 410.0
face 0.36 1000.0 207.0 1010.0 219.0
face 0.36 359.0 406.0 368.0 417.0
face 0.36 384.0 390.0 393.0 402.0
face 0.36 57.0 501.0 67.0 514.0
face 0.36 571.0 214.0 583.0 230.0
face 0.36 238.0 133.0 248.0 144.0
face 0.36 662.0 438.0 672.0 449.0
face 0.36 47.0 510.0 58.0 524.0
face 0.36 359.0 399.0 369.0 410.0
face 0.36 1.0 499.0 11.0 513.0
face 0.36 687.0 437.0 698.0 450.0
face 0.35 367.0 383.0 377.0 394.0
face 0.35 231.0 431.0 240.0 442.0
face 0.35 894.0 501.0 904.0 513.0
face 0.35 456.0 431.0 467.0 444.0
face 0.35 867.0 87.0 881.0 104.0
face 0.35 685.0 406.0 698.0 420.0
face 0.35 958.0 517.0 969.0 529.0
face 0.35 264.0 446.0 273.0 457.0
face 0.35 1008.0 254.0 1018.0 266.0
face 0.35 963.0 490.0 978.0 507.0
face 0.35 342.0 407.0 353.0 419.0
face 0.35 38.0 485.0 50.0 498.0
face 0.35 959.0 534.0 969.0 547.0
face 0.35 262.0 413.0 273.0 425.0
face 0.35 999.0 524.0 1012.0 540.0
face 0.35 376.0 421.0 385.0 434.0
face 0.35 1001.0 219.0 1010.0 232.0
face 0.35 941.0 498.0 953.0 513.0
face 0.35 8.0 487.0 18.0 498.0
face 0.35 896.0 526.0 906.0 539.0
face 0.35 990.0 225.0 1000.0 236.0
face 0.35 272.0 126.0 281.0 138.0
face 0.35 255.0 421.0 266.0 434.0
face 0.35 1014.0 230.0 1024.0 244.0
face 0.35 352.0 392.0 361.0 402.0
face 0.35 851.0 68.0 863.0 82.0
face 0.35 878.0 520.0 889.0 533.0
face 0.35 367.0 391.0 376.0 401.0
face 0.35 1008.0 246.0 1018.0 258.0
face 0.35 328.0 142.0 338.0 154.0
face 0.35 478.0 438.0 487.0 449.0
face 0.35 703.0 414.0 713.0 425.0
face 0.35 303.0 413.0 315.0 427.0
face 0.35 950.0 526.0 961.0 538.0
face 0.35 983.0 239.0 992.0 251.0
face 0.35 166.0 462.0 177.0 474.0
face 0.35 925.0 468.0 937.0 483.0
face 0.35 888.0 96.0 898.0 108.0
face 0.35 657.0 126.0 667.0 138.0
face 0.35 1006.0 277.0 1016.0 289.0
face 0.35 64.0 487.0 73.0 498.0
face 0.35 29.0 487.0 41.0 500.0
face 0.35 773.0 439.0 784.0 452.0
face 0.35 336.0 406.0 346.0 419.0
face 0.35 61.0 509.0 72.0 522.0
face 0.35 893.0 493.0 904.0 507.0
face 0.35 568.0 111.0 578.0 123.0
face 0.35 928.0 495.0 939.0 507.0
face 0.35 479.0 422.0 489.0 433.0
face 0.35 686.0 445.0 698.0 458.0
face 0.35 958.0 526.0 968.0 538.0
face 0.35 920.0 527.0 931.0 540.0
face 0.35 910.0 476.0 921.0 490.0
face 0.35 470.0 448.0 480.0 459.0
face 0.35 392.0 407.0 403.0 420.0
face 0.35 744.0 228.0 757.0 244.0
face 0.35 311.0 148.0 322.0 161.0
face 0.35 997.0 231.0 1007.0 242.0
face 0.35 935.0 71.0 946.0 83.0
face 0.35 911.0 470.0 922.0 482.0
face 0.35 1015.0 286.0 1024.0 299.0
face 0.35 375.0 413.0 385.0 426.0
