face 1.00 415.0 273.0 460.0 330.0
face 1.00 784.0 296.0 832.0 358.0
face 1.00 625.0 288.0 673.0 347.0
face 1.00 206.0 271.0 247.0 326.0
face 1.00 866.0 244.0 922.0 312.0
face 1.00 86.0 277.0 132.0 341.0
face 1.00 336.0 317.0 377.0 369.0
face 1.00 263.0 341.0 304.0 390.0
face 1.00 526.0 288.0 574.0 344.0
face 1.00 296.0 295.0 318.0 319.0
face 0.73 261.0 285.0 284.0 311.0
face 0.52 995.0 294.0 1009.0 311.0
face 0.49 611.0 423.0 629.0 443.0
face 0.39 797.0 478.0 809.0 492.0
face 0.38 277.0 274.0 292.0 292.0
face 0.37 46.0 386.0 62.0 405.0
face 0.36 236.0 409.0 253.0 430.0
face 0.36 40.0 339.0 53.0 356.0
face 0.36 325.0 291.0 340.0 309.0
face 0.35 251.0 324.0 267.0 341.0
face 0.35 1004.0 291.0 1018.0 308.0
