face 1.00 315.0 209.0 403.0 303.0
face 0.54 69.0 119.0 153.0 221.0
face 0.44 318.0 442.0 331.0 457.0
face 0.42 344.0 452.0 357.0 466.0
face 0.41 35.0 447.0 79.0 512.0
face 0.41 939.0 536.0 979.0 597.0
face 0.37 336.0 444.0 346.0 457.0
face 0.36 383.0 463.0 393.0 475.0
face 0.36 303.0 445.0 314.0 458.0
face 0.36 318.0 433.0 329.0 444.0
face 0.36 357.0 451.0 375.0 469.0
face 0.36 311.0 437.0 321.0 449.0
face 0.35 323.0 438.0 335.0 452.0
face 0.35 415.0 571.0 428.0 586.0
face 0.35 312.0 454.0 322.0 466.0
face 0.35 311.0 446.0 322.0 458.0
face 0.35 326.0 446.0 336.0 457.0
face 0.35 327.0 454.0 337.0 465.0
face 0.35 389.0 463.0 399.0 474.0
