face 1.00 485.0 796.0 652.0 1015.0
face 0.64 790.0 1106.0 863.0 1187.0
face 0.63 480.0 1831.0 515.0 1884.0
face 0.60 553.0 1159.0 747.0 1374.0
face 0.53 307.0 2061.0 516.0 2266.0
face 0.50 721.0 575.0 745.0 603.0
face 0.47 54.0 1559.0 293.0 1827.0
face 0.44 129.0 1015.0 155.0 1046.0
face 0.40 806.0 803.0 902.0 931.0
face 0.38 250.0 1330.0 353.0 1471.0
face 0.37 821.0 836.0 848.0 868.0
face 0.36 941.0 1164.0 956.0 1183.0
face 0.36 513.0 232.0 530.0 253.0
face 0.35 485.0 57.0 608.0 174.0
face 0.35 623.0 955.0 706.0 1047.0
