face 1.00 756.0 460.0 848.0 584.0
face 1.00 475.0 392.0 554.0 498.0
face 1.00 596.0 404.0 686.0 524.0
face 1.00 399.0 323.0 486.0 429.0
face 1.00 162.0 176.0 232.0 263.0
face 1.00 239.0 194.0 308.0 283.0
face 1.00 551.0 92.0 655.0 193.0
face 0.96 311.0 213.0 386.0 305.0
face 0.80 328.0 492.0 369.0 551.0
face 0.62 373.0 296.0 433.0 378.0
face 0.55 139.0 850.0 329.0 1091.0
face 0.44 725.0 243.0 756.0 282.0
face 0.42 719.0 641.0 905.0 885.0
face 0.39 233.0 529.0 315.0 633.0
face 0.38 798.0 277.0 812.0 293.0
face 0.37 378.0 732.0 585.0 957.0
face 0.37 784.0 270.0 824.0 310.0
