face 1.00 445.0 298.0 591.0 475.0
face 0.45 805.0 349.0 816.0 363.0
face 0.41 143.0 225.0 218.0 321.0
face 0.40 622.0 1348.0 637.0 1361.0
face 0.40 482.0 378.0 551.0 449.0
face 0.39 85.0 225.0 264.0 439.0
face 0.37 685.0 257.0 698.0 274.0
face 0.37 361.0 896.0 581.0 1137.0
face 0.36 702.0 230.0 713.0 244.0
face 0.36 639.0 397.0 650.0 411.0
face 0.36 687.0 478.0 696.0 489.0
face 0.35 874.0 413.0 888.0 429.0
face 0.35 606.0 399.0 617.0 412.0
face 0.35 879.0 399.0 888.0 409.0
face 0.35 72.0 245.0 82.0 256.0
face 0.35 844.0 173.0 857.0 189.0
face 0.35 823.0 229.0 833.0 241.0
face 0.35 815.0 1044.0 825.0 1057.0
face 0.35 719.0 215.0 729.0 226.0
