face 0.79 364.0 224.0 599.0 505.0
face 0.52 315.0 523.0 328.0 541.0
face 0.51 399.0 467.0 435.0 508.0
face 0.49 669.0 367.0 686.0 388.0
face 0.47 778.0 486.0 806.0 521.0
face 0.46 868.0 461.0 886.0 483.0
face 0.45 683.0 313.0 708.0 343.0
face 0.45 515.0 180.0 529.0 198.0
face 0.42 526.0 471.0 537.0 484.0
face 0.41 693.0 354.0 705.0 370.0
face 0.40 511.0 486.0 522.0 500.0
face 0.38 471.0 426.0 484.0 441.0
face 0.37 687.0 381.0 701.0 399.0
face 0.37 486.0 422.0 498.0 438.0
face 0.37 472.0 206.0 485.0 222.0
face 0.37 526.0 237.0 536.0 249.0
face 0.36 647.0 435.0 658.0 448.0
face 0.36 445.0 428.0 458.0 443.0
face 0.36 879.0 517.0 892.0 532.0
face 0.35 508.0 505.0 522.0 522.0
face 0.35 383.0 477.0 394.0 490.0
face 0.35 851.0 460.0 867.0 477.0
face 0.35 338.0 549.0 355.0 568.0
face 0.35 982.0 524.0 992.0 537.0
face 0.35 878.0 508.0 889.0 522.0
