face 0.98 413.0 69.0 520.0 264.0
face 0.72 951.0 115.0 968.0 138.0
face 0.50 142.0 52.0 153.0 67.0
face 0.49 956.0 211.0 972.0 230.0
face 0.43 114.0 267.0 143.0 299.0
face 0.42 517.0 204.0 534.0 225.0
face 0.42 542.0 535.0 568.0 565.0
face 0.42 230.0 176.0 257.0 215.0
face 0.41 907.0 79.0 921.0 97.0
face 0.40 100.0 57.0 113.0 74.0
face 0.39 28.0 194.0 40.0 209.0
face 0.37 346.0 546.0 413.0 615.0
face 0.37 486.0 173.0 515.0 210.0
face 0.37 228.0 107.0 242.0 122.0
face 0.36 846.0 667.0 857.0 680.0
face 0.36 837.0 89.0 850.0 106.0
face 0.36 125.0 83.0 138.0 101.0
face 0.36 850.0 710.0 862.0 725.0
face 0.36 903.0 684.0 916.0 700.0
face 0.36 953.0 212.0 963.0 225.0
face 0.36 967.0 101.0 980.0 115.0
face 0.36 271.0 156.0 285.0 173.0
face 0.36 84.0 118.0 97.0 135.0
face 0.36 836.0 106.0 850.0 125.0
face 0.35 298.0 131.0 312.0 149.0
face 0.35 902.0 69.0 912.0 81.0
face 0.35 207.0 117.0 218.0 128.0
face 0.35 135.0 38.0 145.0 49.0
face 0.35 847.0 653.0 857.0 666.0
face 0.35 895.0 87.0 905.0 100.0
face 0.35 132.0 130.0 145.0 147.0
