face 0.59 266.0 378.0 329.0 432.0
face 0.44 832.0 413.0 842.0 426.0
face 0.42 564.0 226.0 636.0 311.0
face 0.40 100.0 390.0 112.0 403.0
face 0.40 547.0 260.0 587.0 309.0
face 0.40 150.0 437.0 163.0 454.0
face 0.39 167.0 400.0 176.0 410.0
face 0.38 746.0 437.0 757.0 450.0
face 0.37 161.0 346.0 276.0 449.0
face 0.36 822.0 428.0 834.0 442.0
face 0.36 166.0 424.0 179.0 438.0
face 0.35 147.0 413.0 159.0 427.0
face 0.35 228.0 435.0 244.0 453.0
face 0.35 144.0 420.0 154.0 433.0
face 0.35 150.0 432.0 161.0 445.0
