face 1.00 235.0 82.0 264.0 119.0
face 1.00 586.0 108.0 613.0 143.0
face 1.00 754.0 82.0 781.0 117.0
face 1.00 840.0 111.0 870.0 148.0
face 1.00 293.0 99.0 323.0 138.0
face 1.00 566.0 75.0 591.0 109.0
face 1.00 707.0 76.0 728.0 104.0
face 1.00 392.0 146.0 417.0 177.0
face 1.00 418.0 95.0 442.0 128.0
face 1.00 192.0 104.0 226.0 148.0
face 1.00 497.0 79.0 526.0 120.0
face 1.00 331.0 114.0 356.0 145.0
face 0.96 651.0 80.0 677.0 112.0
face 0.51 135.0 93.0 149.0 110.0
face 0.49 538.0 236.0 552.0 253.0
face 0.42 300.0 91.0 319.0 114.0
face 0.38 465.0 238.0 480.0 257.0
face 0.38 706.0 272.0 732.0 305.0
face 0.38 659.0 293.0 682.0 326.0
face 0.37 153.0 132.0 167.0 148.0
face 0.37 691.0 241.0 707.0 260.0
face 0.36 672.0 372.0 682.0 384.0
face 0.36 435.0 212.0 450.0 231.0
face 0.36 628.0 262.0 640.0 276.0
face 0.36 278.0 111.0 290.0 126.0
face 0.35 271.0 115.0 285.0 130.0
face 0.35 14.0 111.0 25.0 122.0
face 0.35 616.0 134.0 627.0 148.0
face 0.35 861.0 100.0 874.0 117.0
