face 0.96 605.0 84.0 631.0 116.0
face 0.68 248.0 12.0 271.0 39.0
face 0.53 378.0 450.0 471.0 574.0
face 0.49 651.0 99.0 673.0 125.0
face 0.48 403.0 29.0 420.0 49.0
face 0.48 177.0 177.0 200.0 204.0
face 0.45 692.0 203.0 713.0 233.0
face 0.45 123.0 121.0 139.0 141.0
face 0.41 408.0 5.0 429.0 28.0
face 0.41 373.0 25.0 389.0 44.0
face 0.40 645.0 668.0 661.0 682.0
face 0.39 265.0 394.0 283.0 415.0
face 0.38 358.0 28.0 371.0 44.0
face 0.37 708.0 626.0 724.0 644.0
face 0.36 123.0 0.0 139.0 14.0
face 0.36 837.0 625.0 855.0 645.0
face 0.36 843.0 304.0 863.0 333.0
face 0.36 342.0 29.0 352.0 41.0
face 0.36 94.0 116.0 106.0 130.0
face 0.35 844.0 449.0 859.0 468.0
face 0.35 389.0 17.0 402.0 34.0
face 0.35 343.0 14.0 353.0 26.0
