face 1.00 818.0 255.0 851.0 297.0
face 0.86 168.0 203.0 191.0 230.0
face 0.67 202.0 178.0 241.0 227.0
face 0.66 805.0 377.0 823.0 401.0
face 0.58 166.0 290.0 198.0 324.0
face 0.50 200.0 250.0 228.0 282.0
face 0.47 733.0 562.0 745.0 579.0
face 0.44 322.0 24.0 368.0 88.0
face 0.43 181.0 12.0 249.0 84.0
face 0.43 877.0 406.0 909.0 443.0
face 0.43 621.0 159.0 669.0 217.0
face 0.42 779.0 452.0 795.0 470.0
face 0.40 562.0 544.0 585.0 570.0
face 0.40 130.0 292.0 144.0 311.0
face 0.39 781.0 424.0 797.0 444.0
face 0.39 273.0 476.0 319.0 527.0
face 0.38 687.0 180.0 710.0 213.0
face 0.38 127.0 211.0 142.0 231.0
face 0.37 929.0 293.0 1022.0 401.0
face 0.37 932.0 173.0 946.0 190.0
face 0.36 971.0 370.0 989.0 390.0
face 0.36 778.0 8.0 793.0 27.0
face 0.35 673.0 546.0 689.0 566.0
face 0.35 949.0 362.0 978.0 394.0
face 0.35 678.0 590.0 690.0 603.0
face 0.35 130.0 253.0 144.0 270.0
