face 1.00 597.0 5.0 780.0 238.0
face 0.67 914.0 423.0 956.0 468.0
face 0.60 163.0 691.0 179.0 708.0
face 0.53 57.0 496.0 83.0 527.0
face 0.50 376.0 614.0 386.0 626.0
face 0.49 542.0 534.0 560.0 556.0
face 0.48 750.0 643.0 792.0 698.0
face 0.43 627.0 757.0 643.0 775.0
face 0.41 756.0 401.0 771.0 419.0
face 0.40 942.0 445.0 957.0 461.0
face 0.39 596.0 344.0 631.0 378.0
face 0.39 667.0 611.0 774.0 745.0
face 0.39 436.0 604.0 453.0 625.0
face 0.38 699.0 724.0 717.0 744.0
face 0.37 721.0 746.0 735.0 764.0
face 0.37 445.0 634.0 457.0 648.0
face 0.37 935.0 444.0 946.0 457.0
face 0.37 596.0 703.0 644.0 765.0
face 0.36 520.0 205.0 532.0 218.0
face 0.36 384.0 629.0 394.0 641.0
face 0.36 639.0 388.0 668.0 425.0
face 0.36 503.0 350.0 517.0 367.0
face 0.36 547.0 314.0 634.0 423.0
face 0.36 949.0 450.0 961.0 463.0
face 0.36 151.0 723.0 161.0 736.0
face 0.35 182.0 719.0 192.0 731.0
face 0.35 423.0 636.0 433.0 648.0
face 0.35 607.0 490.0 619.0 505.0
face 0.35 222.0 725.0 232.0 737.0
face 0.35 444.0 651.0 462.0 670.0
face 0.35 60.0 710.0 77.0 730.0
