face 1.00 399.0 423.0 420.0 449.0
face 0.99 208.0 470.0 236.0 503.0
face 0.99 350.0 459.0 377.0 490.0
face 0.99 220.0 431.0 247.0 464.0
face 0.89 63.0 270.0 85.0 296.0
face 0.65 344.0 277.0 368.0 306.0
face 0.64 655.0 438.0 683.0 470.0
face 0.60 654.0 470.0 665.0 485.0
face 0.50 404.0 228.0 417.0 244.0
face 0.43 293.0 247.0 337.0 294.0
face 0.42 139.0 494.0 156.0 514.0
face 0.40 64.0 556.0 74.0 570.0
face 0.40 950.0 283.0 964.0 301.0
face 0.39 365.0 530.0 381.0 550.0
face 0.38 300.0 308.0 316.0 327.0
face 0.37 639.0 460.0 651.0 474.0
face 0.37 390.0 474.0 404.0 492.0
face 0.37 671.0 447.0 682.0 460.0
face 0.36 183.0 468.0 197.0 486.0
face 0.36 640.0 478.0 650.0 491.0
face 0.35 434.0 475.0 447.0 494.0
face 0.35 628.0 485.0 640.0 500.0
