face 1.00 895.0 484.0 1023.0 685.0
face 1.00 684.0 269.0 707.0 298.0
face 1.00 273.0 307.0 343.0 405.0
face 1.00 791.0 273.0 830.0 322.0
face 1.00 925.0 249.0 946.0 276.0
face 1.00 885.0 321.0 942.0 394.0
face 1.00 611.0 306.0 637.0 339.0
face 1.00 845.0 233.0 861.0 253.0
face 1.00 573.0 246.0 591.0 268.0
face 1.00 178.0 280.0 202.0 308.0
face 0.99 372.0 279.0 404.0 324.0
face 0.99 959.0 263.0 974.0 281.0
face 0.98 724.0 263.0 743.0 286.0
face 0.98 748.0 246.0 763.0 263.0
face 0.91 376.0 263.0 399.0 290.0
face 0.85 877.0 262.0 892.0 279.0
face 0.85 762.0 273.0 788.0 310.0
face 0.80 1005.0 268.0 1021.0 289.0
face 0.56 909.0 283.0 925.0 301.0
face 0.47 990.0 261.0 1001.0 275.0
face 0.39 526.0 353.0 540.0 372.0
face 0.36 984.0 263.0 996.0 277.0
face 0.36 772.0 270.0 788.0 290.0
face 0.35 253.0 562.0 269.0 582.0
