face 1.00 494.0 68.0 536.0 121.0
face 1.00 788.0 197.0 835.0 255.0
face 1.00 128.0 202.0 174.0 259.0
face 1.00 700.0 297.0 748.0 357.0
face 1.00 519.0 313.0 566.0 373.0
face 1.00 370.0 197.0 414.0 253.0
face 1.00 249.0 308.0 298.0 366.0
face 1.00 616.0 201.0 662.0 253.0
face 0.80 341.0 181.0 381.0 231.0
face 0.53 667.0 413.0 701.0 465.0
face 0.50 606.0 190.0 631.0 219.0
face 0.49 492.0 198.0 522.0 233.0
face 0.41 521.0 227.0 534.0 244.0
face 0.39 467.0 196.0 482.0 216.0
face 0.38 872.0 96.0 886.0 116.0
face 0.37 470.0 453.0 481.0 469.0
face 0.36 686.0 571.0 700.0 588.0
face 0.35 433.0 245.0 445.0 260.0
