face 0.97 507.0 591.0 527.0 615.0
face 0.73 276.0 335.0 371.0 446.0
face 0.54 611.0 361.0 628.0 381.0
face 0.50 534.0 445.0 555.0 474.0
face 0.44 496.0 43.0 509.0 60.0
face 0.42 311.0 85.0 327.0 102.0
face 0.42 84.0 686.0 104.0 709.0
face 0.40 838.0 649.0 854.0 669.0
face 0.37 374.0 156.0 422.0 208.0
face 0.36 323.0 290.0 339.0 309.0
face 0.36 494.0 364.0 510.0 383.0
face 0.36 156.0 434.0 171.0 452.0
face 0.36 214.0 236.0 228.0 253.0
face 0.36 919.0 603.0 934.0 623.0
face 0.36 439.0 132.0 454.0 151.0
face 0.35 474.0 9.0 490.0 28.0
face 0.35 332.0 269.0 345.0 285.0
