face 0.93 478.0 179.0 555.0 270.0
face 0.93 387.0 622.0 403.0 641.0
face 0.78 422.0 560.0 433.0 574.0
face 0.68 321.0 637.0 342.0 664.0
face 0.67 835.0 524.0 851.0 546.0
face 0.63 374.0 541.0 390.0 560.0
face 0.63 193.0 553.0 209.0 572.0
face 0.61 96.0 662.0 109.0 678.0
face 0.60 7.0 635.0 18.0 649.0
face 0.57 154.0 645.0 182.0 680.0
face 0.51 28.0 550.0 40.0 567.0
face 0.51 451.0 620.0 468.0 641.0
face 0.50 582.0 609.0 597.0 627.0
face 0.49 418.0 595.0 430.0 610.0
face 0.48 851.0 508.0 888.0 547.0
face 0.46 303.0 675.0 317.0 692.0
face 0.43 963.0 660.0 984.0 689.0
face 0.42 1.0 570.0 14.0 589.0
face 0.41 157.0 638.0 174.0 662.0
face 0.40 804.0 267.0 943.0 432.0
face 0.39 411.0 538.0 426.0 556.0
face 0.39 617.0 628.0 643.0 657.0
face 0.39 411.0 629.0 424.0 644.0
face 0.39 77.0 486.0 87.0 499.0
face 0.39 94.0 582.0 103.0 593.0
face 0.38 72.0 592.0 82.0 604.0
face 0.37 55.0 589.0 66.0 602.0
face 0.37 10.0 623.0 27.0 644.0
face 0.37 765.0 530.0 779.0 548.0
face 0.37 581.0 621.0 593.0 635.0
face 0.37 852.0 506.0 866.0 523.0
face 0.37 872.0 514.0 888.0 535.0
face 0.37 71.0 573.0 81.0 584.0
face 0.37 6.0 604.0 17.0 618.0
face 0.37 24.0 574.0 34.0 586.0
face 0.37 38.0 584.0 47.0 595.0
face 0.37 79.0 575.0 89.0 585.0
face 0.37 670.0 442.0 686.0 458.0
face 0.37 403.0 641.0 425.0 668.0
face 0.37 12.0 596.0 27.0 614.0
face 0.37 909.0 533.0 924.0 549.0
face 0.36 127.0 523.0 140.0 540.0
face 0.36 465.0 575.0 504.0 622.0
face 0.36 87.0 575.0 96.0 586.0
face 0.36 102.0 572.0 117.0 587.0
face 0.36 22.0 597.0 32.0 609.0
face 0.36 78.0 582.0 88.0 594.0
face 0.36 159.0 630.0 170.0 643.0
face 0.36 62.0 589.0 72.0 601.0
face 0.36 415.0 624.0 425.0 635.0
face 0.36 278.0 670.0 288.0 683.0
face 0.36 96.0 576.0 104.0 588.0
face 0.36 38.0 589.0 47.0 601.0
face 0.36 992.0 544.0 1006.0 562.0
face 0.36 89.0 590.0 99.0 601.0
face 0.36 336.0 653.0 346.0 666.0
face 0.36 77.0 590.0 87.0 601.0
face 0.36 853.0 521.0 869.0 542.0
face 0.36 30.0 565.0 40.0 578.0
face 0.36 102.0 583.0 112.0 593.0
face 0.36 503.0 662.0 512.0 674.0
face 0.36 414.0 647.0 425.0 661.0
face 0.36 325.0 662.0 335.0 674.0
face 0.36 537.0 667.0 556.0 688.0
face 0.36 472.0 622.0 481.0 634.0
face 0.36 113.0 583.0 124.0 595.0
face 0.36 534.0 620.0 544.0 632.0
face 0.35 397.0 524.0 411.0 540.0
face 0.35 852.0 662.0 864.0 678.0
face 0.35 340.0 659.0 352.0 674.0
face 0.35 135.0 531.0 147.0 545.0
face 0.35 543.0 598.0 552.0 610.0
face 0.35 462.0 613.0 474.0 628.0
face 0.35 48.0 568.0 57.0 578.0
face 0.35 95.0 588.0 105.0 600.0
face 0.35 406.0 495.0 417.0 508.0
face 0.35 507.0 597.0 522.0 616.0
face 0.35 517.0 660.0 531.0 678.0
face 0.35 14.0 591.0 25.0 603.0
face 0.35 600.0 636.0 612.0 651.0
face 0.35 8.0 590.0 19.0 603.0
face 0.35 49.0 573.0 59.0 584.0
face 0.35 333.0 645.0 345.0 659.0
face 0.35 112.0 568.0 121.0 579.0
face 0.35 502.0 686.0 514.0 697.0
face 0.35 31.0 590.0 44.0 604.0
face 0.35 408.0 533.0 419.0 547.0
face 0.35 480.0 616.0 490.0 627.0
face 0.35 95.0 558.0 104.0 568.0
