face 0.95 813.0 734.0 851.0 768.0
face 0.87 421.0 140.0 506.0 223.0
face 0.85 948.0 719.0 962.0 735.0
face 0.65 312.0 198.0 325.0 214.0
face 0.54 334.0 717.0 346.0 732.0
face 0.54 925.0 714.0 937.0 729.0
face 0.52 384.0 710.0 395.0 722.0
face 0.50 680.0 739.0 694.0 756.0
face 0.43 688.0 708.0 700.0 723.0
face 0.41 516.0 756.0 530.0 769.0
face 0.41 520.0 731.0 532.0 746.0
face 0.41 613.0 730.0 629.0 749.0
face 0.41 365.0 716.0 379.0 733.0
face 0.41 220.0 731.0 233.0 747.0
face 0.40 701.0 722.0 715.0 739.0
face 0.38 979.0 734.0 992.0 750.0
face 0.38 552.0 724.0 564.0 738.0
face 0.38 182.0 725.0 197.0 740.0
face 0.38 191.0 718.0 201.0 731.0
face 0.38 40.0 719.0 54.0 734.0
face 0.37 632.0 710.0 642.0 722.0
face 0.37 350.0 726.0 361.0 738.0
face 0.37 360.0 717.0 370.0 731.0
face 0.37 622.0 728.0 633.0 741.0
face 0.37 389.0 727.0 405.0 744.0
face 0.36 374.0 718.0 385.0 731.0
face 0.36 654.0 710.0 665.0 724.0
face 0.36 206.0 726.0 217.0 739.0
face 0.36 526.0 728.0 536.0 740.0
face 0.36 311.0 732.0 322.0 747.0
face 0.36 879.0 725.0 888.0 737.0
face 0.36 609.0 727.0 621.0 742.0
face 0.36 513.0 727.0 522.0 737.0
face 0.36 375.0 710.0 386.0 722.0
face 0.36 663.0 726.0 673.0 739.0
face 0.36 272.0 716.0 284.0 731.0
face 0.36 902.0 719.0 913.0 731.0
face 0.36 973.0 727.0 984.0 740.0
face 0.36 375.0 726.0 385.0 738.0
face 0.36 910.0 724.0 921.0 738.0
face 0.36 342.0 718.0 352.0 731.0
face 0.36 934.0 711.0 944.0 724.0
face 0.36 617.0 155.0 643.0 188.0
face 0.36 590.0 718.0 600.0 729.0
face 0.36 606.0 710.0 616.0 721.0
face 0.36 591.0 725.0 602.0 737.0
face 0.35 319.0 718.0 329.0 730.0
face 0.35 598.0 726.0 608.0 737.0
face 0.35 475.0 711.0 491.0 728.0
face 0.35 921.0 718.0 932.0 732.0
face 0.35 183.0 718.0 195.0 732.0
face 0.35 687.0 726.0 697.0 738.0
face 0.35 383.0 732.0 394.0 745.0
face 0.35 406.0 724.0 416.0 738.0
face 0.35 840.0 701.0 852.0 716.0
face 0.35 511.0 734.0 521.0 745.0
face 0.35 615.0 720.0 624.0 731.0
face 0.35 535.0 727.0 545.0 738.0
face 0.35 631.0 171.0 643.0 185.0
face 0.35 909.0 706.0 921.0 722.0
face 0.35 0.0 726.0 10.0 740.0
face 0.35 344.0 725.0 355.0 737.0
face 0.35 927.0 705.0 937.0 717.0
face 0.35 518.0 720.0 528.0 732.0
face 0.35 776.0 711.0 785.0 723.0
face 0.35 574.0 734.0 586.0 749.0
face 0.35 984.0 757.0 996.0 768.0
face 0.35 85.0 735.0 95.0 746.0
face 0.35 512.0 718.0 522.0 730.0
face 0.35 510.0 709.0 520.0 720.0
face 0.35 574.0 727.0 585.0 739.0
face 0.35 941.0 695.0 951.0 707.0
