face 1.00 757.0 298.0 1007.0 564.0
face 1.00 406.0 597.0 480.0 676.0
face 0.87 140.0 397.0 338.0 649.0
face 0.81 479.0 1334.0 517.0 1385.0
face 0.75 79.0 32.0 232.0 177.0
face 0.72 418.0 1407.0 437.0 1425.0
face 0.58 547.0 803.0 559.0 820.0
face 0.54 691.0 808.0 895.0 997.0
face 0.49 94.0 1355.0 107.0 1373.0
face 0.48 406.0 907.0 456.0 965.0
face 0.48 798.0 569.0 825.0 603.0
face 0.46 643.0 1086.0 659.0 1106.0
face 0.45 449.0 808.0 466.0 829.0
face 0.45 536.0 556.0 550.0 574.0
face 0.44 642.0 705.0 674.0 742.0
face 0.43 424.0 723.0 450.0 758.0
face 0.43 61.0 1391.0 76.0 1408.0
face 0.41 111.0 1347.0 125.0 1365.0
face 0.41 55.0 1404.0 71.0 1421.0
face 0.39 207.0 1405.0 221.0 1422.0
face 0.39 820.0 844.0 838.0 864.0
face 0.39 94.0 1375.0 113.0 1402.0
face 0.38 411.0 783.0 440.0 817.0
face 0.38 645.0 551.0 656.0 564.0
face 0.37 582.0 789.0 597.0 807.0
face 0.37 37.0 1400.0 54.0 1419.0
face 0.37 567.0 813.0 578.0 826.0
face 0.36 332.0 1333.0 347.0 1352.0
face 0.36 446.0 1411.0 461.0 1425.0
face 0.35 655.0 565.0 666.0 577.0
face 0.35 315.0 1404.0 333.0 1428.0
face 0.35 572.0 805.0 584.0 818.0
face 0.35 102.0 1350.0 112.0 1364.0
face 0.35 337.0 824.0 361.0 854.0
face 0.35 76.0 1385.0 89.0 1401.0
face 0.35 455.0 861.0 466.0 876.0
