face 1.00 322.0 241.0 367.0 305.0
face 1.00 428.0 173.0 468.0 230.0
face 1.00 393.0 251.0 430.0 303.0
face 1.00 556.0 87.0 591.0 135.0
face 1.00 594.0 46.0 634.0 96.0
face 1.00 662.0 26.0 695.0 69.0
face 0.96 316.0 18.0 352.0 58.0
face 0.94 618.0 36.0 649.0 77.0
face 0.87 536.0 118.0 555.0 145.0
face 0.84 542.0 44.0 579.0 91.0
face 0.78 457.0 60.0 470.0 75.0
face 0.75 478.0 162.0 492.0 183.0
face 0.74 190.0 408.0 217.0 444.0
face 0.68 445.0 43.0 458.0 60.0
face 0.63 422.0 221.0 453.0 265.0
face 0.62 222.0 94.0 242.0 120.0
face 0.61 980.0 84.0 993.0 99.0
face 0.58 137.0 6.0 168.0 48.0
face 0.52 262.0 338.0 298.0 386.0
face 0.49 988.0 49.0 1002.0 66.0
face 0.48 173.0 331.0 209.0 384.0
face 0.48 399.0 110.0 411.0 124.0
face 0.47 444.0 208.0 461.0 227.0
face 0.44 246.0 603.0 291.0 672.0
face 0.43 501.0 308.0 518.0 330.0
face 0.43 632.0 47.0 649.0 69.0
face 0.43 536.0 97.0 571.0 143.0
face 0.42 959.0 101.0 970.0 115.0
face 0.42 559.0 302.0 579.0 331.0
face 0.41 651.0 34.0 673.0 61.0
face 0.41 410.0 188.0 426.0 207.0
face 0.41 830.0 113.0 845.0 132.0
face 0.40 951.0 60.0 966.0 79.0
face 0.39 920.0 80.0 930.0 92.0
face 0.39 500.0 67.0 513.0 83.0
face 0.39 681.0 1.0 708.0 25.0
face 0.38 576.0 60.0 590.0 78.0
face 0.38 132.0 116.0 145.0 131.0
face 0.38 836.0 23.0 849.0 38.0
face 0.37 143.0 45.0 159.0 64.0
face 0.37 515.0 4.0 530.0 22.0
face 0.37 309.0 288.0 349.0 339.0
face 0.37 207.0 111.0 219.0 125.0
face 0.37 485.0 327.0 498.0 344.0
face 0.37 879.0 77.0 891.0 93.0
face 0.36 456.0 37.0 466.0 51.0
face 0.36 246.0 118.0 261.0 136.0
face 0.36 455.0 21.0 466.0 35.0
face 0.36 464.0 20.0 476.0 35.0
face 0.36 479.0 47.0 490.0 60.0
face 0.36 447.0 63.0 457.0 75.0
face 0.36 441.0 37.0 453.0 54.0
face 0.36 405.0 125.0 416.0 138.0
face 0.36 6.0 156.0 17.0 169.0
face 0.36 375.0 84.0 386.0 97.0
face 0.36 504.0 45.0 518.0 61.0
face 0.36 425.0 54.0 435.0 66.0
face 0.36 483.0 12.0 498.0 29.0
face 0.36 486.0 46.0 496.0 59.0
face 0.36 188.0 101.0 199.0 114.0
face 0.36 480.0 331.0 492.0 345.0
face 0.36 870.0 51.0 882.0 65.0
face 0.36 453.0 44.0 464.0 58.0
face 0.35 42.0 51.0 58.0 70.0
face 0.35 36.0 166.0 49.0 182.0
face 0.35 504.0 660.0 517.0 675.0
face 0.35 941.0 31.0 952.0 44.0
face 0.35 886.0 127.0 896.0 140.0
face 0.35 134.0 86.0 144.0 99.0
face 0.35 515.0 315.0 530.0 333.0
face 0.35 1008.0 44.0 1018.0 57.0
face 0.35 48.0 125.0 60.0 140.0
face 0.35 368.0 161.0 407.0 212.0
face 0.35 456.0 14.0 465.0 25.0
face 0.35 966.0 75.0 978.0 91.0
face 0.35 879.0 63.0 890.0 74.0
face 0.35 424.0 47.0 434.0 59.0
face 0.35 400.0 60.0 411.0 75.0
face 0.35 966.0 69.0 977.0 82.0
face 0.35 479.0 65.0 490.0 77.0
face 0.35 455.0 30.0 465.0 42.0
face 0.35 400.0 104.0 410.0 116.0
face 0.35 495.0 46.0 505.0 59.0
face 0.35 224.0 86.0 235.0 99.0
face 0.35 365.0 131.0 379.0 149.0
face 0.35 438.0 117.0 449.0 130.0
face 0.35 485.0 70.0 496.0 82.0
face 0.35 439.0 670.0 451.0 681.0
face 0.35 28.0 13.0 44.0 34.0
face 0.35 462.0 37.0 472.0 49.0
