face 1.00 452.0 114.0 500.0 173.0
face 1.00 346.0 61.0 396.0 130.0
face 0.92 591.0 46.0 652.0 108.0
face 0.57 625.0 235.0 650.0 267.0
face 0.53 466.0 44.0 504.0 98.0
face 0.46 593.0 367.0 650.0 444.0
face 0.43 791.0 10.0 915.0 90.0
face 0.41 480.0 441.0 495.0 458.0
face 0.40 565.0 360.0 580.0 380.0
face 0.39 361.0 465.0 386.0 495.0
face 0.37 493.0 220.0 507.0 236.0
face 0.36 795.0 494.0 818.0 520.0
face 0.36 502.0 435.0 514.0 450.0
face 0.35 476.0 49.0 493.0 72.0
face 0.35 662.0 187.0 674.0 201.0
