face 1.00 215.0 376.0 507.0 696.0
face 0.81 571.0 1008.0 588.0 1027.0
face 0.76 176.0 192.0 479.0 520.0
face 0.63 351.0 1055.0 377.0 1083.0
face 0.57 396.0 155.0 666.0 464.0
face 0.54 661.0 892.0 672.0 906.0
face 0.52 702.0 1056.0 726.0 1084.0
face 0.48 60.0 1060.0 78.0 1082.0
face 0.48 159.0 0.0 207.0 52.0
face 0.46 982.0 1021.0 998.0 1042.0
face 0.45 700.0 1058.0 747.0 1116.0
face 0.44 203.0 1082.0 226.0 1112.0
face 0.44 195.0 755.0 214.0 777.0
face 0.44 634.0 1091.0 650.0 1112.0
face 0.43 286.0 976.0 303.0 997.0
face 0.42 534.0 991.0 544.0 1002.0
face 0.40 549.0 997.0 559.0 1009.0
face 0.40 730.0 722.0 770.0 777.0
face 0.39 647.0 989.0 659.0 1003.0
face 0.38 652.0 985.0 668.0 1004.0
face 0.38 646.0 997.0 657.0 1009.0
face 0.38 653.0 1009.0 665.0 1022.0
face 0.38 118.0 845.0 156.0 899.0
face 0.37 831.0 885.0 842.0 897.0
face 0.37 639.0 1103.0 653.0 1120.0
face 0.37 587.0 1027.0 603.0 1048.0
face 0.37 638.0 1013.0 649.0 1027.0
face 0.36 647.0 1071.0 660.0 1086.0
face 0.36 639.0 1020.0 649.0 1034.0
face 0.36 629.0 1012.0 642.0 1027.0
face 0.36 5.0 1047.0 19.0 1064.0
face 0.36 53.0 998.0 63.0 1009.0
face 0.36 654.0 998.0 665.0 1010.0
face 0.36 233.0 1065.0 247.0 1084.0
face 0.36 586.0 1051.0 603.0 1069.0
face 0.36 40.0 1050.0 53.0 1067.0
face 0.36 62.0 988.0 72.0 1001.0
face 0.36 16.0 1052.0 27.0 1065.0
face 0.36 606.0 964.0 619.0 980.0
face 0.36 641.0 998.0 651.0 1010.0
face 0.36 741.0 678.0 756.0 696.0
face 0.36 640.0 1005.0 650.0 1019.0
face 0.36 624.0 1014.0 635.0 1027.0
face 0.35 26.0 1073.0 43.0 1093.0
face 0.35 222.0 812.0 235.0 830.0
face 0.35 680.0 1022.0 690.0 1035.0
face 0.35 29.0 1062.0 39.0 1073.0
face 0.35 915.0 923.0 932.0 941.0
face 0.35 21.0 1054.0 33.0 1067.0
face 0.35 325.0 1004.0 339.0 1020.0
face 0.35 624.0 1005.0 635.0 1018.0
face 0.35 526.0 1009.0 542.0 1029.0
face 0.35 68.0 1012.0 80.0 1029.0
face 0.35 342.0 972.0 353.0 987.0
face 0.35 656.0 1102.0 667.0 1115.0
face 0.35 735.0 774.0 749.0 790.0
face 0.35 72.0 986.0 85.0 1002.0
face 0.35 541.0 1011.0 554.0 1027.0
face 0.35 198.0 1123.0 211.0 1136.0
face 0.35 23.0 1061.0 34.0 1073.0
