face 0.96 748.0 190.0 767.0 214.0
face 0.90 982.0 198.0 996.0 214.0
face 0.89 315.0 197.0 330.0 215.0
face 0.78 803.0 251.0 817.0 268.0
face 0.71 916.0 138.0 930.0 156.0
face 0.67 892.0 136.0 907.0 154.0
face 0.66 869.0 141.0 882.0 157.0
face 0.62 184.0 158.0 196.0 173.0
face 0.60 85.0 132.0 100.0 153.0
face 0.55 345.0 198.0 358.0 212.0
face 0.54 950.0 66.0 962.0 81.0
face 0.47 100.0 190.0 114.0 208.0
face 0.44 5.0 150.0 19.0 168.0
face 0.40 667.0 388.0 682.0 406.0
face 0.39 733.0 112.0 745.0 126.0
face 0.38 341.0 239.0 352.0 252.0
face 0.38 196.0 200.0 212.0 219.0
face 0.38 803.0 219.0 819.0 237.0
face 0.37 36.0 189.0 52.0 208.0
face 0.37 406.0 193.0 420.0 210.0
face 0.37 876.0 140.0 889.0 155.0
face 0.37 822.0 211.0 833.0 227.0
face 0.37 285.0 240.0 298.0 256.0
face 0.36 933.0 190.0 945.0 204.0
face 0.36 1011.0 178.0 1023.0 197.0
face 0.35 548.0 450.0 564.0 469.0
face 0.35 758.0 261.0 768.0 273.0
face 0.35 229.0 184.0 240.0 197.0
face 0.35 129.0 205.0 138.0 216.0
face 0.35 100.0 122.0 115.0 140.0
