face 1.00 759.0 94.0 819.0 172.0
face 1.00 898.0 232.0 963.0 333.0
face 1.00 285.0 4.0 339.0 66.0
face 1.00 568.0 119.0 626.0 201.0
face 0.99 702.0 104.0 753.0 182.0
face 0.85 223.0 54.0 263.0 101.0
face 0.69 738.0 289.0 761.0 319.0
face 0.61 730.0 412.0 779.0 464.0
face 0.42 655.0 361.0 668.0 378.0
face 0.41 662.0 364.0 673.0 379.0
face 0.40 622.0 574.0 633.0 587.0
face 0.40 708.0 369.0 723.0 387.0
face 0.40 718.0 491.0 732.0 511.0
face 0.40 726.0 364.0 737.0 377.0
face 0.39 663.0 342.0 675.0 355.0
face 0.38 805.0 397.0 816.0 410.0
face 0.38 772.0 350.0 786.0 367.0
face 0.38 837.0 452.0 853.0 472.0
face 0.37 823.0 390.0 833.0 403.0
face 0.37 711.0 347.0 722.0 360.0
face 0.37 778.0 426.0 794.0 448.0
face 0.37 629.0 557.0 640.0 570.0
face 0.37 653.0 533.0 667.0 549.0
face 0.37 614.0 589.0 625.0 602.0
face 0.37 718.0 364.0 731.0 380.0
face 0.37 638.0 535.0 648.0 549.0
face 0.36 621.0 390.0 633.0 404.0
face 0.36 687.0 373.0 698.0 385.0
face 0.36 651.0 358.0 662.0 374.0
face 0.36 646.0 519.0 655.0 529.0
face 0.36 758.0 350.0 770.0 365.0
face 0.36 822.0 406.0 832.0 418.0
face 0.36 636.0 379.0 651.0 397.0
face 0.36 767.0 351.0 778.0 364.0
face 0.36 574.0 653.0 585.0 667.0
face 0.36 776.0 342.0 786.0 355.0
face 0.36 757.0 329.0 771.0 345.0
face 0.35 815.0 388.0 827.0 403.0
face 0.35 790.0 404.0 801.0 417.0
face 0.35 703.0 366.0 714.0 379.0
face 0.35 614.0 565.0 624.0 577.0
face 0.35 719.0 383.0 730.0 395.0
face 0.35 670.0 356.0 681.0 372.0
face 0.35 653.0 548.0 667.0 565.0
face 0.35 679.0 324.0 690.0 338.0
face 0.35 639.0 527.0 649.0 539.0
face 0.35 647.0 540.0 658.0 552.0
face 0.35 839.0 449.0 850.0 461.0
face 0.35 702.0 396.0 713.0 410.0
face 0.35 631.0 537.0 644.0 553.0
face 0.35 607.0 606.0 617.0 619.0
