face 0.81 439.0 347.0 562.0 454.0
face 0.56 309.0 401.0 350.0 443.0
face 0.49 316.0 411.0 329.0 428.0
face 0.42 414.0 490.0 427.0 508.0
face 0.41 513.0 467.0 540.0 504.0
face 0.40 708.0 638.0 720.0 653.0
face 0.39 406.0 597.0 420.0 614.0
face 0.39 732.0 658.0 745.0 674.0
face 0.38 720.0 668.0 730.0 681.0
face 0.38 428.0 499.0 443.0 517.0
face 0.38 437.0 499.0 452.0 518.0
face 0.38 453.0 589.0 467.0 607.0
face 0.37 389.0 611.0 402.0 630.0
face 0.37 422.0 581.0 434.0 597.0
face 0.37 430.0 566.0 477.0 618.0
face 0.37 709.0 693.0 720.0 706.0
face 0.37 440.0 590.0 451.0 602.0
face 0.37 704.0 642.0 715.0 657.0
face 0.37 516.0 782.0 529.0 799.0
face 0.37 540.0 427.0 555.0 445.0
face 0.37 727.0 662.0 737.0 674.0
face 0.36 729.0 684.0 741.0 698.0
face 0.36 408.0 639.0 418.0 650.0
face 0.36 712.0 670.0 721.0 681.0
face 0.36 327.0 418.0 338.0 431.0
face 0.36 727.0 678.0 737.0 691.0
face 0.36 308.0 435.0 321.0 450.0
face 0.36 407.0 582.0 416.0 593.0
face 0.36 503.0 748.0 514.0 760.0
face 0.36 405.0 493.0 420.0 512.0
face 0.36 446.0 588.0 460.0 604.0
face 0.36 675.0 588.0 690.0 606.0
face 0.36 435.0 465.0 449.0 484.0
face 0.36 616.0 492.0 626.0 506.0
face 0.36 480.0 648.0 490.0 659.0
face 0.36 454.0 556.0 467.0 572.0
face 0.36 415.0 581.0 427.0 595.0
face 0.36 696.0 646.0 705.0 657.0
face 0.36 423.0 500.0 434.0 515.0
face 0.36 539.0 453.0 554.0 472.0
face 0.36 413.0 605.0 424.0 619.0
face 0.36 388.0 555.0 401.0 571.0
face 0.36 448.0 584.0 458.0 595.0
face 0.36 439.0 494.0 450.0 508.0
face 0.36 440.0 639.0 450.0 650.0
face 0.36 446.0 646.0 457.0 660.0
face 0.35 702.0 664.0 712.0 675.0
face 0.35 404.0 539.0 417.0 556.0
face 0.35 407.0 632.0 417.0 643.0
face 0.35 622.0 485.0 635.0 502.0
face 0.35 398.0 605.0 408.0 618.0
face 0.35 390.0 541.0 400.0 553.0
face 0.35 719.0 677.0 729.0 690.0
face 0.35 367.0 576.0 377.0 587.0
face 0.35 727.0 644.0 740.0 660.0
face 0.35 332.0 414.0 343.0 426.0
face 0.35 632.0 508.0 644.0 521.0
face 0.35 629.0 565.0 645.0 583.0
face 0.35 470.0 676.0 482.0 691.0
face 0.35 485.0 652.0 497.0 666.0
face 0.35 401.0 582.0 411.0 593.0
face 0.35 477.0 675.0 490.0 690.0
face 0.35 430.0 573.0 441.0 586.0
face 0.35 453.0 482.0 466.0 498.0
face 0.35 495.0 654.0 505.0 665.0
face 0.35 300.0 592.0 314.0 609.0
face 0.35 439.0 645.0 451.0 659.0
face 0.35 415.0 558.0 428.0 571.0
face 0.35 455.0 652.0 464.0 663.0
face 0.35 727.0 654.0 738.0 667.0
face 0.35 463.0 654.0 473.0 665.0
face 0.35 388.0 579.0 401.0 593.0
face 0.35 711.0 664.0 721.0 675.0
face 0.35 494.0 746.0 507.0 761.0
face 0.35 676.0 685.0 690.0 702.0
