face 0.77 422.0 29.0 436.0 45.0
face 0.72 985.0 36.0 1000.0 52.0
face 0.61 515.0 329.0 568.0 393.0
face 0.59 582.0 388.0 592.0 400.0
face 0.56 478.0 489.0 507.0 521.0
face 0.55 584.0 373.0 598.0 390.0
face 0.51 526.0 367.0 552.0 398.0
face 0.48 696.0 105.0 718.0 129.0
face 0.48 851.0 526.0 930.0 660.0
face 0.47 1000.0 73.0 1014.0 91.0
face 0.46 958.0 158.0 979.0 186.0
face 0.45 380.0 15.0 397.0 37.0
face 0.45 740.0 72.0 762.0 99.0
face 0.44 613.0 254.0 651.0 304.0
face 0.43 893.0 3.0 909.0 21.0
face 0.43 544.0 517.0 557.0 533.0
face 0.41 860.0 10.0 876.0 30.0
face 0.40 695.0 88.0 710.0 107.0
face 0.40 980.0 221.0 995.0 241.0
face 0.38 953.0 122.0 982.0 160.0
face 0.37 637.0 53.0 651.0 70.0
face 0.37 552.0 333.0 563.0 348.0
face 0.37 585.0 422.0 594.0 433.0
face 0.36 534.0 348.0 544.0 360.0
face 0.36 597.0 372.0 610.0 387.0
face 0.36 1006.0 16.0 1020.0 35.0
face 0.36 517.0 341.0 527.0 353.0
face 0.35 517.0 516.0 533.0 537.0
face 0.35 895.0 116.0 907.0 129.0
face 0.35 542.0 428.0 554.0 443.0
face 0.35 584.0 416.0 593.0 427.0
face 0.35 598.0 255.0 609.0 266.0
