face 1.00 426.0 91.0 604.0 342.0
face 0.84 302.0 558.0 314.0 572.0
face 0.74 265.0 79.0 412.0 291.0
face 0.72 765.0 456.0 782.0 477.0
face 0.70 899.0 602.0 925.0 635.0
face 0.70 832.0 1271.0 844.0 1285.0
face 0.63 21.0 1083.0 38.0 1105.0
face 0.58 701.0 508.0 712.0 521.0
face 0.52 59.0 736.0 75.0 757.0
face 0.52 414.0 863.0 431.0 884.0
face 0.49 632.0 879.0 642.0 890.0
face 0.48 668.0 843.0 681.0 859.0
face 0.47 42.0 925.0 58.0 943.0
face 0.46 693.0 914.0 704.0 929.0
face 0.46 774.0 1366.0 791.0 1383.0
face 0.46 759.0 605.0 774.0 623.0
face 0.46 278.0 411.0 312.0 446.0
face 0.45 402.0 581.0 417.0 600.0
face 0.45 354.0 715.0 366.0 728.0
face 0.45 765.0 419.0 779.0 435.0
face 0.45 711.0 615.0 722.0 628.0
face 0.44 751.0 590.0 762.0 603.0
face 0.44 385.0 710.0 394.0 722.0
face 0.43 712.0 767.0 722.0 780.0
face 0.43 724.0 538.0 738.0 554.0
face 0.43 866.0 404.0 882.0 422.0
face 0.42 331.0 504.0 345.0 524.0
face 0.42 622.0 845.0 633.0 858.0
face 0.41 343.0 662.0 354.0 676.0
face 0.41 41.0 1084.0 56.0 1102.0
face 0.41 22.0 890.0 66.0 949.0
face 0.41 696.0 588.0 709.0 604.0
face 0.40 707.0 387.0 721.0 402.0
face 0.40 415.0 983.0 425.0 995.0
face 0.39 718.0 533.0 733.0 550.0
face 0.39 835.0 404.0 852.0 424.0
face 0.39 641.0 981.0 653.0 997.0
face 0.39 722.0 494.0 733.0 508.0
face 0.38 638.0 965.0 652.0 980.0
face 0.38 777.0 450.0 793.0 472.0
face 0.38 84.0 730.0 106.0 757.0
face 0.38 49.0 797.0 64.0 813.0
face 0.38 678.0 965.0 688.0 978.0
face 0.38 90.0 1148.0 104.0 1165.0
face 0.38 881.0 573.0 906.0 602.0
face 0.38 640.0 1008.0 649.0 1018.0
face 0.38 686.0 591.0 696.0 603.0
face 0.38 407.0 563.0 420.0 581.0
face 0.38 646.0 718.0 657.0 731.0
face 0.38 694.0 582.0 704.0 594.0
face 0.37 662.0 877.0 674.0 891.0
face 0.37 694.0 788.0 706.0 802.0
face 0.37 646.0 958.0 657.0 971.0
face 0.37 385.0 733.0 398.0 749.0
face 0.37 638.0 877.0 648.0 888.0
face 0.37 398.0 990.0 409.0 1003.0
face 0.37 654.0 768.0 664.0 780.0
face 0.37 701.0 597.0 713.0 611.0
face 0.37 875.0 599.0 906.0 636.0
face 0.37 45.0 1145.0 59.0 1164.0
face 0.37 53.0 908.0 66.0 925.0
face 0.37 712.0 749.0 721.0 760.0
face 0.37 83.0 1181.0 97.0 1196.0
face 0.37 637.0 629.0 648.0 643.0
face 0.37 327.0 622.0 337.0 634.0
face 0.37 759.0 422.0 769.0 434.0
face 0.37 645.0 863.0 658.0 881.0
face 0.37 391.0 729.0 401.0 741.0
face 0.37 631.0 924.0 641.0 936.0
face 0.37 735.0 510.0 745.0 523.0
face 0.37 671.0 576.0 681.0 588.0
face 0.37 652.0 579.0 666.0 597.0
face 0.37 648.0 894.0 658.0 906.0
face 0.37 733.0 542.0 746.0 556.0
face 0.37 480.0 980.0 491.0 994.0
face 0.37 588.0 935.0 599.0 949.0
face 0.37 374.0 720.0 383.0 730.0
face 0.36 672.0 782.0 681.0 792.0
face 0.36 640.0 725.0 650.0 738.0
face 0.36 413.0 592.0 430.0 612.0
face 0.36 631.0 884.0 641.0 897.0
face 0.36 406.0 710.0 418.0 723.0
face 0.36 400.0 788.0 411.0 801.0
face 0.36 655.0 853.0 664.0 864.0
face 0.36 631.0 628.0 643.0 641.0
face 0.36 407.0 797.0 417.0 810.0
face 0.36 399.0 729.0 408.0 740.0
face 0.36 663.0 583.0 672.0 594.0
face 0.36 405.0 790.0 416.0 803.0
face 0.36 649.0 774.0 659.0 786.0
face 0.36 62.0 1110.0 74.0 1123.0
face 0.36 676.0 661.0 688.0 675.0
face 0.36 633.0 759.0 642.0 769.0
face 0.36 422.0 919.0 433.0 933.0
face 0.36 449.0 1011.0 459.0 1024.0
face 0.36 640.0 871.0 650.0 883.0
face 0.36 647.0 888.0 656.0 899.0
face 0.36 678.0 734.0 687.0 746.0
face 0.36 399.0 702.0 408.0 713.0
face 0.36 639.0 894.0 649.0 905.0
face 0.36 358.0 771.0 370.0 786.0
face 0.36 703.0 844.0 713.0 856.0
face 0.36 353.0 524.0 362.0 536.0
face 0.36 631.0 863.0 641.0 875.0
face 0.36 472.0 957.0 481.0 969.0
face 0.36 748.0 540.0 760.0 555.0
face 0.36 647.0 900.0 657.0 912.0
face 0.36 390.0 614.0 400.0 626.0
face 0.36 699.0 788.0 715.0 808.0
face 0.36 639.0 909.0 649.0 920.0
face 0.36 86.0 927.0 97.0 939.0
face 0.36 638.0 758.0 647.0 768.0
face 0.36 641.0 853.0 650.0 865.0
face 0.36 771.0 531.0 785.0 549.0
face 0.36 655.0 999.0 664.0 1010.0
face 0.36 742.0 440.0 753.0 453.0
face 0.36 95.0 998.0 108.0 1013.0
face 0.36 447.0 878.0 457.0 890.0
face 0.36 648.0 630.0 658.0 642.0
face 0.36 638.0 647.0 648.0 658.0
face 0.36 606.0 639.0 616.0 651.0
face 0.36 408.0 727.0 417.0 738.0
face 0.36 129.0 957.0 140.0 970.0
face 0.36 704.0 684.0 714.0 696.0
face 0.36 367.0 726.0 376.0 737.0
face 0.36 646.0 996.0 657.0 1010.0
face 0.36 645.0 973.0 655.0 986.0
face 0.36 77.0 1195.0 91.0 1210.0
face 0.36 416.0 790.0 426.0 802.0
face 0.36 342.0 541.0 354.0 555.0
face 0.36 689.0 788.0 699.0 800.0
face 0.36 60.0 981.0 73.0 995.0
face 0.36 662.0 893.0 673.0 907.0
face 0.36 760.0 598.0 770.0 609.0
face 0.36 744.0 534.0 756.0 549.0
face 0.36 647.0 848.0 658.0 860.0
face 0.36 743.0 614.0 753.0 626.0
face 0.36 384.0 612.0 394.0 625.0
face 0.36 624.0 884.0 635.0 898.0
face 0.36 749.0 503.0 761.0 517.0
face 0.36 63.0 1181.0 74.0 1193.0
face 0.36 678.0 575.0 687.0 585.0
face 0.36 694.0 383.0 704.0 394.0
face 0.36 375.0 811.0 386.0 824.0
face 0.36 638.0 1030.0 648.0 1042.0
face 0.36 393.0 621.0 403.0 633.0
face 0.36 102.0 949.0 112.0 961.0
face 0.36 439.0 590.0 448.0 601.0
face 0.36 648.0 759.0 657.0 769.0
face 0.36 680.0 568.0 688.0 578.0
face 0.36 680.0 598.0 690.0 610.0
face 0.36 414.0 924.0 425.0 937.0
face 0.36 44.0 957.0 56.0 971.0
face 0.36 414.0 710.0 424.0 722.0
face 0.36 728.0 600.0 738.0 611.0
face 0.36 334.0 718.0 345.0 731.0
face 0.36 355.0 539.0 370.0 558.0
face 0.36 640.0 1013.0 650.0 1024.0
face 0.36 632.0 965.0 642.0 977.0
face 0.35 408.0 982.0 419.0 995.0
face 0.35 396.0 629.0 407.0 643.0
face 0.35 709.0 679.0 720.0 692.0
face 0.35 416.0 783.0 425.0 794.0
face 0.35 104.0 990.0 115.0 1003.0
face 0.35 384.0 716.0 394.0 727.0
face 0.35 687.0 646.0 696.0 657.0
face 0.35 711.0 502.0 720.0 513.0
face 0.35 734.0 606.0 744.0 617.0
face 0.35 111.0 766.0 122.0 778.0
face 0.35 663.0 1007.0 672.0 1018.0
face 0.35 78.0 1139.0 90.0 1153.0
face 0.35 614.0 878.0 624.0 890.0
face 0.35 327.0 523.0 338.0 538.0
face 0.35 665.0 736.0 673.0 746.0
face 0.35 648.0 1022.0 657.0 1032.0
face 0.35 639.0 654.0 648.0 665.0
face 0.35 401.0 709.0 411.0 722.0
face 0.35 717.0 507.0 729.0 522.0
face 0.35 105.0 1180.0 116.0 1193.0
face 0.35 397.0 1013.0 408.0 1026.0
face 0.35 743.0 509.0 755.0 522.0
face 0.35 128.0 963.0 141.0 978.0
face 0.35 663.0 990.0 673.0 1001.0
face 0.35 613.0 679.0 623.0 690.0
face 0.35 367.0 583.0 378.0 596.0
face 0.35 615.0 958.0 625.0 970.0
face 0.35 318.0 597.0 330.0 613.0
face 0.35 431.0 870.0 441.0 882.0
face 0.35 455.0 893.0 464.0 904.0
face 0.35 734.0 599.0 744.0 610.0
face 0.35 696.0 559.0 706.0 570.0
face 0.35 766.0 485.0 776.0 498.0
face 0.35 646.0 1016.0 655.0 1026.0
face 0.35 45.0 1118.0 56.0 1130.0
face 0.35 629.0 726.0 641.0 740.0
face 0.35 392.0 872.0 402.0 883.0
face 0.35 390.0 607.0 399.0 619.0
face 0.35 415.0 558.0 425.0 571.0
face 0.35 391.0 935.0 401.0 947.0
face 0.35 622.0 942.0 632.0 954.0
face 0.35 710.0 596.0 720.0 608.0
face 0.35 632.0 892.0 641.0 903.0
face 0.35 716.0 380.0 728.0 396.0
face 0.35 664.0 959.0 674.0 971.0
face 0.35 408.0 597.0 419.0 611.0
face 0.35 406.0 784.0 416.0 795.0
face 0.35 640.0 862.0 650.0 874.0
face 0.35 357.0 526.0 367.0 537.0
face 0.35 439.0 926.0 448.0 937.0
face 0.35 718.0 527.0 730.0 541.0
face 0.35 159.0 1191.0 170.0 1204.0
face 0.35 60.0 1187.0 74.0 1203.0
face 0.35 687.0 813.0 696.0 824.0
face 0.35 641.0 711.0 650.0 722.0
face 0.35 400.0 574.0 410.0 587.0
face 0.35 648.0 817.0 658.0 828.0
face 0.35 752.0 607.0 761.0 618.0
face 0.35 311.0 614.0 320.0 626.0
face 0.35 665.0 860.0 676.0 873.0
face 0.35 639.0 735.0 649.0 747.0
face 0.35 718.0 478.0 728.0 490.0
face 0.35 392.0 941.0 402.0 954.0
face 0.35 94.0 981.0 105.0 992.0
face 0.35 133.0 1182.0 144.0 1194.0
face 0.35 55.0 989.0 65.0 1000.0
face 0.35 141.0 1084.0 159.0 1105.0
face 0.35 655.0 838.0 664.0 849.0
face 0.35 614.0 863.0 624.0 874.0
face 0.35 662.0 687.0 672.0 698.0
face 0.35 422.0 964.0 434.0 979.0
face 0.35 653.0 628.0 664.0 642.0
face 0.35 462.0 965.0 472.0 977.0
face 0.35 384.0 864.0 393.0 874.0
face 0.35 695.0 533.0 704.0 546.0
face 0.35 639.0 636.0 650.0 650.0
face 0.35 79.0 1004.0 91.0 1017.0
