face 0.95 637.0 9.0 660.0 41.0
face 0.87 508.0 12.0 535.0 43.0
face 0.81 330.0 87.0 364.0 126.0
face 0.72 191.0 414.0 202.0 430.0
face 0.70 246.0 298.0 260.0 315.0
face 0.69 361.0 69.0 379.0 92.0
face 0.58 915.0 13.0 940.0 43.0
face 0.51 687.0 3.0 713.0 33.0
face 0.46 229.0 337.0 245.0 357.0
face 0.46 751.0 8.0 773.0 35.0
face 0.46 311.0 118.0 323.0 132.0
face 0.44 628.0 497.0 645.0 520.0
face 0.41 321.0 5.0 335.0 23.0
face 0.41 240.0 121.0 254.0 139.0
face 0.41 342.0 70.0 380.0 112.0
face 0.39 193.0 348.0 205.0 364.0
face 0.39 623.0 271.0 634.0 284.0
face 0.39 306.0 146.0 319.0 161.0
face 0.38 181.0 365.0 192.0 380.0
face 0.38 206.0 286.0 218.0 300.0
face 0.38 207.0 315.0 216.0 328.0
face 0.37 161.0 444.0 171.0 457.0
face 0.37 194.0 326.0 206.0 341.0
face 0.37 229.0 326.0 240.0 338.0
face 0.37 231.0 7.0 250.0 30.0
face 0.37 168.0 429.0 178.0 441.0
face 0.36 301.0 168.0 312.0 180.0
face 0.36 167.0 439.0 177.0 452.0
face 0.36 175.0 424.0 184.0 435.0
face 0.35 147.0 452.0 160.0 468.0
face 0.35 231.0 319.0 241.0 331.0
face 0.35 605.0 279.0 616.0 292.0
face 0.35 615.0 261.0 625.0 273.0
face 0.35 383.0 70.0 394.0 84.0
face 0.35 167.0 463.0 178.0 477.0
