face 0.99 456.0 96.0 579.0 256.0
face 0.77 280.0 321.0 306.0 352.0
face 0.49 294.0 263.0 439.0 433.0
face 0.46 485.0 213.0 514.0 240.0
face 0.44 295.0 251.0 310.0 266.0
face 0.43 325.0 409.0 337.0 423.0
face 0.42 831.0 500.0 847.0 519.0
face 0.40 399.0 387.0 411.0 403.0
face 0.40 434.0 339.0 448.0 356.0
face 0.39 735.0 440.0 849.0 557.0
face 0.39 443.0 287.0 461.0 310.0
face 0.38 694.0 616.0 706.0 631.0
face 0.37 408.0 347.0 421.0 364.0
face 0.36 773.0 479.0 817.0 529.0
face 0.36 381.0 332.0 395.0 349.0
face 0.36 342.0 413.0 354.0 427.0
face 0.36 335.0 413.0 346.0 425.0
face 0.36 408.0 334.0 419.0 347.0
face 0.36 412.0 333.0 426.0 349.0
face 0.36 461.0 254.0 472.0 269.0
face 0.36 372.0 315.0 387.0 334.0
face 0.35 470.0 254.0 480.0 266.0
face 0.35 378.0 191.0 388.0 203.0
face 0.35 327.0 327.0 336.0 338.0
face 0.35 407.0 213.0 418.0 227.0
face 0.35 420.0 361.0 434.0 378.0
face 0.35 336.0 192.0 346.0 204.0
face 0.35 303.0 414.0 313.0 425.0
