face 1.00 391.0 268.0 483.0 383.0
face 0.99 265.0 205.0 284.0 229.0
face 0.95 109.0 197.0 126.0 219.0
face 0.94 68.0 196.0 85.0 217.0
face 0.93 173.0 570.0 189.0 588.0
face 0.93 828.0 129.0 849.0 152.0
face 0.93 715.0 108.0 737.0 135.0
face 0.88 347.0 197.0 369.0 222.0
face 0.88 750.0 49.0 764.0 68.0
face 0.84 36.0 193.0 52.0 213.0
face 0.83 546.0 203.0 567.0 227.0
face 0.80 155.0 140.0 173.0 161.0
face 0.76 946.0 49.0 961.0 68.0
face 0.73 453.0 188.0 477.0 214.0
face 0.68 603.0 193.0 621.0 214.0
face 0.66 682.0 43.0 695.0 60.0
face 0.65 591.0 130.0 606.0 147.0
face 0.64 728.0 184.0 743.0 203.0
face 0.60 366.0 527.0 378.0 540.0
face 0.57 387.0 139.0 404.0 160.0
face 0.57 215.0 562.0 231.0 580.0
face 0.55 195.0 582.0 212.0 601.0
face 0.55 351.0 686.0 362.0 699.0
face 0.54 348.0 646.0 363.0 664.0
face 0.53 155.0 179.0 188.0 221.0
face 0.53 59.0 169.0 73.0 186.0
face 0.50 386.0 194.0 409.0 224.0
face 0.49 343.0 598.0 353.0 610.0
face 0.49 122.0 179.0 143.0 205.0
face 0.48 279.0 120.0 296.0 142.0
face 0.48 88.0 109.0 102.0 130.0
face 0.48 327.0 804.0 339.0 817.0
face 0.47 382.0 563.0 394.0 579.0
face 0.47 701.0 180.0 715.0 195.0
face 0.47 192.0 549.0 205.0 565.0
face 0.45 329.0 780.0 341.0 795.0
face 0.44 793.0 118.0 811.0 139.0
face 0.44 345.0 560.0 357.0 574.0
face 0.44 221.0 256.0 236.0 273.0
face 0.43 330.0 422.0 354.0 456.0
face 0.43 92.0 185.0 106.0 202.0
face 0.42 362.0 586.0 382.0 609.0
face 0.42 998.0 791.0 1025.0 833.0
face 0.42 820.0 161.0 833.0 181.0
face 0.41 278.0 318.0 289.0 332.0
face 0.41 230.0 532.0 241.0 545.0
face 0.40 382.0 416.0 397.0 434.0
face 0.40 227.0 572.0 239.0 586.0
face 0.40 488.0 291.0 502.0 310.0
face 0.40 452.0 460.0 467.0 478.0
face 0.40 406.0 574.0 417.0 587.0
face 0.39 437.0 130.0 450.0 146.0
face 0.39 421.0 509.0 435.0 526.0
face 0.39 780.0 272.0 794.0 291.0
face 0.39 322.0 198.0 337.0 215.0
face 0.38 316.0 823.0 337.0 848.0
face 0.38 354.0 395.0 370.0 414.0
face 0.38 364.0 180.0 382.0 201.0
face 0.38 342.0 834.0 354.0 850.0
face 0.38 638.0 189.0 650.0 203.0
face 0.37 374.0 382.0 390.0 399.0
face 0.37 347.0 874.0 364.0 895.0
face 0.37 426.0 471.0 442.0 491.0
face 0.37 332.0 611.0 344.0 627.0
face 0.37 340.0 717.0 353.0 732.0
face 0.37 239.0 548.0 250.0 562.0
face 0.37 398.0 199.0 411.0 213.0
face 0.37 419.0 126.0 431.0 143.0
face 0.36 318.0 516.0 328.0 529.0
face 0.36 126.0 1348.0 139.0 1361.0
face 0.36 790.0 274.0 804.0 292.0
face 0.36 401.0 598.0 411.0 611.0
face 0.36 325.0 528.0 336.0 540.0
face 0.36 205.0 584.0 217.0 598.0
face 0.36 119.0 181.0 131.0 194.0
face 0.36 254.0 319.0 265.0 332.0
face 0.36 344.0 525.0 353.0 537.0
face 0.36 350.0 614.0 360.0 626.0
face 0.36 765.0 1122.0 781.0 1142.0
face 0.36 207.0 558.0 218.0 571.0
face 0.36 349.0 860.0 363.0 879.0
face 0.36 309.0 309.0 320.0 323.0
face 0.36 725.0 205.0 740.0 223.0
face 0.36 335.0 723.0 345.0 737.0
face 0.36 46.0 180.0 57.0 194.0
face 0.36 326.0 724.0 338.0 739.0
face 0.36 157.0 174.0 172.0 191.0
face 0.36 84.0 147.0 97.0 163.0
face 0.36 342.0 712.0 352.0 723.0
face 0.36 316.0 743.0 329.0 759.0
face 0.36 430.0 737.0 443.0 755.0
face 0.36 233.0 205.0 248.0 223.0
face 0.35 287.0 462.0 297.0 474.0
face 0.35 415.0 581.0 426.0 594.0
face 0.35 326.0 680.0 336.0 692.0
face 0.35 294.0 478.0 306.0 492.0
face 0.35 815.0 132.0 829.0 149.0
face 0.35 132.0 189.0 143.0 202.0
face 0.35 103.0 214.0 114.0 227.0
face 0.35 56.0 210.0 68.0 226.0
face 0.35 461.0 183.0 473.0 196.0
face 0.35 24.0 309.0 37.0 325.0
face 0.35 414.0 140.0 427.0 155.0
face 0.35 368.0 694.0 378.0 706.0
face 0.35 994.0 104.0 1010.0 123.0
face 0.35 376.0 556.0 386.0 568.0
face 0.35 447.0 510.0 458.0 522.0
face 0.35 367.0 639.0 377.0 650.0
face 0.35 95.0 150.0 106.0 163.0
face 0.35 327.0 509.0 339.0 523.0
face 0.35 373.0 288.0 384.0 301.0
face 0.35 320.0 325.0 331.0 339.0
face 0.35 373.0 588.0 385.0 603.0
face 0.35 488.0 285.0 499.0 299.0
face 0.35 278.0 483.0 290.0 497.0
face 0.35 304.0 324.0 316.0 338.0
face 0.35 622.0 189.0 634.0 204.0
face 0.35 628.0 166.0 642.0 184.0
face 0.35 486.0 164.0 497.0 177.0
face 0.35 262.0 251.0 289.0 282.0
face 0.35 231.0 539.0 242.0 553.0
