face 1.00 818.0 338.0 849.0 372.0
face 0.97 8.0 156.0 35.0 188.0
face 0.95 927.0 356.0 964.0 400.0
face 0.88 839.0 93.0 868.0 130.0
face 0.87 224.0 544.0 257.0 577.0
face 0.87 91.0 475.0 124.0 515.0
face 0.80 68.0 475.0 80.0 491.0
face 0.70 8.0 0.0 31.0 27.0
face 0.64 902.0 11.0 967.0 83.0
face 0.55 902.0 77.0 914.0 94.0
face 0.53 890.0 432.0 914.0 463.0
face 0.52 122.0 301.0 149.0 332.0
face 0.52 381.0 338.0 413.0 379.0
face 0.40 39.0 318.0 60.0 346.0
face 0.38 77.0 251.0 93.0 271.0
face 0.38 978.0 262.0 1002.0 290.0
face 0.37 914.0 168.0 930.0 189.0
face 0.36 545.0 397.0 562.0 417.0
face 0.36 866.0 378.0 880.0 396.0
face 0.35 18.0 326.0 33.0 343.0
face 0.35 485.0 281.0 524.0 328.0
face 0.35 971.0 67.0 988.0 88.0
face 0.35 559.0 388.0 672.0 504.0
face 0.35 203.0 506.0 218.0 526.0
