face 1.00 344.0 211.0 369.0 240.0
face 1.00 851.0 209.0 873.0 234.0
face 1.00 633.0 209.0 655.0 235.0
face 1.00 862.0 316.0 912.0 378.0
face 1.00 982.0 304.0 1021.0 351.0
face 1.00 92.0 122.0 138.0 190.0
face 1.00 219.0 406.0 250.0 444.0
face 0.99 279.0 260.0 302.0 288.0
face 0.98 442.0 537.0 468.0 572.0
face 0.98 679.0 346.0 719.0 399.0
face 0.98 707.0 224.0 731.0 251.0
face 0.98 456.0 223.0 479.0 252.0
face 0.97 571.0 223.0 590.0 248.0
face 0.95 329.0 384.0 364.0 426.0
face 0.95 966.0 195.0 988.0 221.0
face 0.94 554.0 355.0 591.0 404.0
face 0.92 180.0 374.0 214.0 421.0
face 0.91 545.0 238.0 565.0 263.0
face 0.91 243.0 274.0 261.0 296.0
face 0.89 464.0 480.0 482.0 500.0
face 0.89 761.0 212.0 782.0 235.0
face 0.85 0.0 281.0 21.0 306.0
face 0.84 464.0 357.0 504.0 408.0
face 0.83 629.0 344.0 667.0 391.0
face 0.77 787.0 216.0 805.0 238.0
face 0.75 964.0 455.0 994.0 487.0
face 0.74 222.0 245.0 247.0 273.0
face 0.63 603.0 249.0 616.0 264.0
face 0.62 143.0 552.0 171.0 589.0
face 0.56 685.0 323.0 701.0 343.0
face 0.55 952.0 291.0 964.0 306.0
face 0.54 791.0 325.0 832.0 372.0
face 0.53 935.0 265.0 950.0 284.0
face 0.49 494.0 540.0 528.0 586.0
face 0.49 216.0 332.0 229.0 348.0
face 0.49 954.0 313.0 980.0 349.0
face 0.48 453.0 354.0 468.0 374.0
face 0.48 782.0 359.0 809.0 393.0
face 0.47 227.0 293.0 238.0 309.0
face 0.47 426.0 366.0 448.0 394.0
face 0.46 165.0 372.0 177.0 386.0
face 0.44 928.0 325.0 955.0 361.0
face 0.44 209.0 555.0 225.0 576.0
face 0.43 637.0 424.0 654.0 444.0
face 0.43 313.0 457.0 325.0 474.0
face 0.42 522.0 342.0 547.0 372.0
face 0.42 331.0 525.0 346.0 543.0
face 0.41 324.0 373.0 336.0 388.0
face 0.41 574.0 358.0 606.0 399.0
face 0.40 423.0 335.0 433.0 347.0
face 0.40 404.0 296.0 420.0 318.0
face 0.40 428.0 253.0 441.0 269.0
face 0.40 189.0 488.0 206.0 510.0
face 0.39 513.0 297.0 528.0 316.0
face 0.39 164.0 400.0 179.0 418.0
face 0.39 660.0 405.0 683.0 431.0
face 0.38 186.0 442.0 201.0 459.0
face 0.38 742.0 232.0 754.0 245.0
face 0.38 846.0 349.0 858.0 364.0
face 0.38 440.0 342.0 451.0 355.0
face 0.38 853.0 347.0 869.0 366.0
face 0.37 398.0 341.0 407.0 353.0
face 0.37 563.0 332.0 580.0 351.0
face 0.37 510.0 243.0 526.0 263.0
face 0.37 414.0 349.0 426.0 364.0
face 0.36 475.0 348.0 487.0 363.0
face 0.36 349.0 516.0 361.0 530.0
face 0.36 347.0 367.0 361.0 382.0
face 0.36 544.0 238.0 555.0 253.0
face 0.36 988.0 461.0 1002.0 480.0
face 0.36 860.0 339.0 888.0 375.0
face 0.36 997.0 410.0 1011.0 429.0
face 0.36 1011.0 396.0 1024.0 415.0
face 0.36 735.0 236.0 745.0 249.0
face 0.36 533.0 236.0 547.0 255.0
face 0.36 797.0 332.0 813.0 349.0
face 0.36 851.0 445.0 866.0 463.0
face 0.36 214.0 492.0 225.0 507.0
face 0.36 520.0 416.0 532.0 428.0
face 0.35 727.0 237.0 738.0 250.0
face 0.35 525.0 390.0 535.0 402.0
face 0.35 423.0 249.0 434.0 261.0
face 0.35 677.0 406.0 690.0 422.0
face 0.35 199.0 576.0 212.0 594.0
face 0.35 262.0 362.0 274.0 376.0
face 0.35 238.0 493.0 251.0 508.0
face 0.35 399.0 323.0 409.0 336.0
face 0.35 841.0 352.0 851.0 364.0
face 0.35 1014.0 572.0 1024.0 588.0
face 0.35 839.0 334.0 849.0 345.0
