face 0.88 714.0 379.0 1003.0 665.0
face 0.73 198.0 334.0 320.0 492.0
face 0.70 464.0 538.0 564.0 651.0
face 0.61 201.0 612.0 239.0 657.0
face 0.61 304.0 397.0 330.0 427.0
face 0.49 252.0 400.0 278.0 430.0
face 0.45 452.0 231.0 624.0 466.0
face 0.42 907.0 1219.0 923.0 1237.0
face 0.41 728.0 971.0 779.0 1035.0
face 0.41 302.0 800.0 373.0 890.0
face 0.41 685.0 1178.0 701.0 1199.0
face 0.38 288.0 1169.0 374.0 1268.0
face 0.38 128.0 405.0 141.0 420.0
face 0.37 318.0 774.0 333.0 791.0
face 0.37 400.0 840.0 445.0 892.0
face 0.37 809.0 1320.0 818.0 1331.0
face 0.36 399.0 1184.0 415.0 1204.0
face 0.36 274.0 1217.0 291.0 1238.0
face 0.36 438.0 1146.0 454.0 1165.0
face 0.36 446.0 1116.0 460.0 1134.0
face 0.36 779.0 1240.0 796.0 1261.0
face 0.35 325.0 916.0 342.0 935.0
face 0.35 430.0 660.0 444.0 675.0
