face 0.78 531.0 535.0 575.0 591.0
face 0.72 908.0 768.0 923.0 789.0
face 0.70 502.0 102.0 534.0 145.0
face 0.64 674.0 617.0 716.0 681.0
face 0.60 664.0 170.0 691.0 202.0
face 0.50 151.0 145.0 199.0 206.0
face 0.47 534.0 122.0 550.0 143.0
face 0.45 396.0 234.0 445.0 286.0
face 0.45 899.0 740.0 912.0 757.0
face 0.45 420.0 892.0 464.0 943.0
face 0.44 946.0 641.0 970.0 670.0
face 0.44 474.0 826.0 639.0 1018.0
face 0.43 981.0 377.0 1019.0 429.0
face 0.42 162.0 231.0 205.0 287.0
face 0.42 638.0 911.0 649.0 925.0
face 0.42 962.0 1228.0 977.0 1249.0
face 0.42 842.0 1419.0 860.0 1440.0
face 0.42 967.0 1193.0 981.0 1212.0
face 0.41 142.0 1441.0 158.0 1460.0
face 0.40 885.0 808.0 900.0 828.0
face 0.40 526.0 677.0 556.0 709.0
face 0.40 389.0 1451.0 406.0 1471.0
face 0.40 892.0 934.0 917.0 969.0
face 0.39 480.0 1243.0 522.0 1294.0
face 0.39 932.0 617.0 949.0 639.0
face 0.38 935.0 1217.0 956.0 1240.0
face 0.37 308.0 200.0 324.0 220.0
face 0.37 778.0 44.0 795.0 65.0
face 0.37 5.0 430.0 86.0 542.0
face 0.36 514.0 105.0 530.0 127.0
face 0.36 900.0 835.0 914.0 853.0
face 0.36 898.0 962.0 913.0 981.0
face 0.36 125.0 677.0 141.0 696.0
face 0.36 117.0 88.0 133.0 109.0
face 0.36 896.0 422.0 937.0 483.0
face 0.36 100.0 276.0 117.0 295.0
face 0.35 636.0 514.0 686.0 574.0
face 0.35 487.0 626.0 550.0 689.0
face 0.35 905.0 1038.0 926.0 1067.0
face 0.35 910.0 927.0 922.0 940.0
face 0.35 382.0 1444.0 395.0 1461.0
face 0.35 910.0 759.0 921.0 772.0
face 0.35 918.0 748.0 931.0 765.0
face 0.35 394.0 140.0 411.0 161.0
