face 0.97 637.0 162.0 651.0 177.0
face 0.82 828.0 145.0 843.0 165.0
face 0.72 403.0 183.0 417.0 200.0
face 0.68 534.0 564.0 548.0 580.0
face 0.65 630.0 267.0 645.0 286.0
face 0.56 41.0 505.0 73.0 542.0
face 0.53 810.0 140.0 826.0 157.0
face 0.53 159.0 554.0 272.0 634.0
face 0.49 651.0 262.0 670.0 287.0
face 0.45 422.0 180.0 435.0 196.0
face 0.41 395.0 195.0 409.0 212.0
face 0.41 24.0 508.0 127.0 599.0
face 0.39 705.0 110.0 719.0 126.0
face 0.38 220.0 383.0 270.0 435.0
face 0.38 461.0 106.0 475.0 123.0
face 0.35 611.0 189.0 625.0 207.0
face 0.35 517.0 566.0 527.0 577.0
face 0.35 506.0 449.0 522.0 468.0
