face 1.00 288.0 442.0 334.0 502.0
face 1.00 193.0 433.0 245.0 500.0
face 1.00 126.0 447.0 179.0 518.0
face 0.99 149.0 99.0 165.0 121.0
face 0.99 205.0 143.0 222.0 163.0
face 0.98 346.0 78.0 367.0 107.0
face 0.92 255.0 152.0 272.0 171.0
face 0.75 355.0 444.0 413.0 521.0
face 0.73 917.0 250.0 935.0 278.0
face 0.60 679.0 326.0 701.0 355.0
face 0.51 672.0 539.0 687.0 556.0
face 0.43 656.0 543.0 669.0 558.0
face 0.39 686.0 348.0 697.0 363.0
face 0.38 727.0 576.0 746.0 605.0
face 0.37 761.0 301.0 783.0 330.0
face 0.37 925.0 150.0 937.0 167.0
face 0.36 814.0 205.0 829.0 223.0
face 0.36 663.0 586.0 676.0 602.0
face 0.36 694.0 621.0 705.0 632.0
face 0.36 934.0 367.0 949.0 385.0
face 0.36 913.0 356.0 922.0 366.0
face 0.36 883.0 341.0 896.0 360.0
face 0.36 687.0 605.0 697.0 617.0
face 0.36 902.0 371.0 915.0 388.0
face 0.36 695.0 307.0 707.0 321.0
face 0.36 688.0 622.0 698.0 633.0
face 0.35 678.0 548.0 689.0 561.0
face 0.35 640.0 454.0 650.0 466.0
face 0.35 719.0 333.0 730.0 347.0
face 0.35 616.0 415.0 626.0 426.0
face 0.35 700.0 303.0 712.0 316.0
