face 1.00 484.0 246.0 535.0 311.0
face 1.00 928.0 255.0 976.0 311.0
face 1.00 781.0 264.0 833.0 322.0
face 1.00 92.0 259.0 136.0 319.0
face 1.00 903.0 272.0 937.0 316.0
face 1.00 778.0 389.0 828.0 445.0
face 0.96 269.0 259.0 299.0 304.0
face 0.94 556.0 289.0 592.0 348.0
face 0.94 405.0 297.0 454.0 366.0
face 0.92 44.0 283.0 96.0 361.0
face 0.85 711.0 257.0 763.0 329.0
face 0.78 845.0 265.0 858.0 283.0
face 0.74 972.0 204.0 987.0 224.0
face 0.71 1003.0 278.0 1025.0 315.0
face 0.68 934.0 435.0 958.0 465.0
face 0.66 60.0 597.0 74.0 613.0
face 0.62 254.0 470.0 296.0 530.0
face 0.60 181.0 242.0 239.0 321.0
face 0.58 834.0 230.0 857.0 257.0
face 0.57 644.0 278.0 674.0 316.0
face 0.55 567.0 337.0 602.0 376.0
face 0.53 869.0 184.0 913.0 242.0
face 0.52 663.0 223.0 675.0 238.0
face 0.49 825.0 162.0 865.0 212.0
face 0.48 978.0 61.0 994.0 80.0
face 0.47 925.0 160.0 942.0 182.0
face 0.47 666.0 285.0 703.0 329.0
face 0.47 748.0 141.0 766.0 163.0
face 0.45 336.0 180.0 350.0 196.0
face 0.44 760.0 262.0 773.0 278.0
face 0.44 825.0 387.0 841.0 407.0
face 0.42 563.0 492.0 583.0 520.0
face 0.42 979.0 268.0 990.0 282.0
face 0.42 368.0 571.0 491.0 668.0
face 0.41 559.0 285.0 570.0 300.0
face 0.41 309.0 250.0 352.0 299.0
face 0.40 369.0 237.0 382.0 253.0
face 0.40 393.0 199.0 418.0 227.0
face 0.39 7.0 120.0 23.0 141.0
face 0.39 970.0 90.0 994.0 116.0
face 0.39 922.0 222.0 934.0 236.0
face 0.38 659.0 302.0 676.0 322.0
face 0.38 638.0 205.0 653.0 222.0
face 0.37 4.0 252.0 19.0 271.0
face 0.37 316.0 198.0 331.0 215.0
face 0.37 76.0 222.0 92.0 239.0
face 0.37 701.0 281.0 716.0 301.0
face 0.37 37.0 124.0 51.0 140.0
face 0.37 646.0 164.0 661.0 183.0
face 0.37 869.0 98.0 885.0 116.0
face 0.37 516.0 179.0 530.0 195.0
face 0.36 305.0 206.0 318.0 221.0
face 0.36 685.0 39.0 713.0 72.0
face 0.36 555.0 219.0 574.0 240.0
face 0.36 861.0 76.0 876.0 93.0
face 0.36 656.0 205.0 666.0 219.0
face 0.36 52.0 130.0 67.0 149.0
face 0.36 826.0 42.0 843.0 62.0
face 0.36 316.0 148.0 330.0 166.0
face 0.36 827.0 81.0 841.0 100.0
face 0.36 983.0 230.0 994.0 244.0
face 0.36 88.0 317.0 99.0 332.0
face 0.35 935.0 46.0 946.0 59.0
face 0.35 935.0 231.0 946.0 243.0
face 0.35 80.0 596.0 90.0 609.0
face 0.35 -1.0 252.0 10.0 268.0
face 0.35 793.0 134.0 813.0 162.0
face 0.35 689.0 519.0 701.0 531.0
face 0.35 629.0 167.0 642.0 180.0
