face 0.99 657.0 486.0 679.0 514.0
face 0.94 867.0 351.0 884.0 371.0
face 0.87 270.0 390.0 288.0 411.0
face 0.87 417.0 404.0 438.0 427.0
face 0.80 887.0 291.0 900.0 307.0
face 0.74 422.0 508.0 442.0 532.0
face 0.71 799.0 258.0 811.0 274.0
face 0.69 811.0 317.0 826.0 335.0
face 0.65 451.0 339.0 468.0 360.0
face 0.61 473.0 330.0 490.0 351.0
face 0.60 578.0 540.0 592.0 556.0
face 0.59 72.0 563.0 102.0 597.0
face 0.57 787.0 299.0 800.0 315.0
face 0.56 495.0 165.0 506.0 179.0
face 0.55 559.0 149.0 569.0 161.0
face 0.53 788.0 102.0 800.0 117.0
face 0.53 808.0 238.0 818.0 250.0
face 0.52 996.0 689.0 1013.0 706.0
face 0.50 721.0 356.0 736.0 374.0
face 0.49 893.0 350.0 909.0 368.0
face 0.48 366.0 326.0 380.0 343.0
face 0.48 408.0 347.0 422.0 362.0
face 0.48 780.0 205.0 791.0 219.0
face 0.47 420.0 431.0 439.0 453.0
face 0.47 853.0 190.0 866.0 207.0
face 0.46 690.0 300.0 750.0 375.0
face 0.45 797.0 390.0 809.0 405.0
face 0.45 907.0 96.0 929.0 121.0
face 0.45 870.0 257.0 889.0 281.0
face 0.43 804.0 323.0 820.0 341.0
face 0.43 413.0 317.0 427.0 335.0
face 0.42 331.0 349.0 354.0 377.0
face 0.42 791.0 188.0 805.0 206.0
face 0.41 765.0 196.0 777.0 210.0
face 0.41 727.0 498.0 754.0 530.0
face 0.41 336.0 98.0 357.0 124.0
face 0.40 821.0 237.0 832.0 249.0
face 0.40 775.0 230.0 786.0 244.0
face 0.40 813.0 237.0 826.0 252.0
face 0.39 856.0 366.0 870.0 385.0
face 0.39 664.0 415.0 719.0 472.0
face 0.38 756.0 333.0 771.0 351.0
face 0.38 759.0 198.0 770.0 212.0
face 0.38 867.0 274.0 882.0 291.0
face 0.38 759.0 292.0 770.0 306.0
face 0.38 789.0 329.0 805.0 347.0
face 0.38 225.0 411.0 241.0 429.0
face 0.37 774.0 198.0 785.0 212.0
face 0.37 732.0 344.0 765.0 389.0
face 0.37 728.0 45.0 739.0 58.0
face 0.37 382.0 325.0 393.0 339.0
face 0.37 54.0 541.0 65.0 554.0
face 0.37 394.0 315.0 408.0 333.0
face 0.37 776.0 212.0 786.0 225.0
face 0.37 591.0 549.0 601.0 562.0
face 0.37 725.0 427.0 738.0 444.0
face 0.36 501.0 159.0 511.0 171.0
face 0.36 550.0 168.0 560.0 180.0
face 0.36 623.0 109.0 633.0 121.0
face 0.36 375.0 317.0 387.0 334.0
face 0.36 380.0 330.0 395.0 348.0
face 0.36 1014.0 213.0 1024.0 228.0
face 0.36 807.0 283.0 819.0 298.0
face 0.36 488.0 166.0 499.0 178.0
face 0.36 615.0 125.0 626.0 138.0
face 0.36 348.0 428.0 365.0 448.0
face 0.36 328.0 413.0 339.0 426.0
face 0.36 255.0 389.0 265.0 402.0
face 0.36 871.0 254.0 883.0 267.0
face 0.36 367.0 350.0 378.0 361.0
face 0.36 332.0 310.0 347.0 328.0
face 0.36 773.0 307.0 786.0 323.0
face 0.36 584.0 128.0 593.0 139.0
face 0.36 799.0 319.0 811.0 332.0
face 0.36 543.0 149.0 553.0 162.0
face 0.36 895.0 268.0 907.0 281.0
face 0.36 575.0 142.0 585.0 153.0
face 0.36 820.0 261.0 834.0 278.0
face 0.35 797.0 326.0 809.0 340.0
face 0.35 591.0 554.0 606.0 572.0
face 0.35 375.0 332.0 385.0 347.0
face 0.35 764.0 148.0 778.0 166.0
face 0.35 815.0 267.0 827.0 283.0
face 0.35 743.0 127.0 753.0 138.0
face 0.35 603.0 572.0 616.0 590.0
face 0.35 389.0 325.0 402.0 339.0
face 0.35 646.0 109.0 656.0 121.0
face 0.35 805.0 255.0 815.0 267.0
face 0.35 813.0 278.0 824.0 291.0
face 0.35 409.0 325.0 419.0 339.0
face 0.35 309.0 403.0 321.0 417.0
face 0.35 670.0 112.0 680.0 123.0
face 0.35 526.0 166.0 536.0 177.0
face 0.35 520.0 165.0 530.0 177.0
face 0.35 760.0 192.0 770.0 204.0
face 0.35 1006.0 688.0 1016.0 702.0
face 0.35 520.0 160.0 529.0 171.0
face 0.35 751.0 126.0 760.0 136.0
face 0.35 647.0 104.0 657.0 115.0
face 0.35 742.0 132.0 754.0 147.0
face 0.35 510.0 175.0 521.0 187.0
face 0.35 814.0 80.0 825.0 92.0
face 0.35 408.0 334.0 418.0 346.0
