face 1.00 499.0 41.0 703.0 313.0
face 1.00 62.0 222.0 122.0 304.0
face 0.97 211.0 141.0 409.0 398.0
face 0.85 697.0 173.0 771.0 277.0
face 0.82 38.0 268.0 66.0 306.0
face 0.75 464.0 301.0 519.0 372.0
face 0.56 565.0 639.0 581.0 660.0
face 0.56 430.0 164.0 485.0 243.0
face 0.50 -1.0 465.0 24.0 506.0
face 0.46 358.0 23.0 371.0 37.0
face 0.45 540.0 711.0 561.0 741.0
face 0.39 195.0 831.0 210.0 852.0
face 0.38 79.0 5.0 193.0 101.0
face 0.36 421.0 247.0 437.0 271.0
face 0.36 518.0 536.0 534.0 556.0
face 0.35 510.0 650.0 525.0 669.0
face 0.35 551.0 675.0 574.0 707.0
face 0.35 492.0 605.0 508.0 626.0
