face 1.00 776.0 151.0 808.0 190.0
face 0.98 729.0 147.0 762.0 184.0
face 0.81 868.0 529.0 884.0 548.0
face 0.63 560.0 499.0 572.0 515.0
face 0.53 588.0 631.0 601.0 648.0
face 0.53 720.0 502.0 731.0 515.0
face 0.52 362.0 689.0 383.0 712.0
face 0.52 432.0 508.0 444.0 524.0
face 0.51 510.0 193.0 523.0 209.0
face 0.50 132.0 173.0 148.0 190.0
face 0.46 742.0 420.0 754.0 434.0
face 0.45 821.0 470.0 834.0 484.0
face 0.44 568.0 526.0 591.0 554.0
face 0.44 932.0 374.0 947.0 391.0
face 0.43 744.0 732.0 766.0 759.0
face 0.42 1005.0 516.0 1020.0 536.0
face 0.41 968.0 718.0 978.0 731.0
face 0.41 790.0 412.0 801.0 428.0
face 0.40 196.0 139.0 236.0 188.0
face 0.40 735.0 493.0 748.0 509.0
face 0.40 495.0 535.0 511.0 552.0
face 0.39 348.0 710.0 359.0 723.0
face 0.39 934.0 507.0 949.0 525.0
face 0.39 831.0 690.0 845.0 708.0
face 0.39 838.0 476.0 854.0 496.0
face 0.39 328.0 676.0 342.0 693.0
face 0.39 255.0 673.0 269.0 691.0
face 0.38 542.0 467.0 555.0 482.0
face 0.38 541.0 525.0 555.0 542.0
face 0.38 988.0 554.0 1004.0 574.0
face 0.38 726.0 488.0 736.0 499.0
face 0.38 548.0 623.0 594.0 680.0
face 0.37 53.0 138.0 68.0 156.0
face 0.37 717.0 716.0 731.0 732.0
face 0.37 909.0 302.0 923.0 319.0
face 0.37 392.0 649.0 406.0 668.0
face 0.37 711.0 710.0 722.0 723.0
face 0.37 103.0 79.0 114.0 92.0
face 0.37 726.0 722.0 737.0 735.0
face 0.36 736.0 540.0 748.0 553.0
face 0.36 854.0 703.0 865.0 716.0
face 0.36 677.0 257.0 691.0 274.0
face 0.36 110.0 141.0 124.0 157.0
face 0.36 694.0 702.0 705.0 715.0
face 0.36 891.0 715.0 907.0 737.0
face 0.36 341.0 725.0 353.0 739.0
face 0.36 472.0 541.0 483.0 553.0
face 0.36 860.0 370.0 874.0 387.0
face 0.36 543.0 510.0 553.0 522.0
face 0.36 45.0 110.0 58.0 125.0
face 0.36 735.0 488.0 745.0 501.0
face 0.36 735.0 509.0 747.0 522.0
face 0.36 421.0 629.0 435.0 645.0
face 0.36 22.0 141.0 33.0 155.0
face 0.36 94.0 117.0 106.0 131.0
face 0.36 966.0 576.0 976.0 589.0
face 0.36 230.0 669.0 242.0 685.0
face 0.36 657.0 573.0 667.0 585.0
face 0.36 844.0 675.0 860.0 693.0
face 0.36 86.0 22.0 99.0 37.0
face 0.36 711.0 606.0 724.0 622.0
face 0.36 891.0 370.0 906.0 389.0
face 0.36 94.0 21.0 105.0 34.0
face 0.36 974.0 523.0 985.0 537.0
face 0.36 77.0 75.0 92.0 94.0
face 0.36 510.0 461.0 521.0 474.0
face 0.36 874.0 685.0 887.0 703.0
face 0.36 55.0 47.0 65.0 59.0
face 0.36 12.0 153.0 27.0 170.0
face 0.36 701.0 701.0 713.0 715.0
face 0.36 548.0 371.0 588.0 419.0
face 0.36 799.0 486.0 810.0 500.0
face 0.36 54.0 14.0 64.0 27.0
face 0.36 797.0 667.0 809.0 682.0
face 0.36 94.0 111.0 105.0 123.0
face 0.36 847.0 469.0 859.0 483.0
face 0.36 963.0 621.0 980.0 640.0
face 0.36 669.0 294.0 681.0 308.0
face 0.35 927.0 309.0 937.0 322.0
face 0.35 85.0 123.0 100.0 142.0
face 0.35 487.0 540.0 498.0 553.0
face 0.35 70.0 31.0 80.0 42.0
face 0.35 111.0 30.0 122.0 43.0
face 0.35 959.0 371.0 974.0 389.0
face 0.35 79.0 19.0 91.0 35.0
face 0.35 573.0 639.0 584.0 652.0
face 0.35 694.0 494.0 704.0 506.0
face 0.35 373.0 692.0 385.0 707.0
face 0.35 85.0 107.0 99.0 122.0
face 0.35 550.0 492.0 561.0 506.0
face 0.35 721.0 486.0 731.0 498.0
face 0.35 519.0 444.0 530.0 457.0
face 0.35 726.0 509.0 737.0 522.0
face 0.35 511.0 517.0 523.0 531.0
face 0.35 935.0 308.0 945.0 320.0
face 0.35 111.0 116.0 123.0 130.0
face 0.35 1005.0 593.0 1020.0 611.0
face 0.35 37.0 30.0 48.0 43.0
face 0.35 852.0 739.0 868.0 758.0
face 0.35 965.0 556.0 977.0 570.0
face 0.35 743.0 486.0 753.0 500.0
face 0.35 535.0 468.0 549.0 483.0
face 0.35 692.0 500.0 706.0 515.0
face 0.35 822.0 686.0 833.0 699.0
face 0.35 564.0 437.0 577.0 454.0
face 0.35 570.0 354.0 584.0 371.0
face 0.35 334.0 696.0 346.0 707.0
face 0.35 710.0 703.0 720.0 715.0
face 0.35 775.0 637.0 788.0 652.0
face 0.35 973.0 509.0 984.0 523.0
face 0.35 983.0 532.0 993.0 545.0
face 0.35 983.0 574.0 993.0 586.0
face 0.35 999.0 533.0 1010.0 546.0
face 0.35 239.0 679.0 249.0 692.0
face 0.35 65.0 128.0 75.0 139.0
