face 1.00 78.0 82.0 155.0 193.0
face 0.86 240.0 279.0 261.0 306.0
face 0.81 799.0 326.0 809.0 338.0
face 0.80 814.0 318.0 825.0 332.0
face 0.68 1005.0 470.0 1022.0 488.0
face 0.68 138.0 409.0 157.0 436.0
face 0.67 646.0 222.0 673.0 263.0
face 0.67 517.0 971.0 532.0 987.0
face 0.61 350.0 807.0 375.0 837.0
face 0.54 381.0 556.0 393.0 570.0
face 0.52 483.0 426.0 561.0 505.0
face 0.51 159.0 409.0 176.0 429.0
face 0.50 297.0 833.0 313.0 852.0
face 0.49 323.0 828.0 340.0 846.0
face 0.47 617.0 289.0 642.0 320.0
face 0.46 384.0 237.0 396.0 252.0
face 0.45 538.0 521.0 619.0 628.0
face 0.45 855.0 328.0 867.0 342.0
face 0.45 267.0 874.0 282.0 895.0
face 0.44 344.0 782.0 399.0 840.0
face 0.44 81.0 802.0 141.0 870.0
face 0.42 606.0 1131.0 619.0 1148.0
face 0.42 258.0 878.0 278.0 906.0
face 0.42 604.0 1157.0 627.0 1187.0
face 0.42 312.0 1146.0 327.0 1165.0
face 0.42 161.0 1329.0 175.0 1348.0
face 0.41 497.0 267.0 546.0 325.0
face 0.41 310.0 205.0 321.0 220.0
face 0.41 93.0 813.0 104.0 826.0
face 0.41 417.0 296.0 428.0 309.0
face 0.40 529.0 448.0 554.0 478.0
face 0.40 905.0 300.0 921.0 320.0
face 0.40 339.0 931.0 355.0 950.0
face 0.40 163.0 289.0 179.0 310.0
face 0.39 556.0 271.0 570.0 287.0
face 0.38 669.0 380.0 685.0 401.0
face 0.38 934.0 581.0 1016.0 685.0
face 0.37 61.0 682.0 74.0 698.0
face 0.37 300.0 803.0 315.0 822.0
face 0.37 420.0 923.0 437.0 942.0
face 0.37 182.0 926.0 192.0 939.0
face 0.37 453.0 454.0 537.0 527.0
face 0.37 679.0 365.0 694.0 382.0
face 0.36 324.0 87.0 335.0 101.0
face 0.36 427.0 276.0 439.0 291.0
face 0.36 183.0 198.0 193.0 210.0
face 0.36 663.0 819.0 677.0 838.0
face 0.36 695.0 1052.0 708.0 1066.0
face 0.36 565.0 274.0 578.0 291.0
face 0.35 365.0 939.0 380.0 958.0
face 0.35 645.0 569.0 672.0 606.0
face 0.35 807.0 309.0 817.0 322.0
face 0.35 512.0 957.0 524.0 971.0
face 0.35 640.0 866.0 655.0 885.0
face 0.35 368.0 125.0 378.0 137.0
face 0.35 445.0 709.0 458.0 726.0
face 0.35 627.0 292.0 660.0 328.0
face 0.35 397.0 278.0 408.0 292.0
face 0.35 88.0 828.0 100.0 843.0
face 0.35 333.0 180.0 348.0 197.0
