face 1.00 275.0 154.0 313.0 204.0
face 0.74 32.0 601.0 139.0 713.0
face 0.68 955.0 246.0 976.0 270.0
face 0.65 926.0 317.0 976.0 393.0
face 0.62 922.0 178.0 958.0 217.0
face 0.52 72.0 646.0 96.0 674.0
face 0.49 654.0 19.0 672.0 42.0
face 0.47 394.0 138.0 450.0 195.0
face 0.47 930.0 146.0 944.0 164.0
face 0.45 720.0 18.0 733.0 37.0
face 0.42 227.0 116.0 241.0 134.0
face 0.41 817.0 403.0 869.0 461.0
face 0.41 366.0 342.0 386.0 370.0
face 0.40 835.0 416.0 852.0 437.0
face 0.39 431.0 467.0 538.0 566.0
face 0.38 692.0 34.0 704.0 49.0
face 0.38 826.0 197.0 841.0 213.0
face 0.38 516.0 67.0 532.0 88.0
face 0.37 934.0 244.0 951.0 262.0
face 0.37 916.0 163.0 932.0 181.0
face 0.37 901.0 183.0 914.0 200.0
face 0.37 925.0 148.0 967.0 199.0
face 0.37 696.0 21.0 706.0 34.0
face 0.37 221.0 122.0 237.0 141.0
face 0.36 756.0 266.0 770.0 283.0
face 0.36 700.0 16.0 714.0 34.0
face 0.36 752.0 315.0 766.0 333.0
face 0.36 917.0 181.0 930.0 196.0
face 0.35 669.0 -1.0 682.0 11.0
face 0.35 702.0 46.0 713.0 61.0
face 0.35 836.0 434.0 851.0 453.0
