face 0.99 881.0 239.0 899.0 261.0
face 0.82 502.0 228.0 519.0 251.0
face 0.43 763.0 198.0 775.0 212.0
face 0.41 306.0 261.0 341.0 300.0
face 0.40 410.0 228.0 422.0 244.0
face 0.38 760.0 258.0 814.0 318.0
face 0.38 914.0 231.0 927.0 245.0
face 0.37 967.0 276.0 980.0 292.0
face 0.37 963.0 253.0 977.0 268.0
face 0.37 839.0 218.0 853.0 237.0
face 0.36 791.0 422.0 819.0 454.0
face 0.36 901.0 218.0 913.0 233.0
face 0.36 518.0 228.0 529.0 241.0
face 0.36 965.0 179.0 979.0 194.0
face 0.36 998.0 275.0 1009.0 288.0
face 0.35 983.0 236.0 994.0 249.0
face 0.35 774.0 662.0 785.0 673.0
face 0.35 886.0 222.0 897.0 234.0
face 0.35 919.0 166.0 929.0 178.0
face 0.35 894.0 523.0 909.0 545.0
