face 1.00 471.0 101.0 617.0 303.0
face 1.00 246.0 253.0 370.0 415.0
face 1.00 572.0 493.0 809.0 826.0
face 0.82 258.0 525.0 294.0 581.0
face 0.64 332.0 598.0 344.0 614.0
face 0.57 423.0 731.0 438.0 747.0
face 0.57 350.0 537.0 364.0 555.0
face 0.53 324.0 649.0 337.0 665.0
face 0.48 340.0 643.0 354.0 661.0
face 0.41 428.0 948.0 444.0 967.0
face 0.38 342.0 580.0 353.0 593.0
face 0.38 349.0 596.0 362.0 613.0
face 0.38 430.0 986.0 445.0 1003.0
face 0.35 438.0 966.0 449.0 978.0
face 0.35 462.0 952.0 473.0 965.0
