face 1.00 490.0 100.0 620.0 295.0
face 0.96 78.0 726.0 330.0 982.0
face 0.85 936.0 253.0 991.0 332.0
face 0.73 766.0 581.0 829.0 650.0
face 0.50 610.0 737.0 655.0 781.0
face 0.47 846.0 319.0 863.0 342.0
face 0.47 824.0 257.0 888.0 350.0
face 0.41 850.0 287.0 866.0 308.0
face 0.38 671.0 95.0 695.0 123.0
face 0.37 533.0 1405.0 548.0 1423.0
face 0.37 76.0 1364.0 224.0 1528.0
face 0.36 604.0 751.0 622.0 772.0
face 0.35 758.0 644.0 784.0 676.0
face 0.35 987.0 43.0 1001.0 59.0
face 0.35 989.0 60.0 1003.0 78.0
