face 1.00 402.0 414.0 450.0 476.0
face 1.00 521.0 399.0 561.0 449.0
face 1.00 590.0 396.0 632.0 443.0
face 1.00 297.0 385.0 347.0 446.0
face 1.00 476.0 453.0 517.0 505.0
face 0.84 189.0 397.0 205.0 416.0
face 0.69 490.0 403.0 505.0 421.0
face 0.57 886.0 466.0 898.0 482.0
face 0.55 681.0 581.0 723.0 646.0
face 0.55 487.0 360.0 499.0 375.0
face 0.49 73.0 395.0 94.0 419.0
face 0.41 0.0 401.0 14.0 422.0
face 0.41 406.0 147.0 423.0 168.0
face 0.39 375.0 417.0 390.0 437.0
face 0.37 133.0 330.0 145.0 347.0
face 0.36 584.0 490.0 596.0 505.0
face 0.36 998.0 85.0 1009.0 100.0
face 0.36 894.0 461.0 904.0 474.0
face 0.35 174.0 388.0 185.0 402.0
face 0.35 896.0 455.0 905.0 468.0
face 0.35 502.0 412.0 512.0 426.0
