face 1.00 323.0 230.0 364.0 280.0
face 1.00 48.0 243.0 96.0 319.0
face 1.00 643.0 194.0 697.0 262.0
face 1.00 420.0 150.0 461.0 197.0
face 1.00 165.0 247.0 213.0 309.0
face 0.99 932.0 221.0 975.0 273.0
face 0.92 613.0 136.0 652.0 183.0
face 0.63 498.0 519.0 522.0 550.0
face 0.46 685.0 363.0 703.0 384.0
face 0.43 524.0 33.0 574.0 101.0
face 0.39 980.0 232.0 996.0 252.0
face 0.37 242.0 315.0 259.0 337.0
face 0.37 790.0 170.0 860.0 255.0
face 0.37 633.0 351.0 681.0 393.0
face 0.37 526.0 294.0 550.0 322.0
face 0.35 103.0 408.0 124.0 435.0
