face 1.00 450.0 207.0 559.0 346.0
face 1.00 952.0 254.0 1022.0 342.0
face 1.00 30.0 48.0 134.0 180.0
face 1.00 767.0 237.0 826.0 314.0
face 0.93 650.0 377.0 683.0 425.0
face 0.64 167.0 947.0 183.0 966.0
face 0.59 381.0 949.0 397.0 968.0
face 0.45 835.0 951.0 848.0 967.0
face 0.43 813.0 947.0 829.0 968.0
face 0.39 250.0 583.0 278.0 616.0
face 0.39 256.0 460.0 283.0 492.0
face 0.38 882.0 574.0 899.0 596.0
face 0.38 738.0 944.0 762.0 975.0
face 0.37 427.0 704.0 451.0 732.0
face 0.37 240.0 510.0 287.0 568.0
face 0.37 362.0 948.0 377.0 968.0
face 0.36 588.0 953.0 604.0 972.0
face 0.36 665.0 575.0 691.0 606.0
face 0.36 609.0 955.0 623.0 971.0
