face 1.00 565.0 353.0 606.0 410.0
face 1.00 184.0 275.0 229.0 337.0
face 1.00 660.0 282.0 706.0 340.0
face 1.00 420.0 394.0 460.0 445.0
face 1.00 707.0 433.0 745.0 478.0
face 1.00 765.0 222.0 810.0 280.0
face 1.00 299.0 345.0 343.0 402.0
face 0.61 8.0 510.0 20.0 523.0
face 0.59 961.0 662.0 972.0 675.0
face 0.51 508.0 6.0 522.0 23.0
face 0.50 101.0 261.0 113.0 276.0
face 0.49 808.0 662.0 819.0 675.0
face 0.48 494.0 1.0 508.0 14.0
face 0.47 469.0 205.0 484.0 226.0
face 0.45 182.0 214.0 193.0 228.0
face 0.45 649.0 662.0 660.0 675.0
face 0.43 421.0 158.0 432.0 171.0
face 0.42 868.0 530.0 882.0 545.0
face 0.42 725.0 295.0 756.0 327.0
face 0.42 574.0 175.0 585.0 189.0
face 0.41 614.0 515.0 625.0 530.0
face 0.41 789.0 126.0 799.0 138.0
face 0.41 362.0 406.0 394.0 446.0
face 0.40 776.0 133.0 786.0 147.0
face 0.39 359.0 85.0 369.0 98.0
face 0.39 666.0 662.0 676.0 674.0
face 0.39 544.0 179.0 557.0 196.0
face 0.39 621.0 306.0 636.0 326.0
face 0.39 56.0 0.0 70.0 12.0
face 0.38 201.0 126.0 211.0 138.0
face 0.38 652.0 669.0 664.0 681.0
face 0.38 527.0 87.0 537.0 98.0
face 0.38 365.0 269.0 377.0 284.0
face 0.38 816.0 94.0 825.0 105.0
face 0.38 895.0 347.0 912.0 369.0
face 0.38 948.0 670.0 959.0 681.0
face 0.37 776.0 662.0 791.0 675.0
face 0.37 863.0 525.0 874.0 538.0
face 0.37 412.0 385.0 429.0 407.0
face 0.37 983.0 510.0 995.0 525.0
face 0.37 974.0 548.0 987.0 563.0
face 0.37 978.0 661.0 989.0 674.0
face 0.37 989.0 533.0 1000.0 547.0
face 0.37 36.0 525.0 48.0 539.0
face 0.37 46.0 541.0 59.0 556.0
face 0.37 991.0 214.0 1000.0 225.0
face 0.37 752.0 155.0 766.0 172.0
face 0.37 950.0 317.0 962.0 331.0
face 0.36 440.0 54.0 451.0 66.0
face 0.36 966.0 541.0 978.0 556.0
face 0.36 217.0 77.0 227.0 90.0
face 0.36 48.0 527.0 59.0 540.0
face 0.36 719.0 662.0 729.0 674.0
face 0.36 990.0 509.0 1002.0 523.0
face 0.36 51.0 533.0 63.0 547.0
face 0.36 374.0 178.0 385.0 192.0
face 0.36 982.0 550.0 993.0 563.0
face 0.36 960.0 541.0 970.0 553.0
face 0.36 975.0 534.0 985.0 546.0
face 0.36 951.0 124.0 962.0 137.0
face 0.36 848.0 656.0 857.0 667.0
face 0.36 56.0 80.0 68.0 95.0
face 0.36 980.0 276.0 993.0 292.0
face 0.36 822.0 668.0 834.0 680.0
face 0.36 882.0 663.0 892.0 675.0
face 0.36 71.0 492.0 81.0 505.0
face 0.36 150.0 150.0 160.0 161.0
face 0.36 976.0 668.0 989.0 680.0
face 0.36 904.0 662.0 914.0 674.0
face 0.36 80.0 524.0 91.0 537.0
face 0.36 725.0 293.0 737.0 306.0
face 0.36 991.0 207.0 1001.0 219.0
face 0.36 984.0 262.0 994.0 273.0
face 0.36 975.0 543.0 984.0 555.0
face 0.36 63.0 544.0 73.0 554.0
face 0.36 846.0 273.0 860.0 290.0
face 0.36 576.0 238.0 586.0 251.0
face 0.36 849.0 143.0 859.0 155.0
face 0.36 984.0 205.0 994.0 216.0
face 0.36 736.0 295.0 747.0 308.0
face 0.36 550.0 109.0 560.0 122.0
face 0.36 813.0 669.0 826.0 681.0
face 0.36 968.0 535.0 978.0 547.0
face 0.36 862.0 204.0 874.0 220.0
face 0.36 983.0 542.0 994.0 554.0
face 0.36 87.0 214.0 96.0 225.0
face 0.35 992.0 199.0 1001.0 210.0
face 0.35 198.0 158.0 209.0 171.0
face 0.35 973.0 157.0 983.0 169.0
face 0.35 623.0 207.0 634.0 220.0
face 0.35 589.0 2.0 607.0 24.0
face 0.35 959.0 535.0 969.0 547.0
face 0.35 12.0 130.0 26.0 146.0
face 0.35 881.0 24.0 891.0 34.0
face 0.35 725.0 174.0 735.0 186.0
face 0.35 717.0 290.0 732.0 307.0
face 0.35 310.0 143.0 321.0 156.0
face 0.35 886.0 165.0 899.0 180.0
face 0.35 888.0 159.0 897.0 170.0
face 0.35 630.0 292.0 641.0 306.0
face 0.35 447.0 214.0 458.0 227.0
face 0.35 864.0 126.0 872.0 137.0
face 0.35 909.0 134.0 919.0 145.0
face 0.35 948.0 531.0 961.0 547.0
face 0.35 944.0 663.0 955.0 676.0
face 0.35 1007.0 189.0 1017.0 201.0
face 0.35 806.0 112.0 815.0 123.0
face 0.35 647.0 87.0 657.0 100.0
face 0.35 183.0 158.0 193.0 169.0
face 0.35 942.0 317.0 953.0 332.0
face 0.35 781.0 131.0 793.0 146.0
face 0.35 286.0 142.0 295.0 153.0
face 0.35 77.0 118.0 87.0 129.0
face 0.35 887.0 151.0 897.0 162.0
face 0.35 71.0 223.0 80.0 233.0
face 0.35 846.0 147.0 858.0 162.0
face 0.35 630.0 209.0 639.0 220.0
face 0.35 72.0 535.0 81.0 546.0
face 0.35 573.0 184.0 588.0 201.0
face 0.35 870.0 144.0 879.0 156.0
face 0.35 804.0 117.0 814.0 130.0
face 0.35 863.0 165.0 872.0 176.0
face 0.35 141.0 110.0 152.0 122.0
face 0.35 38.0 63.0 47.0 75.0
face 0.35 927.0 151.0 937.0 162.0
face 0.35 761.0 663.0 773.0 676.0
face 0.35 71.0 541.0 83.0 555.0
face 0.35 823.0 110.0 833.0 122.0
face 0.35 135.0 159.0 144.0 171.0
face 0.35 247.0 206.0 257.0 218.0
face 0.35 541.0 508.0 556.0 527.0
face 0.35 893.0 159.0 903.0 173.0
face 0.35 77.0 197.0 87.0 209.0
face 0.35 976.0 525.0 986.0 538.0
