face 1.00 1002.0 314.0 1024.0 343.0
face 1.00 701.0 299.0 736.0 349.0
face 1.00 831.0 387.0 864.0 434.0
face 1.00 985.0 71.0 1018.0 115.0
face 1.00 881.0 29.0 909.0 67.0
face 0.96 845.0 201.0 879.0 247.0
face 0.87 771.0 14.0 798.0 48.0
face 0.79 490.0 170.0 541.0 227.0
face 0.74 166.0 198.0 180.0 215.0
face 0.72 720.0 25.0 745.0 58.0
face 0.66 267.0 219.0 282.0 237.0
face 0.66 573.0 134.0 614.0 180.0
face 0.64 69.0 209.0 81.0 224.0
face 0.52 47.0 191.0 96.0 245.0
face 0.49 380.0 66.0 393.0 85.0
face 0.47 738.0 397.0 754.0 418.0
face 0.43 948.0 107.0 975.0 141.0
face 0.42 883.0 76.0 912.0 110.0
face 0.39 1011.0 169.0 1024.0 189.0
face 0.38 605.0 310.0 617.0 324.0
face 0.37 754.0 92.0 769.0 113.0
face 0.36 803.0 464.0 820.0 487.0
face 0.36 193.0 485.0 221.0 514.0
face 0.36 167.0 219.0 179.0 233.0
face 0.36 247.0 200.0 303.0 259.0
face 0.36 494.0 201.0 522.0 233.0
face 0.36 76.0 226.0 91.0 245.0
