face 0.91 838.0 9.0 934.0 151.0
face 0.52 844.0 396.0 870.0 422.0
face 0.49 548.0 355.0 566.0 378.0
face 0.45 701.0 530.0 716.0 548.0
face 0.40 593.0 560.0 637.0 624.0
face 0.39 506.0 710.0 518.0 725.0
face 0.38 681.0 524.0 731.0 577.0
face 0.37 835.0 398.0 850.0 416.0
face 0.37 601.0 593.0 621.0 617.0
face 0.36 817.0 98.0 831.0 116.0
face 0.36 813.0 405.0 827.0 422.0
face 0.36 868.0 387.0 883.0 404.0
face 0.36 695.0 540.0 705.0 553.0
face 0.36 426.0 483.0 450.0 512.0
face 0.36 714.0 540.0 728.0 559.0
