face 1.00 579.0 44.0 625.0 103.0
face 1.00 448.0 83.0 497.0 151.0
face 1.00 307.0 87.0 345.0 134.0
face 1.00 97.0 102.0 140.0 156.0
face 1.00 700.0 66.0 745.0 129.0
face 1.00 352.0 73.0 400.0 139.0
face 1.00 893.0 50.0 940.0 128.0
face 1.00 397.0 73.0 435.0 133.0
face 0.38 987.0 487.0 1009.0 517.0
face 0.37 1013.0 397.0 1024.0 414.0
face 0.37 668.0 356.0 680.0 372.0
face 0.36 402.0 66.0 421.0 93.0
face 0.35 658.0 436.0 672.0 455.0
face 0.35 336.0 588.0 347.0 601.0
face 0.35 310.0 537.0 334.0 566.0
