face 1.00 822.0 70.0 924.0 209.0
face 1.00 754.0 148.0 790.0 187.0
face 0.98 550.0 129.0 587.0 173.0
face 0.84 392.0 406.0 417.0 438.0
face 0.71 575.0 131.0 600.0 161.0
face 0.58 324.0 393.0 339.0 411.0
face 0.54 29.0 111.0 47.0 132.0
face 0.44 59.0 99.0 74.0 117.0
face 0.43 558.0 396.0 574.0 415.0
face 0.42 349.0 114.0 379.0 150.0
face 0.41 255.0 654.0 266.0 668.0
face 0.39 283.0 394.0 301.0 414.0
face 0.39 212.0 99.0 228.0 117.0
face 0.38 832.0 147.0 880.0 206.0
face 0.36 858.0 160.0 877.0 180.0
face 0.35 405.0 387.0 419.0 404.0
face 0.35 640.0 227.0 651.0 242.0
face 0.35 207.0 102.0 218.0 115.0
face 0.35 387.0 389.0 402.0 407.0
