face 0.99 529.0 93.0 594.0 173.0
face 0.59 313.0 41.0 324.0 54.0
face 0.58 892.0 585.0 938.0 658.0
face 0.47 2.0 338.0 18.0 359.0
face 0.45 106.0 543.0 122.0 565.0
face 0.39 831.0 640.0 847.0 660.0
face 0.38 842.0 604.0 859.0 625.0
face 0.38 265.0 680.0 283.0 701.0
face 0.37 20.0 319.0 34.0 337.0
face 0.37 506.0 17.0 522.0 37.0
face 0.36 854.0 665.0 869.0 684.0
face 0.36 252.0 644.0 331.0 734.0
face 0.36 730.0 347.0 777.0 404.0
face 0.36 300.0 2.0 328.0 28.0
face 0.36 2.0 263.0 20.0 287.0
face 0.36 723.0 388.0 739.0 406.0
