face 0.99 636.0 115.0 654.0 138.0
face 0.99 714.0 86.0 737.0 113.0
face 0.94 353.0 118.0 372.0 142.0
face 0.94 296.0 204.0 319.0 231.0
face 0.86 810.0 37.0 827.0 58.0
face 0.84 799.0 101.0 825.0 133.0
face 0.83 894.0 31.0 921.0 63.0
face 0.82 779.0 104.0 794.0 122.0
face 0.81 813.0 63.0 830.0 84.0
face 0.75 683.0 112.0 710.0 144.0
face 0.66 916.0 74.0 939.0 102.0
face 0.65 780.0 32.0 800.0 57.0
face 0.61 565.0 88.0 583.0 109.0
face 0.54 420.0 227.0 443.0 254.0
face 0.53 844.0 10.0 866.0 37.0
face 0.52 794.0 83.0 810.0 101.0
face 0.51 593.0 93.0 612.0 112.0
face 0.48 219.0 344.0 252.0 381.0
face 0.43 621.0 180.0 650.0 216.0
face 0.43 172.0 125.0 189.0 146.0
face 0.41 517.0 183.0 535.0 206.0
face 0.41 685.0 437.0 715.0 472.0
face 0.40 484.0 431.0 507.0 458.0
face 0.40 958.0 157.0 973.0 178.0
face 0.39 675.0 117.0 693.0 142.0
face 0.38 404.0 315.0 419.0 333.0
face 0.38 955.0 317.0 969.0 335.0
face 0.38 824.0 322.0 838.0 341.0
face 0.38 642.0 171.0 658.0 190.0
face 0.37 951.0 158.0 977.0 197.0
face 0.37 767.0 134.0 780.0 151.0
face 0.37 709.0 288.0 723.0 307.0
face 0.37 709.0 114.0 722.0 133.0
face 0.36 732.0 18.0 748.0 38.0
face 0.36 774.0 147.0 787.0 163.0
face 0.36 651.0 188.0 666.0 208.0
face 0.36 746.0 93.0 762.0 111.0
face 0.36 439.0 337.0 461.0 365.0
face 0.36 447.0 277.0 462.0 295.0
face 0.36 655.0 118.0 667.0 131.0
face 0.36 828.0 76.0 844.0 95.0
face 0.36 148.0 227.0 165.0 248.0
face 0.36 456.0 92.0 479.0 121.0
face 0.36 190.0 308.0 204.0 326.0
face 0.36 739.0 26.0 753.0 42.0
face 0.35 820.0 50.0 834.0 69.0
face 0.35 113.0 141.0 126.0 158.0
face 0.35 437.0 405.0 449.0 420.0
face 0.35 42.0 227.0 55.0 243.0
face 0.35 12.0 900.0 27.0 919.0
face 0.35 765.0 53.0 778.0 66.0
face 0.35 257.0 348.0 273.0 367.0
face 0.35 765.0 29.0 777.0 45.0
face 0.35 460.0 443.0 473.0 460.0
