face 1.00 839.0 230.0 915.0 322.0
face 1.00 498.0 195.0 561.0 282.0
face 1.00 351.0 224.0 406.0 305.0
face 1.00 220.0 193.0 277.0 268.0
face 1.00 649.0 227.0 710.0 306.0
face 0.53 54.0 1492.0 67.0 1508.0
face 0.53 605.0 189.0 616.0 203.0
face 0.52 625.0 186.0 638.0 203.0
face 0.47 536.0 224.0 559.0 253.0
face 0.46 735.0 1137.0 747.0 1152.0
face 0.45 102.0 1493.0 114.0 1507.0
face 0.43 350.0 1054.0 361.0 1067.0
face 0.41 219.0 1494.0 230.0 1507.0
face 0.40 424.0 1464.0 436.0 1478.0
face 0.39 256.0 497.0 295.0 555.0
face 0.39 870.0 1222.0 882.0 1237.0
face 0.39 146.0 1494.0 159.0 1508.0
face 0.37 725.0 1391.0 736.0 1403.0
face 0.37 237.0 1467.0 248.0 1480.0
face 0.36 636.0 1139.0 650.0 1156.0
face 0.36 665.0 1197.0 678.0 1212.0
face 0.36 62.0 182.0 74.0 197.0
face 0.36 165.0 1495.0 175.0 1506.0
face 0.36 200.0 1439.0 209.0 1450.0
face 0.36 230.0 1478.0 241.0 1492.0
face 0.36 167.0 1021.0 179.0 1034.0
face 0.35 753.0 1141.0 764.0 1153.0
face 0.35 239.0 1440.0 248.0 1450.0
face 0.35 635.0 1195.0 648.0 1212.0
face 0.35 163.0 1500.0 177.0 1516.0
face 0.35 750.0 1146.0 764.0 1163.0
face 0.35 205.0 1496.0 215.0 1507.0
face 0.35 148.0 1363.0 162.0 1381.0
face 0.35 71.0 190.0 80.0 201.0
face 0.35 890.0 1222.0 902.0 1238.0
face 0.35 54.0 182.0 66.0 198.0
face 0.35 145.0 1465.0 160.0 1482.0
face 0.35 343.0 1463.0 355.0 1477.0
face 0.35 646.0 1195.0 659.0 1210.0
face 0.35 870.0 1376.0 882.0 1391.0
face 0.35 653.0 1191.0 663.0 1203.0
face 0.35 103.0 1478.0 113.0 1491.0
