face 0.99 547.0 238.0 559.0 252.0
face 0.76 414.0 266.0 433.0 289.0
face 0.48 87.0 231.0 99.0 245.0
face 0.48 233.0 239.0 242.0 250.0
face 0.41 336.0 301.0 380.0 353.0
face 0.38 29.0 199.0 40.0 213.0
face 0.38 829.0 173.0 841.0 186.0
face 0.37 868.0 306.0 886.0 329.0
face 0.36 709.0 244.0 723.0 260.0
face 0.36 160.0 273.0 170.0 284.0
face 0.36 78.0 255.0 88.0 267.0
face 0.36 406.0 256.0 416.0 269.0
face 0.36 799.0 381.0 814.0 397.0
face 0.36 806.0 574.0 817.0 587.0
face 0.35 187.0 235.0 198.0 250.0
face 0.35 151.0 275.0 163.0 290.0
face 0.35 174.0 204.0 186.0 218.0
face 0.35 856.0 216.0 866.0 227.0
face 0.35 349.0 507.0 363.0 525.0
