face 1.00 846.0 39.0 896.0 105.0
face 1.00 509.0 218.0 550.0 269.0
face 1.00 49.0 34.0 86.0 79.0
face 1.00 223.0 70.0 256.0 113.0
face 1.00 124.0 33.0 153.0 67.0
face 1.00 170.0 42.0 214.0 100.0
face 0.91 695.0 53.0 725.0 91.0
face 0.83 16.0 171.0 38.0 197.0
face 0.69 329.0 91.0 373.0 143.0
face 0.68 79.0 197.0 105.0 228.0
face 0.52 813.0 402.0 828.0 422.0
face 0.52 438.0 431.0 515.0 532.0
face 0.48 974.0 366.0 985.0 381.0
face 0.44 254.0 324.0 267.0 340.0
face 0.44 911.0 259.0 924.0 275.0
face 0.44 103.0 219.0 119.0 240.0
face 0.43 327.0 426.0 340.0 441.0
face 0.41 318.0 402.0 332.0 423.0
face 0.40 712.0 235.0 726.0 252.0
face 0.39 214.0 449.0 243.0 483.0
face 0.38 677.0 59.0 710.0 101.0
face 0.38 641.0 0.0 668.0 26.0
face 0.38 290.0 259.0 306.0 278.0
face 0.37 165.0 109.0 177.0 122.0
face 0.37 901.0 107.0 918.0 127.0
face 0.37 868.0 245.0 883.0 264.0
face 0.37 1014.0 190.0 1024.0 205.0
face 0.36 761.0 250.0 775.0 269.0
face 0.36 889.0 133.0 899.0 145.0
face 0.36 312.0 399.0 340.0 443.0
face 0.36 605.0 292.0 618.0 309.0
face 0.36 231.0 202.0 244.0 221.0
face 0.36 638.0 85.0 650.0 99.0
face 0.36 538.0 292.0 556.0 313.0
face 0.36 335.0 237.0 347.0 253.0
face 0.35 221.0 217.0 240.0 239.0
face 0.35 1014.0 237.0 1024.0 251.0
face 0.35 358.0 170.0 373.0 187.0
face 0.35 111.0 198.0 122.0 211.0
face 0.35 358.0 147.0 372.0 163.0
face 0.35 348.0 242.0 362.0 259.0
face 0.35 1013.0 397.0 1023.0 411.0
face 0.35 767.0 60.0 780.0 74.0
face 0.35 999.0 380.0 1009.0 392.0
face 0.35 838.0 266.0 852.0 283.0
face 0.35 892.0 127.0 907.0 144.0
