face 0.98 537.0 318.0 548.0 332.0
face 0.96 481.0 316.0 493.0 331.0
face 0.96 92.0 338.0 103.0 352.0
face 0.95 316.0 340.0 326.0 352.0
face 0.94 689.0 374.0 700.0 388.0
face 0.94 96.0 358.0 107.0 370.0
face 0.93 1012.0 372.0 1024.0 389.0
face 0.93 640.0 366.0 653.0 381.0
face 0.90 434.0 180.0 446.0 195.0
face 0.90 995.0 367.0 1007.0 382.0
face 0.88 506.0 181.0 517.0 195.0
face 0.88 286.0 192.0 296.0 204.0
face 0.86 537.0 368.0 548.0 381.0
face 0.86 262.0 330.0 275.0 346.0
face 0.85 749.0 198.0 760.0 212.0
face 0.83 935.0 197.0 946.0 211.0
face 0.83 885.0 353.0 899.0 371.0
face 0.82 970.0 420.0 985.0 436.0
face 0.82 881.0 196.0 893.0 211.0
face 0.80 906.0 372.0 918.0 386.0
face 0.79 690.0 192.0 701.0 207.0
face 0.79 623.0 185.0 634.0 199.0
face 0.78 405.0 180.0 415.0 193.0
face 0.78 361.0 343.0 371.0 356.0
face 0.78 841.0 370.0 851.0 382.0
face 0.77 234.0 195.0 244.0 208.0
face 0.76 596.0 354.0 609.0 370.0
face 0.73 0.0 333.0 11.0 348.0
face 0.69 962.0 307.0 974.0 322.0
face 0.69 57.0 350.0 69.0 364.0
face 0.67 804.0 192.0 814.0 205.0
face 0.66 193.0 183.0 204.0 197.0
face 0.66 886.0 311.0 897.0 325.0
face 0.61 851.0 181.0 863.0 195.0
face 0.60 451.0 190.0 463.0 205.0
face 0.60 371.0 353.0 385.0 369.0
face 0.57 167.0 352.0 178.0 366.0
face 0.56 815.0 367.0 825.0 381.0
face 0.56 904.0 206.0 914.0 218.0
face 0.54 211.0 331.0 224.0 344.0
face 0.53 792.0 366.0 801.0 378.0
face 0.53 741.0 372.0 752.0 385.0
face 0.51 305.0 192.0 315.0 205.0
face 0.50 967.0 189.0 977.0 202.0
face 0.49 911.0 198.0 922.0 212.0
face 0.49 109.0 223.0 119.0 236.0
face 0.49 812.0 181.0 825.0 196.0
face 0.48 207.0 201.0 218.0 214.0
face 0.47 320.0 199.0 332.0 213.0
face 0.45 418.0 330.0 433.0 348.0
face 0.45 233.0 351.0 244.0 364.0
face 0.44 37.0 183.0 49.0 198.0
face 0.44 480.0 355.0 493.0 370.0
face 0.44 653.0 197.0 664.0 211.0
face 0.44 361.0 356.0 373.0 372.0
face 0.44 917.0 315.0 929.0 330.0
face 0.44 841.0 191.0 853.0 204.0
face 0.43 5.0 335.0 16.0 347.0
face 0.43 105.0 192.0 117.0 206.0
face 0.42 407.0 355.0 419.0 369.0
face 0.40 539.0 337.0 551.0 353.0
face 0.38 898.0 520.0 913.0 538.0
face 0.38 798.0 373.0 808.0 386.0
face 0.38 425.0 206.0 436.0 219.0
face 0.38 799.0 380.0 810.0 395.0
face 0.37 398.0 175.0 409.0 188.0
face 0.37 384.0 187.0 396.0 203.0
face 0.37 897.0 454.0 907.0 466.0
face 0.37 117.0 388.0 128.0 401.0
face 0.37 783.0 364.0 796.0 380.0
face 0.37 649.0 508.0 673.0 537.0
face 0.37 823.0 364.0 833.0 377.0
face 0.37 878.0 374.0 890.0 388.0
face 0.37 976.0 369.0 988.0 385.0
face 0.36 399.0 355.0 412.0 370.0
face 0.36 925.0 207.0 936.0 220.0
face 0.36 411.0 349.0 424.0 365.0
face 0.36 798.0 357.0 810.0 371.0
face 0.36 242.0 336.0 251.0 347.0
face 0.36 334.0 355.0 345.0 370.0
face 0.36 479.0 179.0 491.0 195.0
face 0.36 393.0 175.0 403.0 187.0
face 0.36 815.0 378.0 825.0 394.0
face 0.36 678.0 198.0 688.0 211.0
face 0.36 885.0 372.0 897.0 386.0
face 0.36 806.0 373.0 818.0 387.0
face 0.36 232.0 343.0 242.0 355.0
face 0.36 958.0 197.0 968.0 208.0
face 0.36 863.0 190.0 873.0 202.0
face 0.36 796.0 367.0 807.0 379.0
face 0.36 895.0 372.0 905.0 386.0
face 0.36 762.0 369.0 779.0 386.0
face 0.36 309.0 198.0 320.0 210.0
face 0.35 672.0 200.0 682.0 211.0
face 0.35 702.0 357.0 712.0 369.0
face 0.35 508.0 444.0 522.0 462.0
face 0.35 80.0 356.0 91.0 369.0
face 0.35 805.0 358.0 816.0 370.0
face 0.35 864.0 181.0 875.0 193.0
face 0.35 200.0 332.0 210.0 344.0
face 0.35 428.0 325.0 441.0 341.0
face 0.35 311.0 204.0 322.0 218.0
face 0.35 229.0 334.0 241.0 348.0
face 0.35 239.0 341.0 249.0 353.0
face 0.35 535.0 429.0 545.0 441.0
face 0.35 807.0 365.0 818.0 378.0
face 0.35 886.0 341.0 898.0 354.0
face 0.35 895.0 317.0 906.0 331.0
face 0.35 249.0 184.0 259.0 196.0
face 0.35 887.0 335.0 897.0 346.0
face 0.35 835.0 211.0 848.0 227.0
face 0.35 680.0 220.0 693.0 237.0
face 0.35 920.0 211.0 931.0 225.0
face 0.35 101.0 371.0 113.0 387.0
