face 1.00 384.0 167.0 486.0 267.0
face 1.00 446.0 1188.0 533.0 1305.0
face 0.66 277.0 683.0 289.0 698.0
face 0.43 29.0 79.0 40.0 93.0
face 0.41 214.0 239.0 225.0 252.0
face 0.38 359.0 206.0 370.0 218.0
face 0.37 649.0 422.0 666.0 444.0
face 0.37 124.0 652.0 139.0 670.0
face 0.37 24.0 83.0 34.0 96.0
face 0.37 306.0 746.0 320.0 765.0
face 0.36 886.0 1285.0 897.0 1300.0
face 0.36 101.0 789.0 112.0 803.0
face 0.36 478.0 71.0 488.0 82.0
face 0.36 348.0 806.0 361.0 822.0
face 0.36 350.0 1166.0 361.0 1179.0
face 0.36 150.0 290.0 162.0 306.0
face 0.36 479.0 77.0 488.0 88.0
face 0.36 480.0 63.0 490.0 75.0
face 0.35 296.0 677.0 306.0 689.0
face 0.35 505.0 64.0 514.0 75.0
face 0.35 519.0 29.0 528.0 41.0
face 0.35 213.0 642.0 226.0 660.0
face 0.35 3.0 603.0 18.0 624.0
face 0.35 280.0 207.0 291.0 221.0
face 0.35 487.0 62.0 496.0 73.0
face 0.35 191.0 646.0 201.0 658.0
face 0.35 503.0 29.0 513.0 41.0
face 0.35 95.0 135.0 107.0 149.0
