face 1.00 508.0 266.0 540.0 308.0
face 1.00 392.0 261.0 425.0 301.0
face 1.00 233.0 286.0 255.0 312.0
face 0.99 809.0 258.0 828.0 280.0
face 0.90 716.0 296.0 733.0 317.0
face 0.83 556.0 292.0 576.0 316.0
face 0.59 391.0 536.0 440.0 601.0
face 0.57 55.0 300.0 84.0 336.0
face 0.54 1010.0 317.0 1024.0 337.0
face 0.49 997.0 292.0 1012.0 311.0
face 0.49 230.0 252.0 242.0 266.0
face 0.48 135.0 426.0 151.0 444.0
face 0.47 741.0 410.0 755.0 426.0
face 0.44 47.0 313.0 61.0 332.0
face 0.43 584.0 352.0 594.0 364.0
face 0.42 639.0 243.0 653.0 262.0
face 0.37 394.0 553.0 412.0 574.0
face 0.36 142.0 414.0 153.0 427.0
face 0.35 725.0 293.0 738.0 308.0
face 0.35 123.0 427.0 140.0 445.0
face 0.35 582.0 427.0 594.0 442.0
