face 1.00 112.0 299.0 160.0 357.0
face 1.00 688.0 370.0 736.0 432.0
face 1.00 573.0 131.0 610.0 182.0
face 1.00 373.0 320.0 418.0 378.0
face 1.00 663.0 197.0 696.0 237.0
face 1.00 826.0 191.0 860.0 233.0
face 1.00 471.0 320.0 521.0 383.0
face 1.00 502.0 188.0 534.0 227.0
face 1.00 585.0 336.0 633.0 398.0
face 1.00 775.0 362.0 828.0 426.0
face 1.00 379.0 211.0 411.0 252.0
face 1.00 444.0 193.0 476.0 234.0
face 1.00 253.0 210.0 284.0 249.0
face 1.00 318.0 209.0 349.0 247.0
face 1.00 251.0 317.0 301.0 378.0
face 1.00 771.0 208.0 801.0 246.0
face 0.95 737.0 210.0 765.0 246.0
face 0.42 813.0 283.0 828.0 303.0
face 0.42 730.0 307.0 779.0 368.0
face 0.40 466.0 484.0 519.0 545.0
face 0.39 616.0 501.0 650.0 540.0
face 0.39 802.0 29.0 933.0 118.0
face 0.37 683.0 307.0 701.0 326.0
face 0.36 695.0 285.0 710.0 303.0
face 0.36 828.0 280.0 881.0 327.0
