face 0.99 851.0 0.0 900.0 51.0
face 0.98 573.0 289.0 598.0 317.0
face 0.96 22.0 187.0 55.0 228.0
face 0.81 466.0 179.0 511.0 224.0
face 0.51 817.0 283.0 841.0 313.0
face 0.49 209.0 217.0 230.0 245.0
face 0.46 643.0 97.0 658.0 116.0
face 0.44 466.0 173.0 482.0 194.0
face 0.41 789.0 189.0 802.0 205.0
face 0.39 486.0 206.0 498.0 219.0
face 0.38 567.0 472.0 592.0 506.0
face 0.37 796.0 190.0 809.0 204.0
face 0.36 927.0 306.0 938.0 321.0
face 0.36 774.0 141.0 785.0 155.0
face 0.36 771.0 147.0 785.0 164.0
face 0.36 597.0 419.0 610.0 435.0
face 0.36 759.0 276.0 770.0 289.0
face 0.36 2.0 128.0 27.0 160.0
face 0.36 624.0 459.0 634.0 472.0
face 0.36 456.0 193.0 485.0 232.0
face 0.36 932.0 251.0 945.0 268.0
face 0.35 845.0 198.0 855.0 210.0
face 0.35 759.0 190.0 769.0 203.0
face 0.35 823.0 173.0 833.0 186.0
face 0.35 807.0 190.0 817.0 202.0
face 0.35 824.0 214.0 834.0 226.0
