face 0.95 282.0 171.0 318.0 213.0
face 0.81 228.0 150.0 244.0 170.0
face 0.78 541.0 189.0 574.0 225.0
face 0.71 508.0 168.0 535.0 204.0
face 0.70 325.0 230.0 353.0 262.0
face 0.67 701.0 192.0 715.0 209.0
face 0.63 316.0 94.0 331.0 113.0
face 0.56 170.0 175.0 200.0 205.0
face 0.56 623.0 204.0 638.0 221.0
face 0.56 95.0 150.0 133.0 199.0
face 0.55 242.0 108.0 254.0 123.0
face 0.53 106.0 154.0 120.0 171.0
face 0.52 818.0 25.0 876.0 93.0
face 0.51 543.0 109.0 557.0 126.0
face 0.49 727.0 100.0 740.0 116.0
face 0.48 462.0 133.0 473.0 147.0
face 0.44 791.0 39.0 815.0 70.0
face 0.44 346.0 80.0 367.0 104.0
face 0.43 594.0 95.0 610.0 113.0
face 0.42 728.0 291.0 739.0 306.0
face 0.42 223.0 122.0 236.0 138.0
face 0.42 662.0 86.0 676.0 102.0
face 0.42 499.0 89.0 516.0 110.0
face 0.42 339.0 10.0 352.0 27.0
face 0.40 775.0 421.0 789.0 433.0
face 0.39 395.0 108.0 408.0 125.0
face 0.39 951.0 60.0 965.0 77.0
face 0.39 142.0 267.0 155.0 283.0
face 0.39 606.0 398.0 616.0 412.0
face 0.39 470.0 93.0 482.0 108.0
face 0.39 574.0 158.0 588.0 175.0
face 0.38 575.0 42.0 589.0 60.0
face 0.38 486.0 146.0 507.0 171.0
face 0.37 645.0 202.0 662.0 221.0
face 0.37 708.0 58.0 723.0 78.0
face 0.37 261.0 102.0 274.0 119.0
face 0.37 590.0 160.0 602.0 175.0
face 0.37 815.0 54.0 841.0 88.0
face 0.37 256.0 119.0 266.0 131.0
face 0.36 373.0 141.0 384.0 154.0
face 0.36 659.0 197.0 675.0 215.0
face 0.36 664.0 23.0 674.0 35.0
face 0.36 677.0 93.0 691.0 110.0
face 0.36 126.0 12.0 141.0 29.0
face 0.36 700.0 238.0 713.0 254.0
face 0.36 519.0 117.0 530.0 131.0
face 0.36 744.0 167.0 754.0 179.0
face 0.36 238.0 124.0 250.0 139.0
face 0.36 0.0 255.0 19.0 285.0
face 0.36 382.0 86.0 392.0 98.0
face 0.36 735.0 270.0 747.0 283.0
face 0.36 750.0 167.0 761.0 179.0
face 0.36 718.0 279.0 728.0 291.0
face 0.36 358.0 83.0 370.0 99.0
face 0.36 558.0 131.0 571.0 148.0
face 0.36 326.0 86.0 337.0 97.0
face 0.36 282.0 2.0 298.0 19.0
face 0.36 327.0 94.0 337.0 108.0
face 0.36 718.0 198.0 730.0 213.0
face 0.36 375.0 92.0 387.0 106.0
face 0.36 464.0 100.0 475.0 114.0
face 0.36 694.0 245.0 704.0 258.0
face 0.36 250.0 339.0 264.0 356.0
face 0.36 734.0 82.0 746.0 95.0
face 0.36 351.0 80.0 362.0 92.0
face 0.36 342.0 101.0 352.0 113.0
face 0.36 495.0 110.0 506.0 123.0
face 0.36 109.0 0.0 124.0 14.0
face 0.36 350.0 120.0 362.0 133.0
face 0.36 574.0 149.0 585.0 163.0
face 0.35 524.0 102.0 535.0 115.0
face 0.35 728.0 175.0 738.0 187.0
face 0.35 414.0 38.0 425.0 50.0
face 0.35 688.0 53.0 701.0 68.0
face 0.35 23.0 269.0 35.0 285.0
face 0.35 743.0 103.0 755.0 117.0
face 0.35 189.0 46.0 202.0 62.0
face 0.35 581.0 160.0 592.0 174.0
face 0.35 695.0 288.0 707.0 302.0
face 0.35 720.0 254.0 732.0 270.0
face 0.35 557.0 56.0 568.0 68.0
face 0.35 759.0 174.0 770.0 186.0
face 0.35 647.0 65.0 657.0 77.0
face 0.35 687.0 47.0 697.0 59.0
face 0.35 720.0 245.0 730.0 258.0
face 0.35 469.0 133.0 481.0 147.0
face 0.35 709.0 260.0 723.0 275.0
face 0.35 494.0 101.0 505.0 114.0
face 0.35 727.0 84.0 738.0 97.0
face 0.35 447.0 126.0 457.0 139.0
face 0.35 728.0 31.0 738.0 43.0
face 0.35 725.0 258.0 737.0 274.0
face 0.35 280.0 103.0 290.0 117.0
face 0.35 702.0 261.0 715.0 276.0
face 0.35 751.0 203.0 765.0 219.0
face 0.35 335.0 94.0 346.0 106.0
face 0.35 711.0 284.0 721.0 297.0
face 0.35 491.0 160.0 506.0 180.0
face 0.35 256.0 95.0 265.0 106.0
face 0.35 735.0 263.0 745.0 275.0
face 0.35 245.0 124.0 258.0 139.0
