face 1.00 460.0 345.0 485.0 380.0
face 1.00 531.0 374.0 554.0 403.0
face 0.97 679.0 354.0 699.0 378.0
face 0.84 629.0 291.0 657.0 326.0
face 0.56 12.0 612.0 25.0 629.0
face 0.44 172.0 53.0 187.0 72.0
face 0.40 698.0 273.0 713.0 292.0
face 0.39 193.0 293.0 219.0 326.0
face 0.39 979.0 508.0 996.0 528.0
face 0.38 727.0 324.0 740.0 339.0
face 0.38 430.0 216.0 445.0 236.0
face 0.38 228.0 240.0 245.0 260.0
face 0.38 821.0 256.0 836.0 276.0
face 0.38 393.0 343.0 413.0 370.0
face 0.38 553.0 422.0 581.0 463.0
face 0.37 794.0 184.0 810.0 205.0
face 0.37 48.0 657.0 70.0 683.0
face 0.37 636.0 128.0 651.0 148.0
face 0.36 906.0 58.0 921.0 77.0
face 0.36 791.0 335.0 802.0 348.0
face 0.36 854.0 203.0 868.0 221.0
face 0.35 222.0 238.0 236.0 256.0
face 0.35 750.0 259.0 761.0 273.0
face 0.35 555.0 366.0 568.0 381.0
