face 1.00 434.0 23.0 613.0 259.0
face 0.68 904.0 364.0 915.0 377.0
face 0.55 878.0 370.0 890.0 383.0
face 0.50 26.0 339.0 42.0 358.0
face 0.43 93.0 141.0 105.0 155.0
face 0.40 1011.0 356.0 1023.0 373.0
face 0.40 916.0 333.0 931.0 352.0
face 0.39 943.0 334.0 954.0 347.0
face 0.39 884.0 372.0 896.0 385.0
face 0.38 949.0 403.0 962.0 419.0
face 0.38 860.0 133.0 876.0 151.0
face 0.38 896.0 416.0 906.0 427.0
face 0.37 957.0 405.0 967.0 416.0
face 0.37 913.0 383.0 924.0 395.0
face 0.37 875.0 348.0 889.0 364.0
face 0.37 898.0 365.0 909.0 378.0
face 0.37 862.0 380.0 873.0 395.0
face 0.37 898.0 261.0 911.0 275.0
face 0.37 871.0 236.0 882.0 249.0
face 0.36 958.0 398.0 969.0 412.0
face 0.36 945.0 404.0 955.0 416.0
face 0.36 886.0 348.0 899.0 363.0
face 0.36 854.0 381.0 867.0 397.0
face 0.36 976.0 388.0 987.0 400.0
face 0.36 895.0 358.0 905.0 370.0
face 0.36 24.0 333.0 35.0 349.0
face 0.36 901.0 417.0 911.0 428.0
face 0.36 964.0 325.0 981.0 344.0
face 0.36 950.0 390.0 962.0 404.0
face 0.36 306.0 442.0 320.0 460.0
face 0.36 958.0 389.0 970.0 403.0
face 0.36 855.0 350.0 867.0 364.0
face 0.36 965.0 424.0 975.0 434.0
face 0.36 911.0 340.0 923.0 354.0
face 0.36 880.0 390.0 890.0 402.0
face 0.36 862.0 350.0 875.0 364.0
face 0.36 326.0 388.0 339.0 405.0
face 0.36 972.0 308.0 983.0 323.0
face 0.36 951.0 412.0 961.0 425.0
face 0.36 864.0 375.0 874.0 387.0
face 0.36 822.0 319.0 833.0 331.0
face 0.36 910.0 414.0 922.0 427.0
face 0.35 918.0 414.0 928.0 425.0
face 0.35 903.0 383.0 913.0 394.0
face 0.35 991.0 406.0 1002.0 420.0
face 0.35 894.0 350.0 904.0 362.0
face 0.35 984.0 326.0 995.0 338.0
face 0.35 959.0 328.0 971.0 340.0
face 0.35 1013.0 302.0 1024.0 317.0
face 0.35 870.0 381.0 880.0 393.0
face 0.35 871.0 367.0 882.0 379.0
face 0.35 982.0 397.0 992.0 408.0
face 0.35 771.0 194.0 785.0 212.0
face 0.35 904.0 390.0 913.0 401.0
face 0.35 863.0 388.0 872.0 400.0
face 0.35 959.0 422.0 970.0 435.0
