face 1.00 370.0 124.0 492.0 281.0
face 0.79 117.0 222.0 129.0 238.0
face 0.63 121.0 27.0 136.0 45.0
face 0.59 995.0 827.0 1018.0 854.0
face 0.51 527.0 387.0 540.0 402.0
face 0.48 151.0 233.0 171.0 257.0
face 0.47 10.0 12.0 23.0 28.0
face 0.46 126.0 462.0 137.0 475.0
face 0.43 332.0 379.0 359.0 412.0
face 0.42 188.0 523.0 202.0 539.0
face 0.42 584.0 842.0 653.0 916.0
face 0.42 174.0 810.0 196.0 837.0
face 0.42 194.0 596.0 210.0 615.0
face 0.41 360.0 16.0 370.0 28.0
face 0.41 205.0 541.0 217.0 556.0
face 0.41 43.0 860.0 58.0 878.0
face 0.40 165.0 663.0 176.0 676.0
face 0.40 201.0 675.0 224.0 708.0
face 0.40 296.0 913.0 309.0 930.0
face 0.40 79.0 599.0 91.0 613.0
face 0.39 53.0 567.0 68.0 585.0
face 0.39 656.0 685.0 679.0 712.0
face 0.39 1.0 563.0 18.0 584.0
face 0.38 29.0 837.0 45.0 857.0
face 0.38 929.0 865.0 945.0 884.0
face 0.37 351.0 576.0 468.0 698.0
face 0.37 792.0 104.0 810.0 125.0
face 0.37 69.0 506.0 84.0 523.0
face 0.37 734.0 59.0 748.0 78.0
face 0.37 381.0 395.0 395.0 411.0
face 0.37 120.0 756.0 130.0 768.0
face 0.37 117.0 246.0 128.0 261.0
face 0.37 232.0 878.0 244.0 892.0
face 0.37 78.0 510.0 89.0 523.0
face 0.37 19.0 654.0 31.0 669.0
face 0.37 348.0 813.0 363.0 831.0
face 0.36 285.0 158.0 299.0 173.0
face 0.36 2.0 116.0 13.0 133.0
face 0.36 15.0 198.0 26.0 211.0
face 0.36 348.0 81.0 364.0 100.0
face 0.36 281.0 157.0 291.0 170.0
face 0.36 54.0 764.0 65.0 777.0
face 0.36 61.0 550.0 72.0 563.0
face 0.36 14.0 843.0 26.0 858.0
face 0.36 108.0 781.0 121.0 797.0
face 0.36 1.0 853.0 11.0 867.0
face 0.35 85.0 603.0 97.0 617.0
face 0.35 21.0 815.0 34.0 829.0
face 0.35 9.0 174.0 19.0 186.0
face 0.35 0.0 485.0 10.0 500.0
face 0.35 206.0 598.0 217.0 612.0
face 0.35 490.0 49.0 507.0 70.0
face 0.35 47.0 655.0 58.0 668.0
face 0.35 -1.0 6.0 9.0 21.0
face 0.35 37.0 571.0 51.0 588.0
face 0.35 350.0 733.0 360.0 745.0
face 0.35 6.0 124.0 15.0 137.0
face 0.35 94.0 510.0 105.0 522.0
face 0.35 96.0 893.0 107.0 906.0
face 0.35 40.0 662.0 49.0 674.0
face 0.35 321.0 588.0 332.0 603.0
face 0.35 135.0 256.0 144.0 268.0
face 0.35 70.0 220.0 84.0 237.0
face 0.35 85.0 509.0 98.0 523.0
face 0.35 119.0 781.0 132.0 796.0
face 0.35 256.0 870.0 266.0 882.0
face 0.35 104.0 510.0 114.0 522.0
face 0.35 80.0 758.0 90.0 770.0
face 0.35 6.0 855.0 17.0 867.0
face 0.35 33.0 797.0 43.0 811.0
face 0.35 1.0 395.0 12.0 414.0
