face 1.00 231.0 188.0 274.0 246.0
face 1.00 198.0 144.0 236.0 193.0
face 1.00 270.0 226.0 318.0 292.0
face 1.00 392.0 221.0 432.0 278.0
face 1.00 63.0 238.0 111.0 302.0
face 1.00 822.0 320.0 863.0 376.0
face 1.00 927.0 328.0 974.0 387.0
face 1.00 671.0 199.0 711.0 258.0
face 1.00 145.0 213.0 194.0 288.0
face 1.00 541.0 254.0 584.0 312.0
face 1.00 88.0 172.0 129.0 222.0
face 1.00 630.0 278.0 675.0 337.0
face 1.00 452.0 244.0 498.0 309.0
face 1.00 917.0 158.0 966.0 222.0
face 1.00 760.0 165.0 805.0 226.0
face 1.00 463.0 154.0 507.0 216.0
face 1.00 325.0 127.0 363.0 185.0
face 1.00 50.0 125.0 93.0 183.0
face 1.00 728.0 331.0 772.0 393.0
face 1.00 364.0 284.0 406.0 343.0
face 1.00 422.0 126.0 460.0 176.0
face 1.00 590.0 217.0 629.0 275.0
face 1.00 612.0 116.0 652.0 173.0
face 0.43 430.0 114.0 455.0 147.0
face 0.40 336.0 122.0 360.0 152.0
face 0.37 648.0 272.0 674.0 306.0
face 0.36 169.0 523.0 187.0 543.0
