face 0.99 651.0 157.0 677.0 191.0
face 0.96 367.0 195.0 425.0 263.0
face 0.93 285.0 104.0 334.0 166.0
face 0.86 597.0 139.0 621.0 166.0
face 0.86 779.0 124.0 806.0 160.0
face 0.72 682.0 109.0 709.0 143.0
face 0.67 893.0 120.0 907.0 139.0
face 0.64 815.0 139.0 830.0 158.0
face 0.63 830.0 130.0 846.0 150.0
face 0.63 605.0 315.0 621.0 337.0
face 0.59 642.0 118.0 668.0 152.0
face 0.59 749.0 120.0 773.0 151.0
face 0.50 434.0 121.0 467.0 165.0
face 0.49 50.0 274.0 96.0 339.0
face 0.47 677.0 127.0 689.0 142.0
face 0.45 944.0 133.0 968.0 160.0
face 0.45 597.0 217.0 633.0 271.0
face 0.44 335.0 64.0 368.0 106.0
face 0.44 622.0 233.0 636.0 251.0
face 0.44 374.0 79.0 425.0 165.0
face 0.43 605.0 198.0 625.0 224.0
face 0.42 427.0 112.0 444.0 135.0
face 0.41 843.0 119.0 867.0 150.0
face 0.39 162.0 550.0 183.0 576.0
face 0.38 615.0 244.0 626.0 259.0
face 0.38 74.0 273.0 135.0 341.0
face 0.38 280.0 171.0 306.0 202.0
face 0.37 432.0 82.0 447.0 102.0
face 0.37 891.0 74.0 909.0 94.0
face 0.36 759.0 262.0 788.0 301.0
face 0.36 755.0 82.0 772.0 103.0
face 0.36 506.0 41.0 522.0 60.0
face 0.36 562.0 433.0 580.0 454.0
face 0.36 909.0 118.0 920.0 131.0
face 0.36 719.0 220.0 733.0 239.0
face 0.35 763.0 122.0 793.0 157.0
face 0.35 383.0 472.0 406.0 501.0
face 0.35 936.0 259.0 949.0 275.0
face 0.35 453.0 60.0 468.0 78.0
