face 1.00 88.0 340.0 114.0 370.0
face 0.99 13.0 300.0 32.0 324.0
face 0.99 358.0 282.0 373.0 300.0
face 0.97 138.0 353.0 166.0 386.0
face 0.96 237.0 399.0 277.0 443.0
face 0.96 192.0 259.0 206.0 276.0
face 0.96 510.0 277.0 531.0 302.0
face 0.96 152.0 391.0 180.0 426.0
face 0.95 157.0 286.0 172.0 306.0
face 0.94 969.0 255.0 1018.0 326.0
face 0.94 64.0 282.0 81.0 303.0
face 0.93 404.0 272.0 419.0 290.0
face 0.91 368.0 255.0 381.0 272.0
face 0.89 335.0 258.0 348.0 274.0
face 0.89 656.0 467.0 752.0 594.0
face 0.88 592.0 342.0 612.0 364.0
face 0.88 38.0 338.0 58.0 363.0
face 0.84 565.0 298.0 587.0 323.0
face 0.83 667.0 256.0 693.0 288.0
face 0.70 487.0 373.0 529.0 434.0
face 0.67 464.0 227.0 474.0 241.0
face 0.67 908.0 423.0 933.0 452.0
face 0.64 781.0 295.0 833.0 370.0
face 0.63 722.0 104.0 748.0 134.0
face 0.63 159.0 426.0 199.0 480.0
face 0.60 511.0 213.0 526.0 232.0
face 0.58 532.0 314.0 550.0 335.0
face 0.57 407.0 242.0 422.0 262.0
face 0.50 112.0 302.0 123.0 314.0
face 0.45 136.0 287.0 149.0 302.0
face 0.45 947.0 387.0 1025.0 509.0
face 0.44 397.0 261.0 408.0 274.0
face 0.44 170.0 313.0 184.0 330.0
face 0.44 163.0 389.0 178.0 408.0
face 0.43 422.0 254.0 432.0 266.0
face 0.42 603.0 344.0 620.0 364.0
face 0.42 484.0 239.0 497.0 256.0
face 0.41 582.0 207.0 591.0 218.0
face 0.41 406.0 355.0 418.0 370.0
face 0.40 455.0 292.0 471.0 310.0
face 0.40 612.0 366.0 633.0 392.0
face 0.39 268.0 274.0 286.0 293.0
face 0.38 454.0 245.0 467.0 263.0
face 0.38 397.0 228.0 411.0 244.0
face 0.38 654.0 181.0 667.0 197.0
face 0.38 550.0 320.0 565.0 340.0
face 0.37 4.0 276.0 21.0 296.0
face 0.37 668.0 195.0 682.0 212.0
face 0.37 414.0 365.0 425.0 379.0
face 0.37 662.0 188.0 676.0 204.0
face 0.37 214.0 56.0 264.0 116.0
face 0.37 271.0 252.0 285.0 268.0
face 0.37 105.0 604.0 118.0 621.0
face 0.37 496.0 215.0 506.0 226.0
face 0.37 464.0 205.0 474.0 217.0
face 0.36 455.0 240.0 465.0 253.0
face 0.36 414.0 256.0 427.0 273.0
face 0.36 866.0 445.0 884.0 464.0
face 0.36 543.0 378.0 570.0 411.0
face 0.36 583.0 189.0 595.0 202.0
face 0.36 486.0 231.0 496.0 242.0
face 0.36 495.0 221.0 505.0 233.0
face 0.36 393.0 255.0 403.0 267.0
face 0.36 479.0 223.0 489.0 235.0
face 0.35 908.0 3.0 926.0 20.0
face 0.35 504.0 237.0 515.0 250.0
face 0.35 655.0 175.0 665.0 187.0
face 0.35 286.0 274.0 301.0 294.0
face 0.35 567.0 172.0 577.0 184.0
face 0.35 446.0 218.0 459.0 234.0
face 0.35 423.0 205.0 435.0 218.0
face 0.35 575.0 174.0 584.0 185.0
face 0.35 449.0 244.0 459.0 257.0
face 0.35 488.0 224.0 497.0 235.0
face 0.35 619.0 156.0 635.0 174.0
face 0.35 661.0 183.0 672.0 196.0
face 0.35 480.0 229.0 489.0 240.0
face 0.35 589.0 184.0 603.0 198.0
face 0.35 470.0 125.0 481.0 138.0
