face 1.00 837.0 45.0 904.0 139.0
face 1.00 491.0 293.0 540.0 358.0
face 1.00 667.0 145.0 710.0 193.0
face 0.98 341.0 208.0 386.0 260.0
face 0.86 197.0 197.0 209.0 214.0
face 0.71 70.0 220.0 83.0 237.0
face 0.68 102.0 226.0 115.0 242.0
face 0.52 347.0 605.0 371.0 636.0
face 0.50 386.0 158.0 397.0 172.0
face 0.45 710.0 254.0 722.0 268.0
face 0.45 484.0 418.0 501.0 439.0
face 0.43 663.0 299.0 761.0 433.0
face 0.42 724.0 142.0 739.0 159.0
face 0.40 647.0 295.0 663.0 316.0
face 0.39 1.0 216.0 19.0 242.0
face 0.39 38.0 227.0 52.0 243.0
face 0.39 844.0 122.0 860.0 143.0
face 0.38 316.0 181.0 329.0 199.0
face 0.38 682.0 179.0 699.0 197.0
face 0.38 182.0 189.0 196.0 205.0
face 0.38 445.0 243.0 456.0 258.0
face 0.37 619.0 274.0 635.0 294.0
face 0.37 94.0 145.0 107.0 160.0
face 0.37 732.0 141.0 745.0 157.0
face 0.37 516.0 554.0 532.0 576.0
face 0.37 72.0 77.0 82.0 90.0
face 0.36 284.0 191.0 296.0 203.0
face 0.36 94.0 237.0 104.0 250.0
face 0.36 383.0 253.0 394.0 266.0
face 0.36 671.0 183.0 682.0 196.0
face 0.35 304.0 206.0 315.0 219.0
face 0.35 45.0 223.0 56.0 236.0
face 0.35 505.0 208.0 522.0 229.0
face 0.35 742.0 143.0 752.0 156.0
face 0.35 372.0 246.0 385.0 262.0
face 0.35 95.0 222.0 106.0 235.0
face 0.35 311.0 188.0 322.0 201.0
face 0.35 102.0 158.0 113.0 172.0
face 0.35 70.0 254.0 80.0 265.0
