face 1.00 536.0 221.0 579.0 278.0
face 1.00 418.0 299.0 464.0 355.0
face 0.94 727.0 236.0 740.0 254.0
face 0.62 1006.0 204.0 1025.0 237.0
face 0.57 769.0 674.0 822.0 732.0
face 0.57 744.0 638.0 775.0 679.0
face 0.55 851.0 588.0 997.0 751.0
face 0.48 355.0 719.0 397.0 766.0
face 0.45 406.0 597.0 418.0 612.0
face 0.44 363.0 565.0 423.0 647.0
face 0.42 495.0 656.0 516.0 684.0
face 0.41 699.0 267.0 720.0 296.0
face 0.41 497.0 393.0 509.0 410.0
face 0.40 45.0 398.0 115.0 465.0
face 0.38 694.0 677.0 740.0 725.0
face 0.37 646.0 556.0 661.0 576.0
face 0.36 456.0 303.0 482.0 332.0
face 0.36 779.0 131.0 795.0 150.0
face 0.36 404.0 321.0 420.0 343.0
face 0.36 93.0 14.0 105.0 28.0
face 0.36 254.0 94.0 264.0 107.0
face 0.35 598.0 132.0 608.0 145.0
