face 0.81 470.0 376.0 494.0 406.0
face 0.63 710.0 472.0 735.0 504.0
face 0.59 693.0 396.0 708.0 414.0
face 0.48 682.0 165.0 711.0 203.0
face 0.46 653.0 391.0 668.0 408.0
face 0.45 711.0 222.0 747.0 273.0
face 0.45 720.0 299.0 734.0 316.0
face 0.43 423.0 157.0 450.0 188.0
face 0.40 439.0 162.0 453.0 183.0
face 0.40 720.0 270.0 731.0 283.0
face 0.39 510.0 384.0 521.0 396.0
face 0.37 326.0 152.0 344.0 172.0
face 0.37 460.0 288.0 475.0 308.0
face 0.37 406.0 254.0 417.0 268.0
face 0.36 702.0 420.0 714.0 434.0
face 0.36 661.0 261.0 672.0 275.0
face 0.36 734.0 285.0 744.0 298.0
face 0.36 458.0 491.0 473.0 509.0
face 0.36 486.0 541.0 498.0 555.0
face 0.36 726.0 269.0 736.0 282.0
face 0.36 668.0 265.0 684.0 284.0
face 0.35 728.0 252.0 739.0 264.0
face 0.35 710.0 299.0 721.0 313.0
face 0.35 70.0 198.0 81.0 211.0
face 0.35 718.0 287.0 729.0 299.0
face 0.35 710.0 414.0 721.0 427.0
face 0.35 559.0 383.0 570.0 397.0
face 0.35 3.0 469.0 19.0 488.0
