face 1.00 7.0 456.0 56.0 519.0
face 1.00 651.0 461.0 705.0 526.0
face 1.00 460.0 527.0 525.0 614.0
face 1.00 -1.0 697.0 56.0 768.0
face 1.00 252.0 331.0 300.0 396.0
face 1.00 203.0 467.0 258.0 544.0
face 1.00 741.0 664.0 781.0 718.0
face 0.98 575.0 31.0 622.0 89.0
face 0.98 740.0 159.0 779.0 213.0
face 0.98 111.0 459.0 160.0 523.0
face 0.96 96.0 363.0 148.0 428.0
face 0.93 0.0 195.0 31.0 254.0
face 0.87 113.0 76.0 156.0 141.0
face 0.79 51.0 72.0 91.0 127.0
face 0.78 830.0 146.0 860.0 187.0
face 0.70 50.0 198.0 93.0 249.0
face 0.65 1.0 62.0 38.0 127.0
face 0.62 159.0 170.0 256.0 298.0
face 0.54 422.0 371.0 455.0 411.0
face 0.52 862.0 140.0 874.0 155.0
face 0.52 358.0 285.0 402.0 336.0
face 0.45 436.0 742.0 462.0 776.0
face 0.43 233.0 398.0 270.0 440.0
face 0.41 974.0 1178.0 986.0 1196.0
face 0.39 86.0 590.0 133.0 641.0
face 0.38 942.0 1247.0 953.0 1262.0
face 0.38 437.0 268.0 447.0 281.0
face 0.38 61.0 608.0 77.0 629.0
face 0.38 444.0 559.0 456.0 572.0
face 0.37 438.0 532.0 466.0 572.0
face 0.37 524.0 509.0 535.0 524.0
face 0.37 496.0 503.0 509.0 517.0
face 0.37 269.0 87.0 332.0 161.0
face 0.36 185.0 263.0 212.0 296.0
face 0.36 546.0 668.0 563.0 688.0
face 0.36 347.0 306.0 365.0 329.0
face 0.36 484.0 519.0 498.0 535.0
face 0.36 468.0 507.0 481.0 523.0
face 0.35 826.0 453.0 931.0 594.0
face 0.35 183.0 143.0 194.0 155.0
face 0.35 473.0 306.0 515.0 352.0
