face 0.93 551.0 305.0 581.0 341.0
face 0.92 532.0 442.0 567.0 479.0
face 0.90 421.0 493.0 450.0 526.0
face 0.84 605.0 228.0 636.0 262.0
face 0.82 502.0 405.0 513.0 417.0
face 0.79 598.0 192.0 620.0 220.0
face 0.74 773.0 62.0 794.0 86.0
face 0.70 0.0 502.0 13.0 521.0
face 0.67 535.0 308.0 547.0 321.0
face 0.66 849.0 28.0 866.0 48.0
face 0.65 348.0 581.0 378.0 618.0
face 0.62 217.0 201.0 246.0 238.0
face 0.62 519.0 541.0 530.0 554.0
face 0.61 510.0 418.0 523.0 435.0
face 0.55 503.0 510.0 515.0 524.0
face 0.54 607.0 309.0 618.0 323.0
face 0.52 837.0 87.0 876.0 136.0
face 0.52 3.0 497.0 38.0 548.0
face 0.48 623.0 73.0 652.0 102.0
face 0.46 545.0 247.0 573.0 279.0
face 0.42 369.0 223.0 457.0 324.0
face 0.42 617.0 185.0 633.0 205.0
face 0.42 207.0 353.0 222.0 371.0
face 0.42 216.0 201.0 229.0 219.0
face 0.42 404.0 593.0 421.0 615.0
face 0.41 285.0 456.0 316.0 486.0
face 0.41 138.0 538.0 172.0 569.0
face 0.41 653.0 221.0 668.0 240.0
face 0.40 726.0 189.0 737.0 202.0
face 0.39 505.0 333.0 528.0 367.0
face 0.39 551.0 547.0 578.0 581.0
face 0.38 600.0 301.0 611.0 314.0
face 0.38 845.0 69.0 858.0 84.0
face 0.37 820.0 7.0 844.0 39.0
face 0.37 877.0 18.0 891.0 36.0
face 0.37 413.0 600.0 429.0 621.0
face 0.37 567.0 110.0 578.0 122.0
face 0.36 519.0 170.0 548.0 204.0
face 0.36 470.0 214.0 481.0 226.0
face 0.36 663.0 250.0 674.0 264.0
face 0.36 222.0 495.0 274.0 550.0
face 0.36 669.0 307.0 682.0 323.0
face 0.36 694.0 267.0 706.0 280.0
face 0.36 517.0 501.0 528.0 514.0
face 0.36 441.0 612.0 456.0 631.0
face 0.36 860.0 19.0 876.0 38.0
face 0.36 736.0 124.0 763.0 158.0
face 0.36 582.0 268.0 598.0 287.0
face 0.35 350.0 605.0 365.0 623.0
face 0.35 512.0 527.0 523.0 541.0
face 0.35 829.0 59.0 843.0 76.0
face 0.35 870.0 19.0 883.0 37.0
face 0.35 679.0 318.0 689.0 330.0
face 0.35 651.0 232.0 663.0 250.0
face 0.35 390.0 571.0 402.0 586.0
face 0.35 206.0 210.0 220.0 229.0
face 0.35 844.0 84.0 861.0 104.0
face 0.35 465.0 213.0 475.0 225.0
face 0.35 557.0 525.0 568.0 537.0
face 0.35 346.0 628.0 361.0 646.0
