face 1.00 714.0 122.0 743.0 160.0
face 1.00 596.0 116.0 625.0 151.0
face 1.00 638.0 104.0 665.0 139.0
face 1.00 296.0 119.0 324.0 155.0
face 1.00 212.0 118.0 240.0 156.0
face 1.00 391.0 118.0 417.0 151.0
face 1.00 791.0 220.0 825.0 262.0
face 1.00 770.0 103.0 796.0 138.0
face 1.00 820.0 120.0 849.0 157.0
face 1.00 107.0 113.0 136.0 150.0
face 1.00 841.0 398.0 881.0 447.0
face 1.00 341.0 212.0 376.0 258.0
face 1.00 476.0 217.0 506.0 256.0
face 1.00 347.0 107.0 372.0 137.0
face 1.00 684.0 223.0 716.0 264.0
face 1.00 249.0 112.0 277.0 147.0
face 1.00 573.0 233.0 605.0 273.0
face 1.00 210.0 231.0 245.0 275.0
face 1.00 545.0 101.0 572.0 136.0
face 1.00 92.0 384.0 139.0 434.0
face 0.98 451.0 87.0 478.0 120.0
face 0.88 498.0 125.0 527.0 161.0
face 0.47 430.0 341.0 471.0 387.0
face 0.45 740.0 475.0 754.0 491.0
face 0.41 454.0 113.0 479.0 143.0
face 0.40 383.0 377.0 396.0 394.0
face 0.36 916.0 189.0 932.0 208.0
face 0.36 899.0 493.0 916.0 515.0
face 0.35 403.0 352.0 418.0 371.0
face 0.35 760.0 479.0 770.0 491.0
face 0.35 163.0 257.0 177.0 276.0
