face 1.00 268.0 262.0 542.0 558.0
face 0.72 111.0 625.0 293.0 843.0
face 0.57 644.0 519.0 840.0 781.0
face 0.56 232.0 421.0 256.0 454.0
face 0.53 772.0 787.0 815.0 837.0
face 0.53 286.0 175.0 326.0 221.0
face 0.50 147.0 846.0 177.0 881.0
face 0.50 30.0 867.0 45.0 881.0
face 0.42 39.0 633.0 68.0 668.0
face 0.40 61.0 659.0 74.0 674.0
face 0.39 94.0 549.0 108.0 566.0
face 0.38 149.0 701.0 164.0 720.0
face 0.37 12.0 477.0 29.0 497.0
face 0.37 92.0 679.0 106.0 695.0
face 0.36 94.0 623.0 105.0 637.0
face 0.36 263.0 388.0 276.0 406.0
face 0.36 61.0 520.0 99.0 564.0
face 0.35 164.0 606.0 178.0 623.0
face 0.35 41.0 675.0 59.0 696.0
face 0.35 78.0 413.0 93.0 431.0
