face 1.00 426.0 62.0 506.0 174.0
face 1.00 144.0 258.0 228.0 368.0
face 0.53 333.0 117.0 345.0 132.0
face 0.50 691.0 342.0 705.0 359.0
face 0.50 607.0 503.0 697.0 627.0
face 0.48 197.0 60.0 210.0 77.0
face 0.48 595.0 438.0 614.0 461.0
face 0.47 229.0 71.0 240.0 85.0
face 0.47 658.0 202.0 679.0 228.0
face 0.46 864.0 299.0 879.0 317.0
face 0.43 183.0 81.0 197.0 99.0
face 0.43 240.0 83.0 252.0 98.0
face 0.42 880.0 149.0 892.0 163.0
face 0.41 227.0 32.0 244.0 53.0
face 0.39 214.0 129.0 226.0 146.0
face 0.39 678.0 203.0 691.0 220.0
face 0.39 262.0 62.0 273.0 76.0
face 0.38 278.0 18.0 291.0 34.0
face 0.38 330.0 236.0 346.0 254.0
face 0.38 663.0 222.0 674.0 235.0
face 0.38 959.0 334.0 970.0 345.0
face 0.37 571.0 446.0 587.0 465.0
face 0.37 983.0 402.0 1008.0 431.0
face 0.37 817.0 307.0 832.0 326.0
face 0.37 181.0 72.0 191.0 84.0
face 0.36 655.0 230.0 665.0 242.0
face 0.36 199.0 77.0 209.0 89.0
face 0.36 253.0 82.0 267.0 100.0
face 0.36 207.0 78.0 217.0 90.0
face 0.36 72.0 73.0 82.0 83.0
face 0.36 679.0 267.0 690.0 281.0
face 0.36 151.0 59.0 163.0 75.0
face 0.36 254.0 19.0 269.0 38.0
face 0.36 157.0 8.0 169.0 21.0
face 0.36 138.0 28.0 152.0 45.0
face 0.36 709.0 260.0 725.0 279.0
face 0.36 284.0 180.0 298.0 197.0
face 0.36 88.0 78.0 100.0 91.0
face 0.36 653.0 261.0 665.0 275.0
face 0.36 70.0 77.0 83.0 91.0
face 0.36 190.0 79.0 200.0 92.0
face 0.36 656.0 207.0 667.0 220.0
face 0.35 247.0 63.0 258.0 75.0
face 0.35 320.0 101.0 330.0 114.0
face 0.35 927.0 301.0 938.0 315.0
face 0.35 639.0 226.0 649.0 240.0
face 0.35 668.0 228.0 680.0 242.0
face 0.35 227.0 179.0 245.0 200.0
face 0.35 243.0 205.0 256.0 219.0
face 0.35 135.0 23.0 146.0 34.0
face 0.35 183.0 92.0 195.0 106.0
face 0.35 662.0 341.0 674.0 355.0
face 0.35 702.0 310.0 715.0 327.0
face 0.35 248.0 70.0 258.0 81.0
face 0.35 800.0 293.0 811.0 307.0
face 0.35 206.0 71.0 216.0 83.0
face 0.35 680.0 247.0 690.0 258.0
face 0.35 683.0 259.0 698.0 278.0
face 0.35 790.0 413.0 803.0 428.0
face 0.35 645.0 228.0 658.0 243.0
face 0.35 192.0 70.0 202.0 83.0
face 0.35 256.0 190.0 270.0 205.0
face 0.35 175.0 93.0 185.0 106.0
face 0.35 807.0 430.0 817.0 444.0
face 0.35 750.0 214.0 760.0 227.0
face 0.35 312.0 119.0 322.0 131.0
face 0.35 225.0 103.0 234.0 114.0
face 0.35 271.0 156.0 283.0 171.0
