face 1.00 92.0 550.0 113.0 575.0
face 0.97 282.0 439.0 476.0 684.0
face 0.83 959.0 512.0 992.0 556.0
face 0.73 123.0 561.0 139.0 581.0
face 0.56 72.0 746.0 90.0 773.0
face 0.56 1.0 363.0 24.0 394.0
face 0.51 299.0 501.0 325.0 538.0
face 0.43 192.0 71.0 218.0 100.0
face 0.42 372.0 171.0 386.0 190.0
face 0.42 503.0 238.0 515.0 252.0
face 0.41 506.0 284.0 521.0 302.0
face 0.41 685.0 279.0 696.0 292.0
face 0.38 380.0 44.0 392.0 58.0
face 0.38 3.0 11.0 18.0 31.0
face 0.38 353.0 14.0 376.0 42.0
face 0.37 823.0 116.0 837.0 133.0
face 0.37 838.0 126.0 850.0 140.0
face 0.36 401.0 38.0 411.0 50.0
face 0.36 520.0 244.0 532.0 260.0
face 0.36 313.0 35.0 328.0 53.0
face 0.36 511.0 259.0 524.0 276.0
face 0.36 275.0 500.0 369.0 616.0
face 0.36 0.0 328.0 13.0 348.0
face 0.36 37.0 130.0 53.0 149.0
face 0.36 806.0 158.0 817.0 171.0
face 0.35 790.0 181.0 802.0 195.0
face 0.35 806.0 294.0 817.0 308.0
face 0.35 167.0 338.0 183.0 358.0
face 0.35 524.0 251.0 537.0 267.0
face 0.35 807.0 190.0 817.0 202.0
face 0.35 306.0 195.0 320.0 212.0
face 0.35 229.0 188.0 242.0 204.0
face 0.35 415.0 86.0 425.0 98.0
face 0.35 518.0 253.0 529.0 266.0
face 0.35 789.0 202.0 802.0 219.0
face 0.35 358.0 13.0 369.0 28.0
face 0.35 399.0 45.0 411.0 58.0
face 0.35 421.0 93.0 433.0 108.0
face 0.35 415.0 198.0 429.0 216.0
face 0.35 391.0 165.0 405.0 182.0
face 0.35 845.0 125.0 857.0 139.0
face 0.35 815.0 111.0 826.0 124.0
face 0.35 815.0 85.0 828.0 101.0
face 0.35 815.0 133.0 826.0 146.0
face 0.35 822.0 295.0 832.0 307.0
face 0.35 847.0 118.0 858.0 130.0
face 0.35 783.0 204.0 794.0 217.0
