face 1.00 734.0 470.0 856.0 629.0
face 1.00 547.0 2036.0 771.0 2238.0
face 1.00 920.0 4310.0 1023.0 4446.0
face 1.00 351.0 490.0 397.0 552.0
face 1.00 276.0 494.0 326.0 549.0
face 1.00 646.0 3348.0 767.0 3493.0
face 1.00 168.0 521.0 206.0 582.0
face 1.00 262.0 2457.0 345.0 2579.0
face 0.99 92.0 2460.0 159.0 2565.0
face 0.94 528.0 1188.0 630.0 1310.0
face 0.89 371.0 519.0 412.0 582.0
face 0.85 715.0 2470.0 870.0 2608.0
face 0.83 514.0 3514.0 529.0 3533.0
face 0.80 199.0 489.0 252.0 541.0
face 0.79 852.0 2073.0 1025.0 2279.0
face 0.74 77.0 497.0 118.0 561.0
face 0.72 326.0 999.0 338.0 1013.0
face 0.71 402.0 4131.0 521.0 4206.0
face 0.71 436.0 3536.0 542.0 3633.0
face 0.69 748.0 4146.0 892.0 4227.0
face 0.68 353.0 3195.0 365.0 3209.0
face 0.68 94.0 5378.0 211.0 5473.0
face 0.64 351.0 1783.0 497.0 1875.0
face 0.63 189.0 4143.0 292.0 4217.0
face 0.62 478.0 1295.0 488.0 1308.0
face 0.54 562.0 1235.0 588.0 1266.0
face 0.53 462.0 1381.0 476.0 1397.0
face 0.53 488.0 1221.0 498.0 1232.0
face 0.50 591.0 44.0 618.0 78.0
face 0.49 374.0 1287.0 384.0 1299.0
face 0.47 728.0 2637.0 750.0 2664.0
face 0.47 133.0 3708.0 145.0 3723.0
face 0.47 747.0 1612.0 758.0 1627.0
face 0.46 248.0 4535.0 475.0 4756.0
face 0.46 401.0 1369.0 417.0 1390.0
face 0.46 213.0 678.0 231.0 698.0
face 0.46 702.0 46.0 717.0 68.0
face 0.46 586.0 3636.0 603.0 3656.0
face 0.44 487.0 1237.0 502.0 1253.0
face 0.44 221.0 3222.0 232.0 3235.0
face 0.43 316.0 1310.0 375.0 1375.0
face 0.43 5.0 2088.0 18.0 2105.0
face 0.43 621.0 4521.0 741.0 4659.0
face 0.42 342.0 1163.0 358.0 1182.0
face 0.42 517.0 3460.0 535.0 3484.0
face 0.41 777.0 1908.0 907.0 2017.0
face 0.41 95.0 3564.0 109.0 3582.0
face 0.40 544.0 3570.0 592.0 3629.0
face 0.40 905.0 111.0 920.0 129.0
face 0.40 397.0 1216.0 413.0 1238.0
face 0.40 279.0 1994.0 293.0 2009.0
face 0.40 486.0 1310.0 497.0 1324.0
face 0.39 403.0 4250.0 418.0 4274.0
face 0.39 487.0 1319.0 497.0 1333.0
face 0.39 207.0 2286.0 218.0 2299.0
face 0.39 397.0 1236.0 408.0 1249.0
face 0.39 478.0 1307.0 491.0 1323.0
face 0.39 872.0 2583.0 903.0 2625.0
face 0.38 380.0 1299.0 397.0 1320.0
face 0.38 374.0 1260.0 388.0 1278.0
face 0.38 487.0 1303.0 496.0 1314.0
face 0.38 494.0 3509.0 504.0 3522.0
face 0.38 301.0 635.0 318.0 655.0
face 0.38 366.0 1301.0 378.0 1316.0
face 0.38 494.0 1231.0 506.0 1244.0
face 0.38 619.0 4150.0 693.0 4206.0
face 0.37 478.0 1326.0 489.0 1339.0
face 0.37 640.0 1595.0 657.0 1616.0
face 0.37 471.0 1318.0 482.0 1332.0
face 0.37 471.0 1312.0 480.0 1323.0
face 0.37 502.0 3507.0 515.0 3522.0
face 0.37 532.0 3458.0 548.0 3477.0
face 0.37 484.0 1374.0 495.0 1386.0
face 0.37 664.0 5096.0 676.0 5110.0
face 0.37 396.0 50.0 409.0 67.0
face 0.37 112.0 3716.0 122.0 3728.0
face 0.37 462.0 1190.0 476.0 1207.0
face 0.37 675.0 5250.0 687.0 5265.0
face 0.37 493.0 1277.0 505.0 1292.0
face 0.37 495.0 1286.0 505.0 1297.0
face 0.37 480.0 1207.0 489.0 1219.0
face 0.36 502.0 1246.0 512.0 1259.0
face 0.36 494.0 1213.0 507.0 1229.0
face 0.36 318.0 1389.0 328.0 1401.0
face 0.36 106.0 2091.0 122.0 2111.0
face 0.36 495.0 1294.0 504.0 1306.0
face 0.36 44.0 4127.0 163.0 4204.0
face 0.36 493.0 1300.0 505.0 1315.0
face 0.36 439.0 3376.0 449.0 3388.0
face 0.36 453.0 647.0 471.0 671.0
face 0.36 368.0 1292.0 380.0 1307.0
face 0.36 487.0 1227.0 501.0 1244.0
face 0.36 493.0 1310.0 506.0 1325.0
face 0.36 903.0 2310.0 915.0 2324.0
face 0.36 494.0 1223.0 505.0 1235.0
face 0.36 381.0 1261.0 396.0 1282.0
face 0.36 503.0 1221.0 513.0 1234.0
face 0.36 413.0 1226.0 427.0 1245.0
face 0.36 479.0 1381.0 491.0 1395.0
face 0.36 502.0 1317.0 512.0 1331.0
face 0.36 527.0 4204.0 575.0 4253.0
face 0.36 112.0 231.0 122.0 243.0
face 0.36 357.0 1294.0 370.0 1311.0
face 0.36 7.0 4284.0 16.0 4295.0
face 0.36 366.0 1276.0 379.0 1292.0
face 0.36 447.0 1163.0 458.0 1175.0
face 0.36 478.0 1164.0 488.0 1176.0
face 0.36 77.0 2125.0 89.0 2139.0
face 0.36 351.0 2698.0 393.0 2754.0
face 0.36 496.0 3503.0 505.0 3515.0
face 0.36 488.0 1296.0 497.0 1306.0
face 0.36 535.0 3525.0 547.0 3540.0
face 0.36 46.0 2085.0 56.0 2098.0
face 0.36 431.0 3700.0 445.0 3717.0
face 0.36 541.0 3534.0 553.0 3548.0
face 0.36 464.0 1326.0 474.0 1338.0
face 0.36 359.0 1278.0 369.0 1290.0
face 0.36 303.0 3173.0 314.0 3185.0
face 0.35 455.0 1383.0 466.0 1395.0
face 0.35 479.0 1213.0 490.0 1226.0
face 0.35 860.0 2333.0 873.0 2347.0
face 0.35 463.0 1182.0 474.0 1194.0
face 0.35 493.0 1380.0 508.0 1398.0
face 0.35 365.0 1372.0 379.0 1388.0
face 0.35 512.0 1302.0 522.0 1315.0
face 0.35 847.0 2342.0 859.0 2356.0
face 0.35 476.0 1387.0 489.0 1403.0
face 0.35 502.0 5383.0 511.0 5395.0
face 0.35 524.0 3536.0 536.0 3549.0
face 0.35 492.0 1261.0 506.0 1276.0
face 0.35 567.0 3477.0 579.0 3490.0
face 0.35 533.0 3454.0 545.0 3468.0
face 0.35 511.0 1306.0 526.0 1327.0
face 0.35 375.0 1303.0 386.0 1316.0
face 0.35 465.0 1333.0 475.0 1346.0
face 0.35 197.0 2252.0 209.0 2266.0
face 0.35 503.0 1215.0 512.0 1227.0
face 0.35 813.0 2625.0 827.0 2644.0
face 0.35 464.0 1309.0 473.0 1321.0
face 0.35 471.0 1303.0 481.0 1314.0
face 0.35 487.0 1206.0 496.0 1217.0
face 0.35 39.0 3564.0 49.0 3577.0
face 0.35 489.0 1241.0 510.0 1265.0
face 0.35 506.0 3500.0 522.0 3518.0
face 0.35 284.0 3188.0 299.0 3205.0
