face 1.00 674.0 141.0 780.0 309.0
face 1.00 359.0 185.0 464.0 325.0
face 1.00 979.0 286.0 1024.0 357.0
face 1.00 23.0 279.0 81.0 349.0
face 1.00 174.0 147.0 218.0 203.0
face 1.00 875.0 201.0 929.0 278.0
face 0.99 100.0 159.0 144.0 218.0
face 0.99 208.0 184.0 257.0 244.0
face 0.99 41.0 134.0 80.0 188.0
face 0.99 0.0 130.0 39.0 197.0
face 0.99 53.0 208.0 104.0 271.0
face 0.95 924.0 251.0 976.0 323.0
face 0.88 979.0 208.0 1024.0 278.0
face 0.88 426.0 167.0 529.0 301.0
face 0.87 806.0 209.0 866.0 302.0
face 0.87 162.0 243.0 222.0 314.0
face 0.78 540.0 179.0 585.0 233.0
face 0.66 228.0 243.0 274.0 301.0
face 0.65 722.0 725.0 814.0 817.0
face 0.60 743.0 230.0 800.0 310.0
face 0.58 976.0 1113.0 1002.0 1140.0
face 0.56 747.0 299.0 800.0 368.0
face 0.52 1004.0 970.0 1024.0 997.0
face 0.51 629.0 162.0 676.0 235.0
face 0.51 270.0 461.0 372.0 586.0
face 0.47 943.0 1000.0 959.0 1021.0
face 0.46 897.0 956.0 911.0 974.0
face 0.45 977.0 529.0 1025.0 605.0
face 0.45 474.0 910.0 495.0 940.0
face 0.43 965.0 964.0 976.0 979.0
face 0.40 59.0 1267.0 76.0 1288.0
face 0.39 246.0 1130.0 270.0 1157.0
face 0.39 946.0 962.0 963.0 981.0
face 0.37 948.0 1097.0 964.0 1117.0
face 0.37 726.0 757.0 757.0 791.0
face 0.36 925.0 987.0 940.0 1006.0
face 0.36 938.0 967.0 955.0 988.0
