face 1.00 80.0 95.0 142.0 175.0
face 0.99 773.0 14.0 787.0 31.0
face 0.93 351.0 507.0 366.0 525.0
face 0.91 880.0 50.0 902.0 76.0
face 0.90 499.0 219.0 555.0 279.0
face 0.86 823.0 42.0 849.0 76.0
face 0.80 382.0 159.0 393.0 173.0
face 0.79 762.0 38.0 788.0 73.0
face 0.57 404.0 228.0 452.0 290.0
face 0.49 550.0 535.0 576.0 566.0
face 0.48 22.0 436.0 45.0 467.0
face 0.43 983.0 613.0 994.0 627.0
face 0.43 419.0 561.0 433.0 578.0
face 0.43 684.0 0.0 700.0 15.0
face 0.42 1012.0 41.0 1024.0 60.0
face 0.41 229.0 77.0 336.0 195.0
face 0.40 893.0 252.0 904.0 267.0
face 0.39 965.0 565.0 980.0 583.0
face 0.39 955.0 653.0 971.0 672.0
face 0.38 404.0 549.0 415.0 561.0
face 0.38 380.0 518.0 395.0 534.0
face 0.38 342.0 503.0 353.0 516.0
face 0.38 461.0 563.0 475.0 580.0
face 0.38 319.0 532.0 331.0 546.0
face 0.38 542.0 469.0 553.0 483.0
face 0.37 406.0 558.0 417.0 570.0
face 0.37 400.0 542.0 410.0 555.0
face 0.37 375.0 543.0 385.0 554.0
face 0.37 432.0 517.0 442.0 530.0
face 0.37 406.0 503.0 418.0 516.0
face 0.37 416.0 527.0 425.0 538.0
face 0.36 405.0 543.0 416.0 555.0
face 0.36 389.0 532.0 401.0 547.0
face 0.36 430.0 511.0 439.0 523.0
face 0.36 764.0 143.0 777.0 159.0
face 0.36 407.0 526.0 416.0 537.0
face 0.36 375.0 512.0 385.0 523.0
face 0.36 425.0 510.0 435.0 521.0
face 0.36 388.0 556.0 401.0 574.0
face 0.36 413.0 502.0 424.0 515.0
face 0.36 437.0 523.0 450.0 540.0
face 0.36 374.0 495.0 383.0 506.0
face 0.36 342.0 516.0 353.0 530.0
face 0.36 423.0 472.0 432.0 483.0
face 0.36 398.0 501.0 410.0 515.0
face 0.36 337.0 508.0 349.0 524.0
face 0.36 374.0 562.0 388.0 579.0
face 0.36 924.0 644.0 939.0 661.0
face 0.36 408.0 535.0 417.0 545.0
face 0.36 433.0 524.0 442.0 537.0
face 0.36 416.0 534.0 425.0 545.0
face 0.36 415.0 541.0 425.0 553.0
face 0.36 517.0 467.0 531.0 484.0
face 0.36 382.0 543.0 392.0 554.0
face 0.36 455.0 542.0 466.0 555.0
face 0.36 373.0 548.0 385.0 563.0
face 0.35 407.0 519.0 416.0 531.0
face 0.35 127.0 310.0 138.0 324.0
face 0.35 367.0 518.0 378.0 531.0
face 0.35 422.0 527.0 432.0 538.0
face 0.35 372.0 500.0 384.0 514.0
face 0.35 722.0 271.0 747.0 302.0
face 0.35 401.0 572.0 412.0 587.0
face 0.35 963.0 614.0 975.0 630.0
face 0.35 326.0 526.0 335.0 537.0
face 0.35 503.0 424.0 602.0 521.0
face 0.35 397.0 517.0 410.0 532.0
face 0.35 389.0 518.0 400.0 530.0
face 0.35 730.0 595.0 763.0 628.0
face 0.35 804.0 67.0 817.0 82.0
face 0.35 399.0 496.0 408.0 506.0
face 0.35 663.0 351.0 673.0 363.0
face 0.35 374.0 517.0 386.0 531.0
face 0.35 183.0 312.0 193.0 324.0
face 0.35 438.0 543.0 448.0 554.0
face 0.35 646.0 559.0 657.0 571.0
face 0.35 422.0 535.0 432.0 546.0
face 0.35 931.0 340.0 946.0 358.0
