face 1.00 163.0 317.0 182.0 339.0
face 1.00 261.0 291.0 275.0 308.0
face 0.99 77.0 331.0 101.0 357.0
face 0.98 43.0 339.0 63.0 363.0
face 0.97 384.0 268.0 397.0 282.0
face 0.93 318.0 277.0 334.0 296.0
face 0.91 134.0 324.0 154.0 347.0
face 0.86 352.0 277.0 363.0 291.0
face 0.84 336.0 278.0 349.0 294.0
face 0.81 710.0 454.0 721.0 468.0
face 0.79 608.0 91.0 622.0 108.0
face 0.78 446.0 247.0 456.0 260.0
face 0.77 226.0 323.0 242.0 344.0
face 0.74 194.0 316.0 208.0 332.0
face 0.70 433.0 251.0 444.0 265.0
face 0.69 247.0 309.0 258.0 323.0
face 0.65 671.0 436.0 682.0 450.0
face 0.63 790.0 399.0 806.0 417.0
face 0.62 520.0 232.0 532.0 246.0
face 0.61 863.0 221.0 876.0 239.0
face 0.60 113.0 326.0 128.0 344.0
face 0.59 412.0 263.0 425.0 277.0
face 0.59 697.0 436.0 710.0 451.0
face 0.58 984.0 242.0 1011.0 275.0
face 0.51 331.0 119.0 345.0 134.0
face 0.48 215.0 244.0 228.0 259.0
face 0.48 200.0 358.0 214.0 378.0
face 0.47 1001.0 179.0 1019.0 197.0
face 0.46 270.0 284.0 281.0 297.0
face 0.45 887.0 246.0 896.0 258.0
face 0.44 724.0 450.0 737.0 465.0
face 0.44 871.0 244.0 881.0 257.0
face 0.43 346.0 4.0 363.0 22.0
face 0.43 218.0 309.0 235.0 328.0
face 0.42 854.0 240.0 868.0 257.0
face 0.41 433.0 5.0 451.0 25.0
face 0.41 934.0 211.0 947.0 227.0
face 0.41 493.0 84.0 505.0 97.0
face 0.41 606.0 223.0 616.0 235.0
face 0.40 760.0 416.0 784.0 446.0
face 0.40 838.0 282.0 854.0 300.0
face 0.40 708.0 405.0 723.0 422.0
face 0.40 726.0 117.0 737.0 131.0
face 0.39 734.0 160.0 749.0 178.0
face 0.39 718.0 453.0 730.0 467.0
face 0.39 422.0 132.0 438.0 151.0
face 0.39 662.0 321.0 678.0 341.0
face 0.39 564.0 122.0 579.0 142.0
face 0.38 615.0 61.0 626.0 74.0
face 0.38 685.0 428.0 696.0 442.0
face 0.38 701.0 430.0 712.0 443.0
face 0.38 856.0 140.0 869.0 155.0
face 0.38 244.0 291.0 261.0 312.0
face 0.38 726.0 437.0 741.0 455.0
face 0.38 402.0 262.0 413.0 275.0
face 0.37 976.0 181.0 988.0 197.0
face 0.37 511.0 230.0 524.0 244.0
face 0.37 687.0 414.0 697.0 426.0
face 0.37 860.0 305.0 876.0 324.0
face 0.37 215.0 331.0 230.0 349.0
face 0.37 964.0 245.0 979.0 261.0
face 0.37 989.0 162.0 1001.0 176.0
face 0.37 461.0 260.0 472.0 273.0
face 0.37 471.0 87.0 481.0 98.0
face 0.37 686.0 422.0 696.0 434.0
face 0.37 174.0 319.0 186.0 334.0
face 0.37 429.0 139.0 441.0 153.0
face 0.37 716.0 379.0 730.0 397.0
face 0.37 432.0 239.0 442.0 251.0
face 0.37 702.0 444.0 713.0 457.0
face 0.37 713.0 124.0 724.0 140.0
face 0.37 457.0 255.0 466.0 266.0
face 0.37 283.0 292.0 297.0 309.0
face 0.37 791.0 380.0 802.0 393.0
face 0.36 400.0 267.0 410.0 280.0
face 0.36 472.0 122.0 483.0 135.0
face 0.36 552.0 110.0 562.0 123.0
face 0.36 215.0 316.0 227.0 330.0
face 0.36 455.0 224.0 465.0 235.0
face 0.36 487.0 71.0 497.0 83.0
face 0.36 671.0 455.0 681.0 466.0
face 0.36 824.0 77.0 838.0 93.0
face 0.36 558.0 70.0 568.0 82.0
face 0.36 536.0 231.0 547.0 244.0
face 0.36 421.0 261.0 431.0 273.0
face 0.36 686.0 455.0 696.0 466.0
face 0.36 976.0 206.0 985.0 217.0
face 0.36 447.0 62.0 457.0 74.0
face 0.36 279.0 285.0 291.0 298.0
face 0.36 719.0 438.0 730.0 450.0
face 0.36 882.0 12.0 897.0 29.0
face 0.36 472.0 79.0 482.0 90.0
face 0.36 574.0 108.0 585.0 121.0
face 0.36 100.0 318.0 113.0 334.0
face 0.36 839.0 126.0 850.0 139.0
face 0.36 748.0 420.0 764.0 438.0
face 0.36 838.0 235.0 850.0 249.0
face 0.36 790.0 29.0 801.0 43.0
face 0.36 582.0 31.0 592.0 42.0
face 0.36 843.0 312.0 859.0 330.0
face 0.36 447.0 40.0 457.0 51.0
face 0.36 583.0 231.0 593.0 243.0
face 0.36 477.0 86.0 487.0 97.0
face 0.36 960.0 228.0 973.0 244.0
face 0.36 605.0 247.0 615.0 259.0
face 0.36 424.0 72.0 432.0 83.0
face 0.36 189.0 239.0 201.0 253.0
face 0.36 501.0 221.0 512.0 235.0
face 0.36 897.0 159.0 906.0 170.0
face 0.36 605.0 32.0 616.0 43.0
face 0.36 550.0 220.0 562.0 236.0
face 0.36 473.0 70.0 483.0 82.0
face 0.36 542.0 43.0 555.0 60.0
face 0.36 600.0 228.0 610.0 240.0
face 0.36 406.0 22.0 417.0 35.0
face 0.36 470.0 204.0 481.0 217.0
face 0.36 912.0 150.0 922.0 162.0
face 0.36 479.0 77.0 489.0 90.0
face 0.36 889.0 241.0 899.0 252.0
face 0.36 870.0 230.0 880.0 241.0
face 0.36 181.0 310.0 193.0 324.0
face 0.36 510.0 211.0 520.0 222.0
face 0.36 800.0 189.0 811.0 203.0
face 0.36 845.0 134.0 855.0 146.0
face 0.36 681.0 423.0 691.0 434.0
face 0.36 405.0 53.0 416.0 67.0
face 0.36 462.0 159.0 472.0 170.0
face 0.36 558.0 222.0 568.0 235.0
face 0.36 30.0 346.0 43.0 363.0
face 0.35 951.0 200.0 962.0 213.0
face 0.35 847.0 237.0 858.0 251.0
face 0.35 520.0 53.0 531.0 65.0
face 0.35 806.0 77.0 816.0 89.0
face 0.35 783.0 379.0 794.0 393.0
face 0.35 645.0 151.0 655.0 162.0
face 0.35 473.0 62.0 483.0 74.0
face 0.35 445.0 141.0 458.0 157.0
face 0.35 862.0 136.0 873.0 149.0
face 0.35 862.0 238.0 873.0 250.0
face 0.35 438.0 131.0 451.0 147.0
face 0.35 181.0 318.0 192.0 332.0
face 0.35 478.0 95.0 488.0 107.0
face 0.35 974.0 176.0 985.0 188.0
face 0.35 613.0 203.0 627.0 219.0
face 0.35 422.0 46.0 432.0 58.0
face 0.35 613.0 133.0 624.0 147.0
face 0.35 543.0 213.0 555.0 227.0
face 0.35 415.0 150.0 427.0 164.0
face 0.35 366.0 270.0 376.0 282.0
face 0.35 902.0 248.0 911.0 259.0
face 0.35 550.0 45.0 561.0 58.0
face 0.35 790.0 173.0 804.0 188.0
face 0.35 980.0 187.0 994.0 204.0
face 0.35 679.0 454.0 691.0 466.0
face 0.35 621.0 240.0 631.0 251.0
face 0.35 688.0 437.0 698.0 449.0
face 0.35 998.0 176.0 1009.0 190.0
face 0.35 717.0 212.0 731.0 228.0
face 0.35 965.0 222.0 975.0 234.0
face 0.35 343.0 132.0 354.0 147.0
face 0.35 533.0 33.0 546.0 51.0
face 0.35 695.0 387.0 706.0 402.0
face 0.35 615.0 191.0 626.0 204.0
face 0.35 454.0 38.0 465.0 51.0
face 0.35 278.0 279.0 289.0 291.0
face 0.35 805.0 85.0 818.0 100.0
face 0.35 551.0 69.0 563.0 83.0
face 0.35 215.0 326.0 226.0 340.0
face 0.35 863.0 126.0 874.0 138.0
face 0.35 767.0 196.0 777.0 208.0
face 0.35 990.0 191.0 1000.0 203.0
face 0.35 798.0 381.0 807.0 392.0
face 0.35 396.0 141.0 408.0 155.0
face 0.35 847.0 140.0 858.0 155.0
face 0.35 471.0 55.0 481.0 66.0
face 0.35 631.0 135.0 641.0 147.0
face 0.35 560.0 94.0 569.0 105.0
face 0.35 992.0 181.0 1002.0 193.0
face 0.35 678.0 430.0 691.0 444.0
face 0.35 856.0 55.0 867.0 67.0
face 0.35 539.0 235.0 552.0 250.0
face 0.35 287.0 301.0 299.0 314.0
face 0.35 991.0 197.0 1000.0 209.0
face 0.35 685.0 287.0 697.0 300.0
face 0.35 878.0 247.0 890.0 259.0
face 0.35 207.0 244.0 221.0 260.0
face 0.35 431.0 232.0 441.0 243.0
face 0.35 686.0 448.0 696.0 460.0
face 0.35 582.0 38.0 592.0 49.0
face 0.35 875.0 65.0 890.0 83.0
face 0.35 558.0 117.0 569.0 132.0
face 0.35 935.0 51.0 947.0 66.0
face 0.35 709.0 437.0 721.0 451.0
face 0.35 439.0 126.0 449.0 138.0
face 0.35 647.0 144.0 656.0 155.0
face 0.35 830.0 54.0 839.0 64.0
face 0.35 577.0 88.0 586.0 98.0
