face 1.00 775.0 79.0 851.0 188.0
face 1.00 651.0 126.0 722.0 223.0
face 1.00 498.0 68.0 572.0 179.0
face 1.00 199.0 73.0 275.0 179.0
face 1.00 346.0 121.0 418.0 213.0
face 0.73 973.0 210.0 987.0 227.0
face 0.52 973.0 239.0 988.0 258.0
face 0.49 754.0 174.0 780.0 203.0
face 0.41 76.0 138.0 119.0 192.0
face 0.38 413.0 52.0 428.0 70.0
face 0.37 766.0 181.0 779.0 195.0
face 0.36 413.0 47.0 424.0 59.0
face 0.36 440.0 45.0 450.0 57.0
face 0.36 997.0 237.0 1012.0 256.0
face 0.35 167.0 102.0 177.0 115.0
face 0.35 975.0 191.0 989.0 207.0
face 0.35 167.0 85.0 177.0 97.0
face 0.35 758.0 175.0 771.0 189.0
face 0.35 519.0 211.0 533.0 231.0
face 0.35 424.0 46.0 434.0 57.0
face 0.35 339.0 341.0 351.0 356.0
