face 1.00 10.0 54.0 33.0 83.0
face 1.00 50.0 75.0 76.0 108.0
face 1.00 254.0 48.0 279.0 81.0
face 1.00 634.0 38.0 661.0 73.0
face 1.00 389.0 36.0 418.0 71.0
face 1.00 669.0 41.0 696.0 72.0
face 1.00 778.0 44.0 803.0 77.0
face 1.00 312.0 20.0 341.0 60.0
face 1.00 197.0 61.0 224.0 98.0
face 1.00 128.0 51.0 146.0 73.0
face 1.00 809.0 22.0 834.0 52.0
face 1.00 522.0 36.0 549.0 71.0
face 1.00 346.0 63.0 370.0 92.0
face 1.00 938.0 30.0 963.0 61.0
face 0.99 963.0 35.0 981.0 57.0
face 0.99 152.0 62.0 178.0 93.0
face 0.99 439.0 53.0 466.0 83.0
face 0.99 63.0 124.0 93.0 161.0
face 0.95 173.0 46.0 197.0 76.0
face 0.91 581.0 35.0 608.0 66.0
face 0.85 282.0 171.0 297.0 191.0
face 0.82 487.0 51.0 505.0 72.0
face 0.42 133.0 -1.0 154.0 23.0
face 0.40 674.0 297.0 688.0 316.0
face 0.38 168.0 205.0 179.0 219.0
face 0.38 719.0 118.0 731.0 132.0
face 0.37 759.0 196.0 772.0 212.0
face 0.36 312.0 204.0 325.0 218.0
face 0.35 602.0 188.0 613.0 204.0
