face 1.00 32.0 160.0 70.0 213.0
face 1.00 431.0 335.0 477.0 392.0
face 1.00 130.0 301.0 174.0 353.0
face 1.00 -1.0 303.0 48.0 360.0
face 1.00 794.0 278.0 848.0 341.0
face 0.99 747.0 331.0 791.0 389.0
face 0.99 556.0 344.0 599.0 397.0
face 0.89 331.0 312.0 370.0 364.0
face 0.88 667.0 315.0 702.0 357.0
face 0.65 887.0 111.0 926.0 171.0
face 0.61 1002.0 340.0 1025.0 393.0
face 0.58 82.0 72.0 132.0 150.0
face 0.57 738.0 146.0 780.0 192.0
face 0.56 961.0 389.0 973.0 406.0
face 0.55 64.0 77.0 90.0 107.0
face 0.50 600.0 174.0 623.0 206.0
face 0.50 541.0 704.0 564.0 736.0
face 0.45 592.0 458.0 605.0 474.0
face 0.45 109.0 321.0 126.0 344.0
face 0.44 260.0 707.0 276.0 729.0
face 0.41 314.0 345.0 329.0 362.0
face 0.40 564.0 237.0 601.0 289.0
face 0.40 703.0 464.0 729.0 495.0
face 0.39 358.0 283.0 373.0 301.0
face 0.39 107.0 335.0 124.0 358.0
face 0.37 298.0 244.0 325.0 278.0
face 0.37 62.0 73.0 109.0 126.0
face 0.37 517.0 252.0 530.0 268.0
face 0.36 154.0 265.0 172.0 286.0
face 0.36 274.0 402.0 289.0 420.0
face 0.36 137.0 406.0 149.0 420.0
face 0.36 363.0 290.0 378.0 307.0
face 0.36 791.0 166.0 801.0 179.0
face 0.35 866.0 666.0 883.0 687.0
face 0.35 327.0 218.0 350.0 246.0
face 0.35 120.0 420.0 131.0 432.0
