face 1.00 550.0 353.0 578.0 385.0
face 0.99 354.0 403.0 379.0 432.0
face 0.99 579.0 388.0 610.0 422.0
face 0.96 262.0 392.0 288.0 427.0
face 0.93 790.0 395.0 821.0 430.0
face 0.92 253.0 373.0 280.0 410.0
face 0.90 453.0 161.0 477.0 197.0
face 0.88 3.0 311.0 22.0 341.0
face 0.75 210.0 413.0 224.0 428.0
face 0.73 610.0 322.0 626.0 342.0
face 0.69 231.0 378.0 253.0 406.0
face 0.65 598.0 190.0 630.0 230.0
face 0.59 686.0 432.0 705.0 458.0
face 0.57 865.0 349.0 889.0 380.0
face 0.54 430.0 264.0 458.0 302.0
face 0.53 596.0 377.0 611.0 397.0
face 0.53 458.0 392.0 484.0 423.0
face 0.49 28.0 371.0 42.0 389.0
face 0.48 462.0 139.0 473.0 154.0
face 0.48 897.0 356.0 925.0 385.0
face 0.43 363.0 669.0 377.0 686.0
face 0.42 350.0 461.0 361.0 474.0
face 0.41 762.0 385.0 777.0 402.0
face 0.41 349.0 464.0 372.0 494.0
face 0.39 789.0 344.0 801.0 357.0
face 0.38 572.0 339.0 584.0 355.0
face 0.38 155.0 411.0 179.0 441.0
face 0.38 202.0 497.0 231.0 530.0
face 0.37 867.0 410.0 883.0 431.0
face 0.36 23.0 364.0 35.0 378.0
face 0.36 35.0 425.0 52.0 446.0
face 0.35 338.0 378.0 352.0 398.0
face 0.35 783.0 383.0 793.0 394.0
face 0.35 846.0 278.0 856.0 291.0
