face 1.00 570.0 53.0 595.0 82.0
face 1.00 257.0 165.0 279.0 190.0
face 1.00 730.0 52.0 754.0 79.0
face 1.00 649.0 54.0 674.0 82.0
face 1.00 755.0 146.0 770.0 165.0
face 1.00 250.0 267.0 271.0 293.0
face 1.00 476.0 255.0 499.0 281.0
face 1.00 682.0 260.0 706.0 287.0
face 1.00 437.0 64.0 461.0 91.0
face 0.99 587.0 150.0 601.0 170.0
face 0.99 641.0 148.0 656.0 167.0
face 0.99 579.0 257.0 603.0 284.0
face 0.99 697.0 146.0 712.0 165.0
face 0.98 732.0 268.0 747.0 286.0
face 0.98 369.0 257.0 389.0 280.0
face 0.98 621.0 59.0 636.0 77.0
face 0.98 133.0 265.0 150.0 286.0
face 0.97 523.0 38.0 535.0 54.0
face 0.96 363.0 66.0 388.0 95.0
face 0.91 700.0 60.0 717.0 81.0
face 0.91 214.0 63.0 229.0 81.0
face 0.90 149.0 164.0 165.0 182.0
face 0.89 283.0 63.0 297.0 80.0
face 0.86 214.0 164.0 229.0 182.0
face 0.83 629.0 268.0 643.0 285.0
face 0.78 412.0 74.0 425.0 91.0
face 0.72 87.0 162.0 103.0 181.0
face 0.72 27.0 159.0 41.0 177.0
face 0.67 2.0 464.0 127.0 654.0
face 0.58 149.0 67.0 164.0 85.0
face 0.56 88.0 69.0 102.0 86.0
face 0.52 302.0 172.0 314.0 189.0
face 0.47 610.0 2.0 638.0 28.0
face 0.46 291.0 117.0 316.0 144.0
face 0.44 402.0 209.0 427.0 235.0
face 0.42 783.0 56.0 799.0 77.0
face 0.42 690.0 2.0 718.0 29.0
face 0.41 923.0 499.0 941.0 519.0
face 0.40 490.0 97.0 518.0 132.0
face 0.39 448.0 333.0 462.0 351.0
face 0.39 767.0 163.0 780.0 177.0
face 0.38 603.0 339.0 642.0 391.0
face 0.38 790.0 396.0 801.0 408.0
face 0.37 294.0 277.0 305.0 291.0
face 0.37 710.0 164.0 723.0 178.0
face 0.37 448.0 315.0 487.0 368.0
face 0.37 403.0 17.0 427.0 43.0
face 0.36 602.0 164.0 615.0 178.0
face 0.35 22.0 71.0 37.0 90.0
face 0.35 712.0 398.0 722.0 410.0
face 0.35 634.0 345.0 650.0 366.0
