face 1.00 227.0 195.0 511.0 505.0
face 0.86 754.0 100.0 845.0 227.0
face 0.85 454.0 276.0 718.0 539.0
face 0.77 627.0 1072.0 880.0 1275.0
face 0.77 93.0 801.0 223.0 923.0
face 0.66 186.0 56.0 444.0 360.0
face 0.59 470.0 816.0 736.0 1069.0
face 0.59 811.0 130.0 827.0 150.0
face 0.57 406.0 49.0 672.0 320.0
face 0.56 381.0 384.0 658.0 682.0
face 0.50 493.0 1095.0 504.0 1108.0
face 0.49 172.0 133.0 184.0 147.0
face 0.46 492.0 453.0 504.0 468.0
face 0.45 947.0 135.0 964.0 158.0
face 0.42 34.0 433.0 235.0 635.0
face 0.38 114.0 147.0 195.0 258.0
face 0.36 975.0 1178.0 988.0 1195.0
face 0.36 976.0 1116.0 987.0 1130.0
face 0.35 804.0 125.0 849.0 183.0
