face 1.00 642.0 231.0 707.0 322.0
face 1.00 170.0 288.0 231.0 361.0
face 0.93 519.0 285.0 577.0 356.0
face 0.91 839.0 309.0 893.0 381.0
face 0.63 762.0 481.0 783.0 506.0
face 0.47 102.0 521.0 112.0 534.0
face 0.44 214.0 283.0 232.0 302.0
face 0.39 54.0 335.0 64.0 346.0
face 0.37 95.0 518.0 108.0 533.0
face 0.36 137.0 407.0 146.0 417.0
face 0.36 126.0 438.0 136.0 449.0
face 0.36 48.0 350.0 58.0 362.0
face 0.36 41.0 319.0 50.0 329.0
face 0.36 55.0 341.0 64.0 353.0
face 0.36 48.0 334.0 60.0 347.0
face 0.36 53.0 350.0 65.0 365.0
face 0.36 48.0 343.0 58.0 354.0
face 0.36 31.0 319.0 41.0 330.0
face 0.36 38.0 336.0 48.0 348.0
face 0.36 240.0 364.0 250.0 377.0
face 0.36 125.0 453.0 137.0 468.0
face 0.36 119.0 391.0 128.0 401.0
face 0.36 126.0 432.0 135.0 443.0
face 0.36 679.0 362.0 691.0 379.0
face 0.35 136.0 399.0 145.0 410.0
face 0.35 312.0 319.0 322.0 330.0
face 0.35 14.0 293.0 25.0 305.0
face 0.35 249.0 383.0 258.0 394.0
face 0.35 40.0 326.0 49.0 337.0
face 0.35 63.0 351.0 72.0 362.0
face 0.35 94.0 510.0 103.0 521.0
face 0.35 14.0 303.0 25.0 316.0
face 0.35 24.0 303.0 34.0 314.0
face 0.35 125.0 445.0 138.0 460.0
face 0.35 55.0 328.0 64.0 339.0
face 0.35 318.0 278.0 328.0 290.0
face 0.35 248.0 390.0 258.0 401.0
face 0.35 989.0 155.0 1001.0 168.0
face 0.35 238.0 415.0 247.0 426.0
face 0.35 321.0 263.0 332.0 274.0
face 0.35 63.0 343.0 72.0 353.0
face 0.35 136.0 414.0 145.0 424.0
face 0.35 47.0 326.0 57.0 337.0
