face 1.00 63.0 206.0 87.0 238.0
face 1.00 660.0 219.0 704.0 279.0
face 1.00 956.0 214.0 987.0 258.0
face 1.00 197.0 189.0 223.0 223.0
face 1.00 498.0 223.0 535.0 268.0
face 1.00 304.0 202.0 330.0 234.0
face 1.00 758.0 208.0 788.0 249.0
face 1.00 793.0 244.0 844.0 303.0
face 1.00 134.0 225.0 159.0 256.0
face 1.00 940.0 184.0 969.0 223.0
face 1.00 885.0 213.0 914.0 251.0
face 1.00 365.0 230.0 395.0 269.0
face 1.00 847.0 188.0 875.0 223.0
face 0.99 393.0 198.0 416.0 224.0
face 0.99 577.0 216.0 611.0 254.0
face 0.99 462.0 195.0 484.0 220.0
face 0.99 546.0 184.0 569.0 211.0
face 0.95 138.0 201.0 158.0 224.0
face 0.92 728.0 189.0 753.0 218.0
face 0.91 232.0 218.0 259.0 247.0
face 0.88 1008.0 206.0 1025.0 240.0
face 0.88 420.0 193.0 443.0 224.0
face 0.85 651.0 206.0 675.0 236.0
face 0.83 161.0 204.0 192.0 240.0
face 0.76 985.0 317.0 1002.0 335.0
face 0.74 643.0 227.0 657.0 246.0
face 0.64 346.0 216.0 371.0 245.0
face 0.49 709.0 192.0 728.0 216.0
face 0.46 106.0 286.0 128.0 315.0
face 0.42 221.0 264.0 237.0 287.0
face 0.42 117.0 219.0 133.0 238.0
face 0.40 719.0 177.0 729.0 188.0
face 0.36 710.0 191.0 721.0 204.0
face 0.36 486.0 200.0 501.0 221.0
face 0.36 102.0 286.0 118.0 303.0
face 0.36 414.0 499.0 429.0 515.0
face 0.36 724.0 181.0 737.0 196.0
face 0.35 440.0 457.0 455.0 476.0
face 0.35 137.0 86.0 146.0 99.0
