face 1.00 838.0 51.0 918.0 155.0
face 1.00 92.0 46.0 164.0 143.0
face 1.00 475.0 56.0 545.0 145.0
face 0.60 698.0 554.0 740.0 601.0
face 0.58 536.0 456.0 712.0 638.0
face 0.50 938.0 154.0 954.0 173.0
face 0.48 268.0 391.0 432.0 572.0
face 0.47 759.0 259.0 774.0 278.0
face 0.44 555.0 140.0 570.0 158.0
face 0.42 717.0 570.0 733.0 588.0
face 0.41 155.0 142.0 169.0 160.0
face 0.38 623.0 48.0 678.0 109.0
face 0.37 298.0 45.0 359.0 111.0
face 0.37 506.0 24.0 533.0 56.0
face 0.37 627.0 52.0 640.0 68.0
face 0.37 158.0 400.0 284.0 556.0
face 0.36 946.0 75.0 960.0 92.0
face 0.36 253.0 215.0 269.0 232.0
face 0.36 630.0 76.0 643.0 91.0
face 0.35 514.0 476.0 560.0 524.0
face 0.35 308.0 53.0 320.0 68.0
face 0.35 327.0 54.0 338.0 67.0
face 0.35 781.0 162.0 797.0 181.0
face 0.35 646.0 68.0 662.0 86.0
face 0.35 308.0 71.0 322.0 87.0
