face 1.00 528.0 170.0 547.0 197.0
face 1.00 109.0 187.0 125.0 207.0
face 1.00 299.0 177.0 314.0 197.0
face 1.00 463.0 179.0 482.0 203.0
face 1.00 751.0 119.0 780.0 155.0
face 1.00 219.0 230.0 258.0 284.0
face 1.00 695.0 162.0 713.0 188.0
face 1.00 50.0 225.0 70.0 249.0
face 1.00 11.0 171.0 30.0 194.0
face 1.00 368.0 237.0 390.0 263.0
face 0.99 459.0 156.0 476.0 177.0
face 0.99 246.0 172.0 260.0 189.0
face 0.99 187.0 181.0 203.0 201.0
face 0.98 353.0 171.0 367.0 187.0
face 0.97 404.0 164.0 420.0 184.0
face 0.97 510.0 170.0 525.0 190.0
face 0.94 373.0 179.0 386.0 193.0
face 0.92 425.0 169.0 439.0 187.0
face 0.86 719.0 161.0 748.0 198.0
face 0.86 259.0 216.0 277.0 239.0
face 0.82 911.0 132.0 950.0 176.0
face 0.77 205.0 176.0 221.0 196.0
face 0.73 332.0 180.0 347.0 197.0
face 0.71 318.0 234.0 343.0 274.0
face 0.71 900.0 171.0 942.0 217.0
face 0.64 365.0 228.0 383.0 248.0
face 0.62 591.0 126.0 614.0 157.0
face 0.52 594.0 143.0 612.0 163.0
face 0.47 900.0 176.0 919.0 201.0
face 0.47 522.0 595.0 572.0 658.0
face 0.45 566.0 178.0 577.0 192.0
face 0.40 179.0 415.0 271.0 555.0
face 0.39 968.0 167.0 1010.0 217.0
face 0.38 931.0 174.0 943.0 189.0
face 0.37 560.0 164.0 570.0 175.0
face 0.36 533.0 200.0 547.0 219.0
face 0.36 926.0 167.0 936.0 179.0
face 0.36 439.0 163.0 452.0 179.0
face 0.36 951.0 195.0 962.0 209.0
face 0.36 948.0 185.0 966.0 205.0
face 0.36 894.0 163.0 909.0 182.0
face 0.36 391.0 253.0 402.0 267.0
face 0.36 653.0 259.0 664.0 272.0
face 0.36 511.0 196.0 524.0 211.0
face 0.35 661.0 219.0 675.0 236.0
face 0.35 695.0 213.0 704.0 225.0
face 0.35 935.0 188.0 946.0 202.0
face 0.35 958.0 207.0 970.0 220.0
