face 31 510 50 535
face 153 507 173 532
face 266 514 285 536
face 77 454 96 477
face 135 426 154 449
face 201 452 220 475
face 18 482 31 504
face 188 384 206 411
face 255 377 274 403
face 309 451 330 480
face 306 355 326 380
face 386 343 405 366
face 398 514 419 539
face 499 514 519 538
face 604 514 623 537
face 546 447 568 473
face 444 448 464 473
face 501 394 519 416
face 677 450 695 474
face 824 517 842 540
face 715 517 733 541
face 943 521 964 547
face 884 464 904 489
face 920 501 937 524
face 810 436 829 459
face 771 461 788 484
face 755 404 773 425
face 703 379 721 402
face 655 349 673 374
face 597 343 618 367
face 544 292 562 315
face 491 223 508 246
face 440 289 458 311
face 978 323 989 338
face 938 333 949 344
face 863 372 874 384
face 839 375 850 387
face 987 273 998 283
face 995 258 1006 268
face 895 299 905 310
face 937 249 947 259
face 792 389 807 403
face 772 383 783 398
face 823 366 834 380
face 819 332 829 345
face 821 314 832 325
face 789 327 799 339
face 750 323 762 337
face 704 337 714 351
face 674 313 684 326
face 754 293 764 304
face 639 309 650 319
face 746 264 758 276
face 970 381 981 391
face 142 278 152 288
face 310 304 321 317
