face 92 641 116 671
face 118 617 138 642
face 135 662 157 683
face 176 649 198 679
face 215 659 234 683
face 208 605 227 632
face 162 557 183 583
face 97 563 117 591
face 115 598 135 615
face 48 591 70 620
face 3 611 27 639
face 15 569 31 601
face 52 562 69 579
face 231 551 249 571
face 222 519 239 538
face 160 512 178 537
face 84 510 106 534
face 169 486 186 513
face 224 484 242 506
face 128 478 145 495
face 181 445 198 468
face 194 426 210 443
face 268 414 283 435
face 298 423 312 442
face 294 456 313 480
face 301 479 317 499
face 307 500 326 521
face 102 466 119 482
face 62 501 81 519
face 21 511 36 528
face 56 451 74 471
face 84 444 97 457
face 154 414 171 434
face 52 382 67 398
face 251 404 264 426
face 288 404 299 418
face 236 354 252 375
face 134 389 146 407
face 47 347 60 362
face 115 330 129 348
face 104 319 118 333
face 65 312 78 326
face 107 251 119 268
face 92 244 105 259
face 75 270 88 284
face 54 264 66 278
face 58 248 69 260
face 74 230 84 242
face 144 230 156 244
face 161 229 172 241
face 185 232 197 245
face 207 231 218 245
face 228 226 241 239
face 109 220 122 237
face 196 216 207 230
face 271 196 283 209
face 218 196 228 210
face 199 190 209 203
face 228 190 238 203
face 163 176 176 194
face 137 195 150 209
face 97 196 108 211
face 111 190 123 205
face 132 181 142 194
face 62 197 72 210
face 130 155 140 168
face 181 163 191 176
face 461 117 471 127
face 517 166 527 179
face 492 142 502 156
face 704 164 714 176
face 915 171 926 186
face 934 161 944 172
face 1001 204 1012 216
face 1010 184 1021 198
face 712 182 722 193
face 610 212 622 224
face 592 208 602 219
face 684 230 694 242
face 713 234 725 246
face 692 244 704 254
face 679 249 690 266
face 603 242 613 257
face 662 264 672 276
face 690 271 703 290
face 709 272 719 282
face 367 123 377 134
face 335 129 345 139
face 318 129 328 139
face 295 159 305 169
face 294 175 305 188
face 306 169 317 183
face 406 162 417 174
face 457 181 467 195
face 466 190 476 204
face 490 189 500 200
face 384 195 394 208
face 149 147 159 159
face 119 143 131 155
face 111 107 123 119
face 219 114 229 127
face 283 183 293 198
face 581 254 591 268
face 566 301 578 313
face 482 310 495 328
face 466 298 480 314
face 435 294 448 310
face 428 318 442 330
face 448 323 460 340
face 560 320 572 336
face 578 331 592 343
face 580 348 592 362
face 550 349 563 366
face 616 267 626 278
face 659 292 670 303
face 700 283 710 296
face 708 304 722 320
face 734 310 747 325
face 695 302 706 315
face 660 306 671 323
face 640 313 650 324
face 622 280 634 296
face 592 301 604 314
face 600 309 612 325
face 629 328 641 344
face 645 330 659 348
face 687 328 702 343
face 706 338 719 355
face 738 328 750 344
face 595 331 607 346
face 609 361 624 374
face 950 478 967 497
face 995 526 1015 549
face 909 470 922 488
face 885 483 903 503
face 839 477 858 499
face 918 544 940 569
face 326 360 340 375
face 382 352 395 368
face 322 339 332 349
face 448 372 463 390
face 500 388 513 402
face 385 383 400 402
face 379 382 390 398
face 339 375 352 389
face 381 408 398 426
face 407 414 421 434
face 370 418 382 434
face 358 456 375 478
face 363 440 375 455
face 425 451 440 470
face 464 412 480 428
face 502 434 519 456
face 535 463 554 488
face 537 449 547 459
face 520 432 534 442
face 456 466 470 488
face 441 474 456 497
face 421 490 441 512
face 396 502 414 524
face 367 495 383 518
face 587 447 601 467
face 563 461 579 478
face 653 457 670 481
face 723 446 733 463
face 724 479 741 496
face 695 480 713 507
face 726 502 746 523
face 630 493 647 516
face 597 508 616 529
face 576 495 592 514
face 563 531 580 557
face 541 539 559 562
face 503 498 519 518
face 470 503 488 523
face 299 535 315 550
face 359 534 376 557
face 401 525 418 547
face 319 547 336 571
face 401 573 421 600
face 389 595 410 619
face 328 613 350 639
face 358 628 379 654
face 302 603 321 629
face 321 598 341 626
face 243 614 263 631
face 271 569 290 589
face 258 638 277 659
face 285 659 305 683
face 429 663 449 683
face 437 617 457 638
face 504 636 521 652
face 547 631 565 653
face 291 108 301 120
face 375 180 385 192
face 320 193 330 206
face 461 214 472 227
face 436 224 447 236
face 392 217 403 230
face 299 200 309 213
face 498 219 509 233
face 528 205 539 219
face 510 238 522 253
face 524 254 534 264
face 455 249 465 260
face 470 266 482 280
face 505 268 515 278
face 485 267 497 284
face 446 267 459 284
face 462 275 474 291
face 506 282 519 297
face 519 285 530 298
face 566 268 578 281
face 572 257 583 271
face 627 371 642 389
face 560 372 575 390
face 538 377 552 395
face 595 376 607 393
face 550 424 565 440
face 773 360 787 373
face 820 346 831 357
face 885 327 896 338
face 878 396 890 411
face 821 369 836 386
face 788 377 804 394
face 808 398 821 415
face 763 388 774 399
face 784 405 801 424
face 745 390 757 409
face 717 357 730 376
face 721 386 735 402
face 684 390 699 405
face 652 344 665 361
face 631 419 642 439
face 683 418 696 437
face 732 415 747 436
face 767 442 784 464
face 849 424 864 439
face 882 443 900 467
face 979 337 992 353
face 950 305 960 319
face 886 631 907 656
face 876 646 896 677
face 931 576 951 604
face 958 629 980 658
face 978 604 999 627
face 996 593 1013 619
face 951 664 974 684
face 999 569 1016 583
face 58 351 71 361
face 932 446 949 468
face 534 609 552 635
face 476 561 492 583
face 491 545 509 568
face 511 563 529 588
face 550 577 567 600
face 570 595 590 616
face 584 625 601 649
face 601 659 621 683
face 606 553 626 577
face 645 583 664 604
face 716 538 736 567
face 729 535 742 559
face 744 574 765 599
face 795 542 814 562
face 820 527 833 547
face 809 534 819 553
face 821 571 842 601
face 806 570 823 593
face 764 573 777 594
face 839 612 860 640
face 757 613 776 640
face 758 648 781 672
face 689 660 711 683
face 694 639 712 654
face 760 508 776 526
face 779 502 795 519
face 868 542 887 564
face 879 532 898 559
face 897 524 908 540
face 880 575 900 603
face 603 404 614 417
face 313 673 334 684
face 0 659 19 685
