face 82 733 106 765
face 101 684 117 703
face 39 687 53 703
face 175 690 190 709
face 176 751 202 769
face 166 637 178 652
face 219 671 230 687
face 229 680 246 700
face 244 641 256 660
face 261 673 274 687
face 226 728 241 751
face 304 716 325 741
face 404 720 422 745
face 525 709 554 755
face 400 659 414 676
face 343 643 354 662
face 370 641 383 658
face 305 627 316 642
face 329 650 339 662
face 382 674 394 687
face 447 688 464 707
face 456 637 468 654
face 591 690 613 720
face 623 716 657 767
face 675 711 697 741
face 603 624 615 639
face 623 625 636 644
face 299 589 309 603
face 341 611 351 621
face 442 592 452 603
face 532 599 543 611
face 415 598 425 611
face 668 716 687 740
face 716 704 736 733
face 761 746 786 769
face 861 723 891 761
face 837 671 855 694
face 811 641 826 657
face 613 668 626 682
face 734 580 745 595
face 764 591 775 602
face 901 627 912 642
face 629 610 641 625
face 435 631 446 646
face 517 692 540 723
face 550 699 569 722
face 819 609 829 625
face 702 686 716 701
face 993 722 1024 769
face 999 651 1009 673
face 1004 638 1020 655
face 981 591 992 605
face 858 608 868 620
