face 38 384 49 405
face 159 425 173 448
face 291 394 305 411
face 315 442 327 466
face 339 461 361 496
face 455 460 466 490
face 519 411 533 433
face 488 481 514 522
face 510 523 528 577
face 629 384 641 398
face 656 395 672 424
face 659 434 681 470
face 663 477 698 533
face 701 370 711 382
face 759 422 791 463
face 747 407 771 438
face 948 468 981 530
face 914 494 940 542
face 1001 420 1024 456
face 961 389 976 419
face 902 404 918 433
face 992 354 1004 370
face 814 398 825 417
face 310 394 320 405
