face 871 137 888 156
face 812 107 826 128
face 688 165 705 188
face 678 127 696 149
face 601 141 618 163
face 522 138 543 159
face 549 59 562 76
face 522 70 537 90
face 439 134 456 157
face 419 100 436 125
face 393 77 407 95
face 363 79 375 96
face 315 139 333 165
face 296 87 309 106
face 333 67 346 85
face 408 262 435 298
face 352 232 373 249
face 90 59 100 69
face 359 43 369 53
face 229 163 247 184
face 170 162 189 186
face 143 164 162 189
face 151 208 172 235
face 23 212 44 240
face 17 161 37 185
face 72 96 86 116
