face 616 71 627 86
face 571 93 588 113
face 700 82 710 98
face 713 81 723 92
face 766 66 782 85
face 502 109 544 162
face 652 144 681 194
face 702 131 753 189
face 787 82 816 117
face 802 109 836 149
face 884 94 919 131
face 921 106 943 127
face 862 89 872 107
face 878 97 889 113
face 969 76 983 102
face 985 87 1012 115
face 777 285 855 389
face 464 364 528 440
face 428 76 442 96
face 259 118 310 187
face 248 83 258 98
face 242 94 254 109
face 219 100 230 114
face 220 111 242 137
face 165 127 215 179
face 110 93 136 126
face 132 287 216 380
face 1010 179 1023 223
face 486 96 497 111
face 515 86 525 98
face 482 114 500 145
