face 595 24 605 34
face 678 96 690 112
face 621 115 632 130
face 573 131 584 144
face 215 165 226 180
face 417 116 429 128
face 500 113 511 126
face 528 127 538 142
face 553 111 565 129
face 431 96 443 110
face 759 118 771 132
face 857 102 869 119
face 808 86 819 100
face 822 140 833 155
face 648 136 659 153
face 945 223 958 240
face 991 196 1002 212
face 786 181 798 199
face 896 187 908 206
face 849 249 861 267
face 204 226 215 246
face 476 544 490 563
face 982 256 996 272
face 985 285 998 305
face 737 140 747 152
face 784 149 795 161
face 910 116 925 136
face 561 197 571 211
face 580 153 593 168
face 494 133 507 146
face 336 134 347 148
face 422 167 433 181
face 443 289 453 306
face 250 252 262 273
face 206 203 216 217
face 159 200 169 212
face 96 247 113 269
face 487 215 501 235
face 463 205 478 223
face 293 177 304 193
face 418 395 434 411
