face 566 145 582 167
face 542 150 562 171
face 517 146 530 163
face 497 144 518 165
face 477 136 495 157
face 457 138 471 154
face 465 149 480 164
face 410 195 443 229
face 611 168 627 189
face 665 192 694 217
face 736 118 746 129
face 746 119 759 136
face 740 133 751 146
face 768 129 780 143
face 782 119 792 130
face 785 145 801 165
face 772 177 795 207
face 693 191 713 211
face 801 204 842 253
face 831 180 859 218
face 844 127 859 147
face 881 161 907 193
face 904 144 915 159
face 816 123 826 134
face 846 222 877 264
face 936 137 948 153
face 947 143 961 159
face 966 144 980 162
face 973 134 985 146
face 988 133 999 144
face 997 139 1009 152
face 1012 150 1023 164
face 996 176 1015 202
face 951 193 976 221
face 924 208 958 249
face 976 218 1010 260
face 932 281 993 359
face 865 333 930 404
face 737 389 841 518
face 692 322 738 376
face 784 286 822 327
face 614 209 640 245
face 649 230 685 283
face 579 226 610 262
face 464 239 503 282
face 481 308 563 415
face 307 312 371 387
face 137 341 197 416
face 123 227 173 296
face 128 176 160 214
face 196 196 233 238
face 268 197 310 244
face 301 186 327 219
face 327 178 358 213
face 60 201 89 247
face 0 189 32 235
face 22 150 39 167
face 55 167 79 195
face 66 151 85 174
face 110 154 121 167
face 68 133 81 148
face 111 131 124 144
face 54 140 65 152
face 50 133 60 146
face 23 124 33 134
face 11 135 23 147
face 7 112 17 124
