face 25 379 38 391
face 72 348 83 362
face 20 403 35 417
face 77 405 87 420
face 93 394 111 412
face 74 452 89 467
face 85 455 107 478
face 23 553 46 589
face 100 521 124 549
face 130 503 153 531
face 213 473 237 498
face 190 521 218 551
face 144 436 154 450
face 169 406 180 421
face 179 383 190 396
face 207 396 219 411
face 208 358 218 368
face 294 365 304 375
face 313 405 324 415
face 322 429 342 450
face 337 474 357 497
face 360 456 384 483
face 353 406 369 421
face 414 404 426 418
face 455 393 468 405
face 456 412 467 431
face 538 416 553 432
face 546 388 557 401
face 557 444 568 464
face 286 540 314 578
face 397 533 426 569
face 590 368 602 379
face 568 418 587 435
face 592 390 607 405
face 621 410 634 422
face 633 417 648 436
face 672 381 682 393
face 507 545 536 576
face 581 457 603 483
face 615 498 639 524
face 688 466 708 491
face 679 559 710 599
face 724 480 741 501
face 709 348 719 358
face 714 373 724 385
face 735 424 756 444
face 785 388 795 401
face 803 370 816 381
face 819 392 832 410
face 806 432 825 451
face 872 392 889 408
face 865 421 881 439
face 754 474 780 506
face 780 463 801 486
face 864 462 877 478
face 886 491 904 513
face 976 355 986 365
face 985 368 996 379
face 1013 370 1024 381
face 920 421 934 436
face 970 428 992 450
face 939 460 954 488
face 831 594 861 648
face 217 454 242 481
face 689 408 701 426
face 667 400 677 417
face 699 380 711 398
face 739 395 749 411
