face 681 344 709 392
face 820 308 848 349
face 888 273 934 350
face 955 262 979 292
face 342 307 364 340
face 480 299 506 331
face 193 290 230 311
face 226 389 254 431
face 151 308 183 347
face 44 236 111 324
face 58 152 73 170
face 192 146 208 164
face 239 161 255 179
face 256 108 266 121
face 229 103 239 114
face 172 105 182 116
face 28 103 39 117
face 83 44 93 54
face 220 49 230 62
face 284 153 300 172
face 381 149 396 166
face 432 164 447 178
face 507 145 523 164
face 563 125 577 142
face 639 150 655 170
face 658 114 668 126
face 688 104 698 116
face 703 128 713 144
face 733 145 744 165
face 799 150 812 165
face 733 111 743 123
face 853 139 865 158
face 945 145 958 163
face 999 85 1009 99
face 960 122 970 135
face 919 159 930 171
face 893 143 904 157
face 865 222 889 249
face 40 163 50 174
face 0 160 11 180
face 4 29 16 45
face 241 57 251 69
face 485 384 523 424
face 943 400 979 449
