face 866 602 894 652
face 662 601 692 647
face 635 630 663 655
face 607 582 641 625
face 654 552 679 585
face 509 530 537 567
face 504 628 539 656
face 593 517 621 558
face 560 487 591 524
face 596 473 621 509
face 507 484 535 514
face 553 442 575 475
face 520 447 543 481
face 702 486 722 521
face 441 455 466 490
face 411 514 435 542
face 393 464 417 493
face 363 494 393 532
face 358 485 374 512
face 331 575 373 618
face 286 569 322 610
face 268 530 298 568
face 325 474 345 505
face 321 438 345 469
face 377 419 399 453
face 270 425 280 436
face 213 597 255 651
face 169 604 195 652
face 166 578 186 612
face 194 505 224 538
face 135 518 158 548
face 54 521 72 553
face 8 479 30 504
face 21 458 43 490
face 0 429 20 455
face 116 457 132 479
face 54 304 64 314
face 119 295 129 307
face 130 298 140 311
face 252 306 262 318
face 455 317 465 330
face 577 321 587 335
face 707 317 717 331
face 721 322 733 332
face 836 281 847 294
face 850 331 860 345
face 888 329 898 343
face 960 299 972 311
face 640 303 650 316
face 177 373 192 391
face 139 381 162 403
face 294 366 309 386
face 477 288 487 302
