face 966 586 1017 634
face 900 511 941 552
face 822 516 849 550
face 940 475 965 505
face 995 481 1023 517
face 838 467 857 489
face 933 429 959 451
face 980 421 1008 443
face 958 399 975 415
face 914 391 935 412
face 978 372 998 387
face 1002 371 1014 385
face 988 343 1003 357
face 960 351 976 366
face 908 374 929 392
face 941 339 951 349
face 917 343 932 357
face 898 343 911 356
face 890 397 912 417
face 860 422 884 443
face 867 394 883 407
face 882 357 896 371
face 871 352 881 365
face 854 350 868 364
face 2 498 82 564
face 806 323 817 335
face 777 340 790 353
face 758 327 768 339
face 836 388 853 403
face 816 395 835 413
face 798 380 813 397
face 814 364 825 377
face 812 350 824 364
face 773 366 788 378
face 747 378 762 395
face 766 408 784 427
face 723 397 739 415
face 747 363 762 378
face 763 357 773 370
face 715 356 726 367
face 724 337 735 349
face 691 363 702 378
face 715 432 736 456
face 659 446 688 474
face 821 449 840 470
face 727 564 758 593
face 620 529 645 560
face 603 367 613 381
face 560 331 571 341
face 483 296 505 321
face 503 267 523 290
face 470 257 489 280
face 521 273 534 286
face 397 259 409 279
face 361 284 374 301
face 290 300 304 315
face 275 288 289 303
face 219 270 238 289
face 120 296 134 311
face 183 299 194 314
face 336 361 352 383
face 212 418 232 446
face 270 415 284 442
face 27 286 45 302
face 65 289 76 301
face 81 286 91 299
face 0 302 13 315
face 173 295 185 314
