face 253 416 289 463
face 161 567 181 597
face 61 574 85 609
face 25 242 36 263
face 41 258 54 282
face 57 282 68 301
face 83 302 98 326
face 122 292 136 312
face 143 314 159 339
face 194 322 207 341
face 285 339 298 357
face 313 350 325 369
face 390 347 401 365
face 475 353 487 369
face 926 535 937 554
face 58 223 70 241
face 68 270 80 290
face 73 249 84 268
face 84 256 95 269
face 82 273 92 292
face 92 240 109 270
face 134 264 144 282
face 175 292 185 314
face 219 310 231 328
face 321 335 333 351
face 830 554 841 572
face 888 554 903 578
face 859 521 872 539
face 707 581 721 602
face 661 559 672 583
face 846 546 857 564
face 867 550 879 571
face 250 315 261 332
face 765 502 775 518
face 87 494 105 517
face 32 456 54 486
face 21 505 45 534
