face 368 255 379 271
face 298 254 309 268
face 256 264 271 283
face 576 374 587 385
face 54 285 66 308
face 72 267 86 290
face 104 259 119 276
face 143 258 155 276
face 124 257 138 276
face 48 259 59 273
face 14 253 27 268
face 838 273 850 289
face 805 275 816 292
face 708 257 718 268
face 928 323 939 349
face 953 265 964 283
face 176 259 191 283
face 229 257 247 277
face 209 244 224 268
face 357 266 372 284
face 197 341 221 370
face 424 394 442 416
face 456 398 474 433
face 318 274 328 293
face 478 273 488 289
face 459 260 470 277
face 419 268 430 283
