face 939 226 949 237
face 534 197 544 211
face 961 177 971 188
face 85 181 95 193
face 850 134 860 146
face 358 273 368 284
face 320 185 331 198
face 355 182 367 195
face 13 146 23 159
face 950 120 960 131
face 741 280 755 294
face 793 275 806 289
face 644 283 658 297
face 282 144 293 158
face 58 101 68 115
face 413 234 423 247
face 417 255 428 269
face 129 142 139 152
face 310 12 320 29
face 253 159 264 171
face 230 151 241 164
face 228 136 238 149
face 584 220 596 235
face 623 185 633 197
face 454 116 464 128
face 452 130 462 142
face 797 93 807 104
face 238 223 249 233
face 10 38 20 48
face 31 23 41 35
face 391 180 402 191
face 417 182 427 192
face 277 162 287 175
face 824 212 834 225
face 487 203 497 213
face 515 198 525 212
face 538 113 548 124
face 159 90 169 103
face 767 112 777 125
face 89 12 101 23
face 897 197 907 209
face 283 7 293 19
face 884 45 894 56
face 596 6 606 17
face 532 269 546 283
face 797 330 815 353
face 811 331 829 362
face 59 303 72 324
face 48 256 59 274
face 83 256 93 271
face 88 225 101 239
face 71 194 82 211
face 101 200 111 215
face 103 174 113 190
face 58 155 68 172
face 42 134 52 150
face 101 241 112 255
face 169 236 180 255
face 24 169 34 185
face 28 233 40 251
face 545 293 558 310
face 296 183 306 198
face 322 255 332 271
face 337 281 348 292
face 297 291 311 308
face 356 297 371 314
face 64 89 74 105
face 95 92 105 105
face 113 86 123 104
face 88 104 99 119
face 661 32 671 43
face 62 40 72 52
face 60 54 70 67
face 8 217 18 231
face 176 48 186 60
face 142 66 152 77
face 139 105 150 118
face 874 177 885 190
face 884 204 894 215
face 274 106 284 117
face 976 146 986 159
face 775 244 785 257
face 699 187 709 200
face 656 180 668 195
face 651 150 662 161
face 615 149 625 160
face 621 135 631 145
face 681 111 691 122
face 137 284 155 301
face 924 273 939 286
face 461 290 478 307
face 517 281 531 299
face 62 141 73 156
face 102 158 112 170
face 528 246 538 256
face 378 254 388 266
face 365 257 375 270
face 369 239 379 252
face 102 35 113 46
face 126 35 136 47
face 286 80 297 95
face 13 69 23 84
face 9 109 19 120
face 17 91 27 104
face 167 118 179 135
face 325 108 335 120
face 204 232 215 247
face 226 253 237 268
face 234 235 245 248
face 633 206 644 219
face 175 99 185 113
face 658 208 668 220
face 749 248 759 261
face 876 217 886 228
face 113 104 124 119
face 40 165 52 183
face 557 27 570 41
face 737 123 747 136
face 786 34 797 46
face 16 244 31 261
face 162 35 173 45
face 20 306 32 325
face 1010 241 1021 254
face 585 273 599 292
