face 84 23 94 34
face 61 49 72 60
face 70 64 82 78
face 91 0 101 12
face 29 78 39 88
face 52 83 63 97
face 67 77 78 91
face 83 82 94 94
face 68 96 79 107
face 34 97 44 110
face 18 97 28 108
face 119 215 132 228
face 82 212 94 225
face 30 209 43 228
face 14 168 25 183
face 57 172 67 186
face 28 154 39 167
face 19 135 31 149
face 1 149 15 165
face 10 117 21 128
face 40 127 50 140
face 64 116 75 130
face 84 121 97 138
face 81 144 92 159
face 73 150 85 163
face 85 99 95 113
face 106 79 116 93
face 158 79 169 95
face 126 103 136 116
face 109 106 119 121
face 103 122 114 134
face 105 137 116 153
face 123 145 134 158
face 115 162 125 180
face 165 159 175 172
face 157 143 167 156
face 144 134 155 149
face 140 115 150 129
face 154 98 164 110
face 169 101 179 115
face 163 124 175 137
face 113 10 124 23
face 101 4 112 18
face 141 11 151 23
face 147 0 160 13
face 191 9 202 21
face 170 74 181 85
face 181 89 193 105
face 340 6 350 20
face 250 83 260 96
face 225 69 236 84
face 226 88 237 103
face 265 102 275 115
face 231 102 242 117
face 226 117 236 129
face 205 119 216 133
face 196 161 207 174
face 190 220 200 231
face 190 175 202 190
face 236 156 246 169
face 190 140 201 152
face 178 129 189 143
face 232 138 242 152
face 247 130 258 141
face 262 134 274 148
face 104 177 114 190
face 423 169 443 193
face 469 179 481 192
face 461 147 473 162
face 449 141 462 155
face 402 135 415 147
face 439 131 450 141
face 362 166 373 178
face 413 156 423 168
face 370 156 381 169
face 360 116 370 131
face 279 143 290 160
face 301 134 313 150
face 338 119 348 132
face 348 109 358 122
face 305 91 315 107
face 323 86 333 100
face 330 110 341 121
face 307 80 317 93
face 287 86 297 99
face 404 112 415 127
face 390 89 400 102
face 353 76 363 87
face 406 99 418 111
face 429 104 440 118
face 444 66 454 78
face 453 118 464 132
face 453 106 463 117
face 477 87 487 98
face 476 69 486 81
face 403 36 413 46
face 402 1 412 11
face 419 4 430 16
face 512 8 523 21
face 481 47 491 58
face 494 64 504 76
face 514 71 524 85
face 500 90 512 103
face 494 100 506 111
face 484 113 494 123
face 478 97 488 108
face 495 118 505 129
face 502 135 515 154
face 521 122 532 140
face 546 113 556 127
face 535 134 546 146
face 524 62 535 76
face 534 4 546 18
face 569 59 580 73
face 638 41 648 51
face 653 45 663 58
face 637 52 647 66
face 626 53 636 65
face 630 70 642 84
face 587 84 597 98
face 558 80 568 97
face 609 93 619 104
face 622 97 633 108
face 624 109 636 120
face 640 166 653 182
face 556 177 569 192
face 565 125 575 135
face 573 139 599 167
face 602 142 613 156
face 613 151 623 161
face 603 117 614 131
face 623 131 633 145
face 645 120 656 132
face 679 115 691 127
face 666 90 676 104
face 679 90 689 101
face 711 111 723 125
face 644 151 656 165
face 545 216 558 232
face 539 140 549 154
face 796 190 806 203
face 769 183 781 195
face 725 171 739 187
face 746 164 756 177
face 719 133 731 148
face 765 124 775 140
face 780 139 791 149
face 759 145 770 156
face 761 166 771 177
face 726 104 736 114
face 761 114 771 128
face 800 115 813 132
face 804 93 814 106
face 756 89 767 102
face 713 77 724 89
face 703 78 713 89
face 685 61 696 75
face 693 25 703 37
face 717 18 727 30
face 723 2 733 13
face 732 13 743 25
face 746 10 756 20
face 679 57 689 70
face 716 64 726 76
face 720 61 732 75
face 741 59 751 70
face 732 47 742 65
face 734 25 745 40
face 743 33 754 46
face 749 46 761 59
face 754 64 766 78
face 758 72 768 84
face 755 17 766 33
face 899 194 916 214
face 843 181 856 199
face 818 157 830 172
face 831 131 844 145
face 832 112 844 125
face 881 128 892 143
face 886 147 899 159
face 910 171 923 185
face 905 135 917 149
face 871 110 882 127
face 888 102 900 116
face 913 109 924 123
face 868 92 879 105
face 850 97 860 109
face 838 88 850 98
face 906 87 917 100
face 783 78 793 92
face 816 79 826 92
face 831 53 841 66
face 802 57 812 70
face 792 64 802 77
face 779 44 789 56
face 794 46 804 59
face 814 14 824 25
face 824 28 835 42
face 819 39 830 51
face 835 17 845 33
face 842 4 852 14
face 1002 192 1017 208
face 929 169 943 186
face 973 138 985 150
face 997 131 1011 145
face 947 114 961 128
face 984 104 996 116
face 984 119 997 134
face 1004 113 1022 133
face 932 201 944 215
face 936 154 950 171
face 969 92 979 104
face 990 79 1002 94
face 985 67 995 79
face 963 74 973 84
face 921 87 933 105
face 945 80 955 95
face 878 50 888 62
face 889 50 899 62
face 906 59 917 70
face 915 41 926 52
face 926 47 936 61
face 944 50 954 63
face 947 40 957 50
face 972 46 982 60
face 977 37 987 47
face 949 16 959 27
face 855 7 865 23
face 889 11 899 21
face 866 37 876 49
face 960 60 971 74
face 946 62 956 77
face 604 22 614 33
face 535 107 545 120
face 1005 6 1016 20
face 1013 86 1024 98
