face 889 407 907 432
face 804 435 824 459
face 928 562 949 589
face 299 540 324 573
face 53 438 70 460
face 87 396 101 411
face 192 450 206 471
face 193 424 208 443
face 232 377 244 392
face 16 344 28 355
face 136 349 150 365
face 293 392 309 412
face 296 431 309 450
face 203 416 216 431
face 215 410 227 421
face 865 234 875 247
face 980 319 991 336
face 290 477 301 496
face 927 261 938 273
face 982 238 993 252
face 921 228 931 240
face 154 313 164 327
face 251 621 267 643
face 699 404 711 427
face 743 475 755 495
face 205 354 215 370
