face 856 362 866 378
face 798 377 809 390
face 765 357 777 370
face 926 499 940 522
face 902 516 923 530
face 925 537 938 557
face 944 506 959 536
face 973 547 989 566
face 1005 568 1022 599
face 993 580 1014 602
face 740 380 750 390
face 669 366 679 379
face 604 354 624 376
face 584 363 605 386
face 550 361 567 381
face 444 355 458 374
face 427 365 442 387
face 390 364 404 378
face 404 354 416 366
face 362 351 379 373
face 334 342 357 363
face 493 355 510 378
face 299 373 316 394
face 280 376 298 397
face 219 368 234 387
face 248 379 269 405
face 198 370 214 390
face 179 369 197 390
face 111 369 129 391
face 85 355 103 377
face 34 375 54 403
face 9 375 27 394
face 976 520 990 551
