face 1.00 313.0 253.0 349.0 292.0
face 1.00 1001.0 216.0 1021.0 245.0
face 1.00 738.0 230.0 754.0 253.0
face 0.98 33.0 253.0 47.0 270.0
face 0.98 125.0 253.0 142.0 273.0
face 0.96 238.0 245.0 256.0 266.0
face 0.94 451.0 263.0 478.0 296.0
face 0.84 835.0 229.0 849.0 248.0
face 0.67 966.0 232.0 977.0 245.0
face 0.62 351.0 235.0 364.0 251.0
face 0.57 601.0 228.0 613.0 244.0
face 0.55 149.0 241.0 163.0 259.0
face 0.50 575.0 248.0 596.0 278.0
face 0.49 307.0 109.0 325.0 128.0
face 0.48 546.0 244.0 559.0 260.0
face 0.47 103.0 240.0 114.0 254.0
face 0.46 85.0 281.0 98.0 297.0
face 0.41 407.0 244.0 418.0 257.0
face 0.38 24.0 239.0 34.0 251.0
face 0.35 407.0 274.0 422.0 291.0
face 0.35 502.0 227.0 512.0 240.0
face 0.34 282.0 233.0 297.0 250.0
face 0.33 54.0 279.0 65.0 292.0
face 0.33 910.0 238.0 923.0 252.0
face 0.33 245.0 238.0 258.0 253.0
face 0.33 55.0 262.0 67.0 275.0
face 0.33 892.0 234.0 907.0 252.0
face 0.32 415.0 254.0 426.0 266.0
face 0.32 254.0 148.0 265.0 162.0
face 0.31 942.0 230.0 953.0 244.0
face 0.31 479.0 515.0 492.0 530.0
face 0.30 935.0 230.0 947.0 244.0
