face 1.00 500.0 72.0 533.0 112.0
face 0.99 724.0 85.0 755.0 125.0
face 0.99 44.0 83.0 73.0 113.0
face 0.94 387.0 93.0 413.0 123.0
face 0.93 439.0 90.0 463.0 119.0
face 0.88 900.0 90.0 944.0 143.0
face 0.68 841.0 96.0 875.0 134.0
face 0.68 954.0 79.0 981.0 111.0
face 0.67 602.0 96.0 638.0 135.0
face 0.65 297.0 89.0 328.0 124.0
face 0.64 125.0 112.0 151.0 142.0
face 0.59 362.0 115.0 384.0 141.0
face 0.59 269.0 94.0 299.0 124.0
face 0.54 906.0 33.0 921.0 53.0
face 0.53 709.0 102.0 736.0 134.0
face 0.52 126.0 123.0 139.0 138.0
face 0.51 821.0 104.0 854.0 143.0
face 0.51 921.0 103.0 947.0 133.0
face 0.45 798.0 153.0 815.0 175.0
face 0.42 577.0 1.0 627.0 49.0
face 0.41 892.0 95.0 921.0 125.0
face 0.39 30.0 12.0 53.0 40.0
face 0.38 483.0 40.0 528.0 97.0
face 0.36 29.0 133.0 43.0 151.0
face 0.36 1010.0 132.0 1022.0 152.0
face 0.36 68.0 62.0 87.0 85.0
face 0.36 635.0 132.0 650.0 151.0
face 0.34 771.0 124.0 785.0 142.0
face 0.33 0.0 83.0 13.0 103.0
face 0.33 668.0 80.0 684.0 102.0
face 0.33 43.0 10.0 62.0 34.0
face 0.33 77.0 9.0 93.0 31.0
face 0.32 168.0 49.0 194.0 77.0
face 0.32 947.0 115.0 981.0 151.0
face 0.32 795.0 141.0 810.0 160.0
face 0.32 203.0 90.0 235.0 124.0
face 0.31 115.0 -2.0 131.0 13.0
face 0.31 295.0 98.0 311.0 118.0
face 0.31 196.0 113.0 210.0 130.0
face 0.31 871.0 110.0 886.0 128.0
face 0.31 987.0 85.0 1013.0 121.0
face 0.30 284.0 139.0 300.0 161.0
face 0.30 106.0 152.0 122.0 172.0
face 0.30 788.0 116.0 802.0 132.0
face 0.30 591.0 97.0 613.0 119.0
face 0.30 24.0 125.0 35.0 139.0
face 0.30 51.0 47.0 68.0 68.0
face 0.30 323.0 116.0 338.0 135.0
