face 1.00 368.0 255.0 451.0 382.0
face 1.00 204.0 347.0 278.0 449.0
face 1.00 112.0 416.0 232.0 555.0
face 1.00 705.0 242.0 797.0 383.0
face 1.00 559.0 288.0 643.0 383.0
face 0.66 973.0 916.0 990.0 939.0
face 0.60 832.0 1077.0 856.0 1109.0
face 0.52 229.0 410.0 267.0 447.0
face 0.42 1002.0 763.0 1016.0 781.0
face 0.42 796.0 266.0 821.0 305.0
face 0.38 982.0 1074.0 994.0 1088.0
face 0.37 895.0 690.0 909.0 707.0
face 0.36 693.0 1322.0 710.0 1341.0
face 0.34 589.0 743.0 601.0 756.0
face 0.34 267.0 1079.0 283.0 1098.0
face 0.33 398.0 275.0 411.0 292.0
face 0.32 615.0 738.0 630.0 756.0
face 0.31 173.0 1216.0 190.0 1237.0
face 0.31 869.0 1116.0 882.0 1132.0
face 0.31 902.0 764.0 914.0 779.0
face 0.30 926.0 755.0 942.0 774.0
face 0.30 116.0 523.0 129.0 539.0
