face 1.00 513.0 191.0 794.0 531.0
face 0.86 14.0 1275.0 79.0 1350.0
face 0.82 692.0 809.0 908.0 1043.0
face 0.61 824.0 1096.0 863.0 1152.0
face 0.55 409.0 1205.0 425.0 1226.0
face 0.52 434.0 478.0 665.0 742.0
face 0.44 740.0 1136.0 788.0 1190.0
face 0.41 333.0 1225.0 365.0 1260.0
face 0.40 547.0 1179.0 572.0 1208.0
face 0.37 671.0 38.0 696.0 72.0
face 0.37 789.0 1118.0 802.0 1133.0
face 0.36 588.0 1252.0 605.0 1272.0
face 0.35 774.0 158.0 786.0 172.0
face 0.35 95.0 1222.0 124.0 1259.0
face 0.34 531.0 1242.0 545.0 1262.0
face 0.34 14.0 982.0 223.0 1236.0
face 0.34 641.0 1256.0 728.0 1360.0
face 0.33 153.0 1189.0 187.0 1235.0
face 0.32 482.0 1187.0 499.0 1209.0
face 0.31 587.0 1116.0 605.0 1135.0
face 0.31 577.0 1156.0 595.0 1176.0
face 0.31 410.0 473.0 425.0 492.0
face 0.30 755.0 1145.0 774.0 1170.0
face 0.30 451.0 1234.0 467.0 1254.0
