face 1.00 463.0 483.0 489.0 525.0
face 1.00 219.0 479.0 240.0 511.0
face 1.00 384.0 481.0 407.0 516.0
face 1.00 17.0 502.0 36.0 527.0
face 1.00 88.0 502.0 108.0 530.0
face 1.00 874.0 450.0 908.0 496.0
face 1.00 694.0 483.0 726.0 528.0
face 0.99 93.0 179.0 106.0 195.0
face 0.99 782.0 226.0 796.0 243.0
face 0.99 59.0 462.0 74.0 480.0
face 0.99 82.0 209.0 102.0 233.0
face 0.99 659.0 220.0 673.0 236.0
face 0.99 665.0 333.0 677.0 348.0
face 0.99 562.0 467.0 588.0 504.0
face 0.99 685.0 323.0 698.0 339.0
face 0.99 901.0 338.0 914.0 354.0
face 0.99 49.0 133.0 60.0 146.0
face 0.99 176.0 260.0 188.0 274.0
face 0.99 96.0 51.0 108.0 68.0
face 0.99 39.0 346.0 54.0 363.0
face 0.99 749.0 280.0 764.0 300.0
face 0.98 313.0 479.0 335.0 513.0
face 0.98 865.0 445.0 881.0 464.0
face 0.98 167.0 228.0 182.0 247.0
face 0.98 1010.0 340.0 1022.0 358.0
face 0.98 917.0 46.0 928.0 61.0
face 0.98 276.0 435.0 289.0 452.0
face 0.98 630.0 290.0 643.0 305.0
face 0.98 809.0 273.0 823.0 291.0
face 0.98 199.0 217.0 212.0 233.0
face 0.97 468.0 129.0 482.0 145.0
face 0.97 915.0 321.0 927.0 337.0
face 0.97 939.0 27.0 951.0 42.0
face 0.97 964.0 295.0 979.0 314.0
face 0.97 823.0 108.0 834.0 122.0
face 0.97 471.0 25.0 484.0 41.0
face 0.96 608.0 395.0 622.0 411.0
face 0.96 209.0 39.0 222.0 55.0
face 0.96 -1.0 108.0 10.0 123.0
face 0.96 250.0 37.0 261.0 51.0
face 0.96 389.0 412.0 404.0 430.0
face 0.96 922.0 279.0 940.0 299.0
face 0.95 223.0 138.0 238.0 155.0
face 0.95 453.0 39.0 467.0 56.0
face 0.95 609.0 170.0 622.0 185.0
face 0.95 69.0 241.0 90.0 265.0
face 0.95 267.0 481.0 281.0 497.0
face 0.95 884.0 316.0 896.0 331.0
face 0.95 73.0 85.0 86.0 99.0
face 0.95 827.0 300.0 843.0 319.0
face 0.95 63.0 68.0 75.0 82.0
face 0.95 926.0 245.0 942.0 265.0
face 0.94 722.0 162.0 734.0 177.0
face 0.94 847.0 279.0 861.0 297.0
face 0.94 237.0 338.0 251.0 355.0
face 0.93 309.0 334.0 324.0 352.0
face 0.93 398.0 5.0 411.0 22.0
face 0.93 236.0 17.0 250.0 35.0
face 0.93 940.0 215.0 953.0 230.0
face 0.93 37.0 112.0 50.0 128.0
face 0.93 733.0 123.0 747.0 139.0
face 0.92 179.0 177.0 194.0 194.0
face 0.92 860.0 208.0 874.0 225.0
face 0.92 652.0 398.0 666.0 415.0
face 0.92 546.0 149.0 560.0 166.0
face 0.92 496.0 314.0 510.0 332.0
face 0.92 354.0 22.0 370.0 40.0
face 0.92 824.0 340.0 836.0 355.0
face 0.91 98.0 144.0 110.0 161.0
face 0.91 349.0 414.0 364.0 430.0
face 0.91 656.0 66.0 669.0 82.0
face 0.91 777.0 92.0 789.0 107.0
face 0.90 246.0 447.0 258.0 462.0
face 0.90 1008.0 180.0 1021.0 196.0
face 0.90 128.0 36.0 140.0 49.0
face 0.90 27.0 309.0 41.0 327.0
face 0.90 359.0 317.0 373.0 333.0
face 0.90 836.0 317.0 850.0 334.0
face 0.90 726.0 349.0 742.0 369.0
face 0.89 976.0 434.0 990.0 453.0
face 0.89 122.0 334.0 135.0 351.0
face 0.89 999.0 277.0 1012.0 294.0
face 0.89 266.0 331.0 278.0 346.0
face 0.89 312.0 414.0 325.0 430.0
face 0.89 636.0 334.0 649.0 350.0
face 0.88 789.0 297.0 803.0 314.0
face 0.88 331.0 450.0 345.0 468.0
face 0.88 124.0 461.0 138.0 478.0
face 0.88 255.0 314.0 268.0 331.0
face 0.88 714.0 66.0 728.0 84.0
face 0.88 170.0 463.0 184.0 479.0
face 0.88 175.0 493.0 195.0 522.0
face 0.88 705.0 191.0 718.0 206.0
face 0.88 982.0 212.0 994.0 227.0
face 0.87 768.0 118.0 783.0 136.0
face 0.87 831.0 176.0 845.0 194.0
face 0.87 155.0 220.0 168.0 237.0
face 0.86 17.0 82.0 33.0 101.0
face 0.86 193.0 11.0 210.0 30.0
face 0.86 968.0 336.0 981.0 351.0
face 0.86 340.0 468.0 356.0 486.0
face 0.86 891.0 70.0 903.0 85.0
face 0.86 492.0 114.0 504.0 129.0
face 0.86 116.0 213.0 129.0 228.0
face 0.85 596.0 60.0 608.0 74.0
face 0.85 574.0 133.0 586.0 148.0
face 0.85 677.0 263.0 689.0 278.0
face 0.85 403.0 348.0 418.0 367.0
face 0.85 896.0 213.0 908.0 226.0
face 0.85 669.0 471.0 682.0 488.0
face 0.84 411.0 432.0 427.0 452.0
face 0.84 452.0 7.0 465.0 23.0
face 0.84 871.0 1.0 883.0 13.0
face 0.84 109.0 314.0 123.0 330.0
face 0.84 236.0 294.0 250.0 312.0
face 0.84 932.0 123.0 945.0 138.0
face 0.83 657.0 446.0 669.0 461.0
face 0.83 567.0 378.0 581.0 395.0
face 0.83 139.0 147.0 152.0 162.0
face 0.83 143.0 270.0 155.0 284.0
face 0.82 566.0 170.0 580.0 186.0
face 0.82 942.0 134.0 954.0 148.0
face 0.82 140.0 488.0 155.0 506.0
face 0.81 334.0 256.0 349.0 275.0
face 0.81 269.0 265.0 286.0 287.0
face 0.81 139.0 177.0 153.0 194.0
face 0.81 241.0 241.0 254.0 258.0
face 0.80 837.0 133.0 848.0 146.0
face 0.80 144.0 74.0 157.0 90.0
face 0.80 381.0 77.0 394.0 92.0
face 0.80 566.0 334.0 580.0 351.0
face 0.78 686.0 67.0 697.0 82.0
face 0.78 650.0 319.0 662.0 334.0
face 0.78 24.0 219.0 36.0 233.0
face 0.78 26.0 323.0 41.0 342.0
face 0.78 808.0 88.0 819.0 101.0
face 0.78 1004.0 152.0 1017.0 168.0
face 0.77 387.0 99.0 398.0 114.0
face 0.77 741.0 264.0 755.0 283.0
face 0.77 509.0 77.0 522.0 92.0
face 0.77 984.0 416.0 997.0 432.0
face 0.76 323.0 318.0 339.0 337.0
face 0.76 503.0 5.0 515.0 19.0
face 0.76 867.0 30.0 882.0 47.0
face 0.75 48.0 489.0 62.0 506.0
face 0.74 797.0 485.0 817.0 509.0
face 0.74 347.0 348.0 368.0 371.0
face 0.73 646.0 291.0 658.0 306.0
face 0.73 175.0 152.0 188.0 169.0
face 0.72 127.0 232.0 138.0 246.0
face 0.72 49.0 32.0 61.0 46.0
face 0.72 982.0 137.0 996.0 154.0
face 0.72 775.0 337.0 789.0 354.0
face 0.71 577.0 110.0 589.0 125.0
face 0.71 694.0 124.0 706.0 138.0
face 0.71 56.0 404.0 69.0 421.0
face 0.70 545.0 35.0 559.0 54.0
face 0.70 558.0 60.0 569.0 73.0
face 0.70 608.0 340.0 619.0 355.0
face 0.68 904.0 43.0 915.0 57.0
face 0.67 141.0 51.0 153.0 67.0
face 0.67 982.0 0.0 994.0 11.0
face 0.66 219.0 73.0 233.0 89.0
face 0.66 221.0 325.0 235.0 343.0
face 0.66 231.0 428.0 243.0 441.0
face 0.65 419.0 45.0 431.0 58.0
face 0.65 243.0 124.0 254.0 139.0
face 0.64 43.0 10.0 57.0 25.0
face 0.64 586.0 156.0 599.0 171.0
face 0.64 738.0 156.0 751.0 174.0
face 0.63 86.0 334.0 98.0 348.0
face 0.63 73.0 311.0 85.0 327.0
face 0.63 965.0 174.0 976.0 188.0
face 0.62 13.0 135.0 28.0 154.0
face 0.62 137.0 366.0 150.0 382.0
face 0.62 261.0 254.0 274.0 269.0
face 0.61 929.0 71.0 942.0 87.0
face 0.61 471.0 78.0 483.0 93.0
face 0.61 30.0 1.0 42.0 12.0
face 0.60 165.0 28.0 180.0 46.0
face 0.60 835.0 -2.0 850.0 12.0
face 0.60 325.0 29.0 336.0 43.0
face 0.60 315.0 11.0 334.0 31.0
face 0.60 38.0 230.0 50.0 243.0
face 0.60 663.0 123.0 673.0 136.0
face 0.59 262.0 146.0 275.0 162.0
face 0.59 627.0 224.0 642.0 242.0
face 0.58 937.0 7.0 947.0 19.0
face 0.58 -1.0 163.0 9.0 178.0
face 0.57 839.0 82.0 853.0 98.0
face 0.57 537.0 65.0 550.0 82.0
face 0.57 576.0 26.0 590.0 42.0
face 0.57 254.0 381.0 268.0 398.0
face 0.57 213.0 308.0 227.0 326.0
face 0.56 137.0 386.0 151.0 404.0
face 0.56 211.0 236.0 223.0 252.0
face 0.56 638.0 101.0 650.0 116.0
face 0.56 679.0 158.0 691.0 172.0
face 0.55 378.0 132.0 392.0 149.0
face 0.53 994.0 443.0 1009.0 463.0
face 0.53 357.0 109.0 369.0 124.0
face 0.53 966.0 247.0 977.0 260.0
face 0.53 285.0 115.0 297.0 129.0
face 0.52 216.0 254.0 230.0 272.0
face 0.52 438.0 259.0 453.0 277.0
face 0.52 239.0 213.0 254.0 232.0
face 0.52 285.0 149.0 296.0 162.0
face 0.51 281.0 282.0 296.0 303.0
face 0.51 645.0 414.0 662.0 436.0
face 0.51 359.0 85.0 370.0 98.0
face 0.51 543.0 24.0 555.0 38.0
face 0.50 614.0 380.0 628.0 396.0
face 0.50 611.0 4.0 626.0 20.0
face 0.50 800.0 317.0 813.0 333.0
face 0.50 957.0 158.0 969.0 171.0
face 0.49 878.0 44.0 894.0 62.0
face 0.48 182.0 77.0 193.0 91.0
face 0.48 148.0 290.0 162.0 306.0
face 0.48 500.0 132.0 514.0 151.0
face 0.48 742.0 196.0 754.0 209.0
face 0.47 928.0 303.0 939.0 317.0
face 0.47 355.0 0.0 369.0 14.0
face 0.47 188.0 453.0 199.0 468.0
face 0.47 599.0 326.0 612.0 343.0
face 0.47 64.0 134.0 75.0 149.0
face 0.47 166.0 314.0 179.0 330.0
face 0.46 517.0 172.0 531.0 191.0
face 0.46 0.0 18.0 10.0 34.0
face 0.46 201.0 377.0 214.0 394.0
face 0.45 261.0 75.0 273.0 91.0
face 0.45 868.0 130.0 885.0 150.0
face 0.44 307.0 162.0 321.0 182.0
face 0.43 163.0 380.0 176.0 396.0
face 0.43 655.0 173.0 667.0 187.0
face 0.43 855.0 4.0 867.0 18.0
face 0.43 909.0 -1.0 920.0 11.0
face 0.43 433.0 419.0 448.0 436.0
face 0.42 638.0 60.0 653.0 78.0
face 0.42 155.0 523.0 171.0 543.0
face 0.42 221.0 127.0 231.0 140.0
face 0.41 783.0 187.0 798.0 204.0
face 0.41 0.0 204.0 15.0 224.0
face 0.41 470.0 -1.0 482.0 12.0
face 0.41 522.0 464.0 537.0 485.0
face 0.40 651.0 278.0 664.0 294.0
face 0.40 149.0 178.0 164.0 195.0
face 0.40 230.0 412.0 243.0 428.0
face 0.39 615.0 116.0 627.0 131.0
face 0.39 87.0 35.0 98.0 49.0
face 0.39 599.0 294.0 611.0 309.0
face 0.39 273.0 409.0 288.0 426.0
face 0.38 19.0 52.0 32.0 71.0
face 0.38 599.0 75.0 614.0 93.0
face 0.38 349.0 115.0 363.0 131.0
face 0.38 210.0 145.0 230.0 168.0
face 0.38 401.0 138.0 418.0 158.0
face 0.38 186.0 139.0 202.0 158.0
face 0.38 279.0 108.0 293.0 126.0
face 0.37 12.0 315.0 27.0 332.0
face 0.37 485.0 68.0 500.0 86.0
face 0.37 336.0 426.0 351.0 444.0
face 0.37 557.0 172.0 571.0 188.0
face 0.37 549.0 173.0 564.0 190.0
face 0.37 969.0 119.0 980.0 132.0
face 0.37 15.0 23.0 26.0 37.0
face 0.36 805.0 398.0 818.0 414.0
face 0.36 74.0 11.0 89.0 28.0
face 0.36 112.0 451.0 125.0 468.0
face 0.36 662.0 157.0 673.0 171.0
face 0.36 46.0 70.0 58.0 84.0
face 0.36 60.0 54.0 71.0 67.0
face 0.36 696.0 408.0 712.0 427.0
face 0.36 757.0 389.0 769.0 405.0
face 0.36 1015.0 139.0 1025.0 154.0
face 0.36 644.0 53.0 658.0 71.0
face 0.35 656.0 45.0 670.0 64.0
face 0.35 26.0 75.0 41.0 92.0
face 0.35 628.0 152.0 647.0 175.0
face 0.35 992.0 181.0 1003.0 194.0
face 0.35 697.0 7.0 708.0 21.0
face 0.35 429.0 12.0 440.0 25.0
face 0.35 478.0 377.0 492.0 397.0
face 0.35 344.0 117.0 355.0 130.0
face 0.35 85.0 -1.0 98.0 11.0
face 0.35 596.0 172.0 610.0 187.0
face 0.34 335.0 284.0 349.0 304.0
face 0.34 224.0 45.0 236.0 60.0
face 0.34 111.0 4.0 122.0 18.0
face 0.33 641.0 5.0 659.0 24.0
face 0.33 809.0 164.0 825.0 183.0
face 0.33 29.0 226.0 44.0 242.0
face 0.33 61.0 227.0 76.0 246.0
face 0.33 220.0 467.0 237.0 488.0
face 0.33 941.0 190.0 953.0 203.0
face 0.33 622.0 334.0 634.0 348.0
face 0.33 615.0 63.0 627.0 77.0
face 0.33 172.0 20.0 188.0 39.0
face 0.32 926.0 114.0 943.0 134.0
face 0.32 379.0 465.0 395.0 485.0
face 0.32 261.0 437.0 273.0 452.0
face 0.32 254.0 142.0 266.0 156.0
face 0.32 582.0 349.0 593.0 363.0
face 0.32 909.0 389.0 921.0 404.0
face 0.32 20.0 64.0 37.0 87.0
face 0.32 567.0 22.0 577.0 35.0
face 0.32 21.0 237.0 32.0 250.0
face 0.32 491.0 74.0 507.0 92.0
face 0.32 331.0 11.0 345.0 27.0
face 0.31 710.0 118.0 721.0 132.0
face 0.31 878.0 125.0 903.0 153.0
face 0.31 575.0 147.0 586.0 161.0
face 0.31 421.0 90.0 436.0 108.0
face 0.31 100.0 420.0 112.0 434.0
face 0.31 495.0 459.0 509.0 476.0
face 0.31 116.0 282.0 131.0 300.0
face 0.31 520.0 562.0 535.0 581.0
face 0.31 634.0 315.0 651.0 333.0
face 0.31 766.0 281.0 782.0 302.0
face 0.31 951.0 205.0 962.0 219.0
face 0.31 158.0 18.0 171.0 37.0
face 0.31 845.0 202.0 857.0 218.0
face 0.31 220.0 416.0 236.0 436.0
face 0.30 54.0 339.0 68.0 359.0
face 0.30 789.0 378.0 803.0 395.0
face 0.30 591.0 332.0 605.0 349.0
face 0.30 623.0 494.0 634.0 507.0
face 0.30 365.0 85.0 377.0 99.0
face 0.30 268.0 254.0 282.0 267.0
face 0.30 118.0 21.0 129.0 35.0
face 0.30 493.0 283.0 507.0 299.0
face 0.30 965.0 286.0 978.0 302.0
face 0.30 0.0 307.0 10.0 323.0
face 0.30 805.0 262.0 817.0 277.0
face 0.30 36.0 449.0 52.0 472.0
face 0.30 989.0 134.0 1002.0 149.0
face 0.30 971.0 122.0 985.0 139.0
