face 1.00 732.0 113.0 790.0 179.0
face 1.00 864.0 150.0 888.0 178.0
face 1.00 909.0 119.0 933.0 150.0
face 1.00 165.0 169.0 200.0 215.0
face 1.00 310.0 194.0 324.0 212.0
face 1.00 481.0 193.0 497.0 213.0
face 1.00 410.0 191.0 428.0 214.0
face 0.99 1007.0 118.0 1025.0 143.0
face 0.99 607.0 186.0 628.0 212.0
face 0.87 269.0 197.0 284.0 214.0
face 0.80 1.0 215.0 15.0 234.0
face 0.74 506.0 193.0 519.0 210.0
face 0.74 285.0 214.0 297.0 228.0
face 0.67 829.0 174.0 841.0 188.0
face 0.66 244.0 200.0 260.0 218.0
face 0.65 272.0 222.0 283.0 235.0
face 0.63 966.0 133.0 978.0 148.0
face 0.63 140.0 204.0 158.0 223.0
face 0.46 361.0 199.0 372.0 212.0
face 0.41 277.0 199.0 288.0 213.0
face 0.41 373.0 213.0 386.0 229.0
face 0.40 535.0 197.0 546.0 210.0
face 0.39 382.0 215.0 394.0 229.0
face 0.38 296.0 39.0 320.0 70.0
face 0.37 563.0 221.0 578.0 239.0
face 0.35 453.0 198.0 466.0 212.0
face 0.35 971.0 254.0 988.0 275.0
face 0.34 943.0 239.0 954.0 253.0
face 0.34 629.0 120.0 646.0 142.0
face 0.33 622.0 102.0 652.0 140.0
face 0.32 558.0 125.0 569.0 137.0
face 0.32 543.0 140.0 556.0 156.0
face 0.32 238.0 190.0 251.0 204.0
face 0.31 368.0 212.0 379.0 226.0
face 0.31 583.0 199.0 594.0 212.0
face 0.31 59.0 166.0 88.0 198.0
face 0.31 459.0 197.0 473.0 212.0
face 0.30 664.0 192.0 673.0 204.0
face 0.30 58.0 209.0 75.0 230.0
face 0.30 383.0 198.0 393.0 210.0
