face 1.00 565.0 303.0 605.0 358.0
face 1.00 451.0 280.0 471.0 307.0
face 1.00 967.0 256.0 999.0 295.0
face 1.00 148.0 285.0 184.0 332.0
face 1.00 348.0 254.0 376.0 290.0
face 1.00 559.0 252.0 580.0 279.0
face 0.99 81.0 262.0 108.0 297.0
face 0.97 497.0 282.0 525.0 320.0
face 0.96 721.0 235.0 744.0 264.0
face 0.93 283.0 270.0 302.0 293.0
face 0.92 638.0 255.0 670.0 294.0
face 0.85 748.0 240.0 776.0 273.0
face 0.39 410.0 225.0 439.0 261.0
face 0.39 588.0 416.0 623.0 456.0
face 0.36 420.0 380.0 433.0 395.0
face 0.36 765.0 255.0 783.0 277.0
face 0.34 772.0 266.0 786.0 283.0
face 0.34 533.0 324.0 548.0 343.0
face 0.33 209.0 294.0 227.0 319.0
face 0.33 50.0 386.0 64.0 406.0
face 0.32 284.0 249.0 306.0 277.0
face 0.31 52.0 429.0 70.0 450.0
face 0.31 338.0 302.0 352.0 319.0
face 0.31 426.0 291.0 443.0 312.0
face 0.31 545.0 288.0 567.0 316.0
face 0.30 52.0 276.0 74.0 306.0
