face 0.95 750.0 596.0 763.0 611.0
face 0.88 859.0 595.0 871.0 610.0
face 0.83 697.0 466.0 708.0 482.0
face 0.83 265.0 204.0 276.0 217.0
face 0.82 677.0 253.0 689.0 267.0
face 0.81 127.0 340.0 142.0 358.0
face 0.79 400.0 191.0 410.0 204.0
face 0.79 724.0 134.0 734.0 146.0
face 0.77 431.0 148.0 441.0 160.0
face 0.77 974.0 110.0 986.0 123.0
face 0.76 264.0 171.0 275.0 184.0
face 0.76 1010.0 524.0 1023.0 542.0
face 0.76 321.0 181.0 332.0 194.0
face 0.75 966.0 88.0 976.0 100.0
face 0.72 907.0 569.0 920.0 585.0
face 0.72 566.0 253.0 577.0 266.0
face 0.72 289.0 168.0 299.0 180.0
face 0.71 423.0 173.0 433.0 185.0
face 0.71 975.0 567.0 985.0 579.0
face 0.69 939.0 150.0 953.0 167.0
face 0.66 830.0 230.0 841.0 243.0
face 0.66 807.0 148.0 817.0 160.0
face 0.66 846.0 117.0 856.0 129.0
face 0.66 401.0 134.0 411.0 146.0
face 0.65 368.0 168.0 379.0 180.0
face 0.65 652.0 190.0 663.0 202.0
face 0.64 264.0 133.0 275.0 146.0
face 0.63 510.0 127.0 521.0 139.0
face 0.63 573.0 120.0 583.0 132.0
face 0.63 430.0 413.0 441.0 426.0
face 0.61 1.0 495.0 22.0 526.0
face 0.59 287.0 126.0 298.0 139.0
face 0.59 14.0 245.0 25.0 258.0
face 0.58 594.0 144.0 604.0 156.0
face 0.58 1013.0 90.0 1024.0 108.0
face 0.57 655.0 358.0 665.0 371.0
face 0.56 230.0 277.0 242.0 292.0
face 0.56 785.0 94.0 796.0 108.0
face 0.56 199.0 160.0 210.0 173.0
face 0.55 713.0 26.0 727.0 42.0
face 0.54 561.0 552.0 575.0 570.0
face 0.54 522.0 37.0 535.0 54.0
face 0.53 897.0 591.0 921.0 622.0
face 0.52 702.0 120.0 713.0 133.0
face 0.52 989.0 126.0 1001.0 140.0
face 0.51 382.0 104.0 392.0 117.0
face 0.51 67.0 395.0 81.0 412.0
face 0.51 876.0 196.0 886.0 208.0
face 0.51 862.0 99.0 873.0 113.0
face 0.50 992.0 195.0 1001.0 207.0
face 0.49 646.0 479.0 657.0 492.0
face 0.49 990.0 310.0 1002.0 324.0
face 0.49 599.0 117.0 609.0 129.0
face 0.48 325.0 151.0 335.0 163.0
face 0.48 697.0 592.0 716.0 620.0
face 0.48 327.0 294.0 338.0 307.0
face 0.47 159.0 302.0 171.0 317.0
face 0.47 802.0 613.0 814.0 629.0
face 0.46 880.0 132.0 889.0 144.0
face 0.46 493.0 158.0 505.0 171.0
face 0.46 839.0 280.0 849.0 293.0
face 0.45 927.0 196.0 937.0 209.0
face 0.45 839.0 149.0 849.0 161.0
face 0.45 486.0 133.0 496.0 145.0
face 0.45 192.0 253.0 203.0 266.0
face 0.45 462.0 108.0 473.0 121.0
face 0.44 851.0 398.0 863.0 414.0
face 0.44 512.0 212.0 522.0 225.0
face 0.44 960.0 189.0 971.0 202.0
face 0.44 567.0 582.0 591.0 614.0
face 0.42 827.0 582.0 841.0 599.0
face 0.42 461.0 166.0 472.0 179.0
face 0.41 344.0 176.0 354.0 188.0
face 0.41 911.0 303.0 926.0 318.0
face 0.41 48.0 232.0 66.0 260.0
face 0.41 720.0 285.0 732.0 299.0
face 0.40 469.0 79.0 479.0 92.0
face 0.40 1002.0 142.0 1014.0 155.0
face 0.40 839.0 261.0 851.0 275.0
face 0.40 463.0 141.0 473.0 153.0
face 0.40 237.0 143.0 248.0 156.0
face 0.39 537.0 470.0 547.0 483.0
face 0.39 913.0 31.0 924.0 45.0
face 0.39 709.0 53.0 719.0 66.0
face 0.39 614.0 32.0 625.0 44.0
face 0.39 703.0 263.0 714.0 277.0
face 0.39 615.0 53.0 626.0 67.0
face 0.39 854.0 497.0 866.0 513.0
face 0.38 279.0 197.0 292.0 212.0
face 0.38 908.0 124.0 918.0 137.0
face 0.38 134.0 244.0 146.0 259.0
face 0.37 638.0 151.0 648.0 163.0
face 0.37 663.0 20.0 672.0 32.0
face 0.37 389.0 160.0 400.0 173.0
face 0.37 695.0 190.0 706.0 203.0
face 0.37 831.0 263.0 842.0 276.0
face 0.37 130.0 314.0 144.0 331.0
face 0.36 943.0 136.0 954.0 148.0
face 0.36 942.0 247.0 953.0 260.0
face 0.36 244.0 170.0 258.0 188.0
face 0.36 325.0 118.0 336.0 131.0
face 0.36 813.0 119.0 823.0 131.0
face 0.36 159.0 203.0 171.0 217.0
face 0.36 214.0 196.0 225.0 209.0
face 0.36 766.0 141.0 776.0 153.0
face 0.36 342.0 151.0 352.0 163.0
face 0.35 112.0 231.0 123.0 244.0
face 0.35 677.0 23.0 687.0 35.0
face 0.35 305.0 158.0 315.0 170.0
face 0.35 908.0 83.0 921.0 98.0
face 0.35 333.0 163.0 344.0 177.0
face 0.34 664.0 111.0 676.0 125.0
face 0.34 744.0 110.0 754.0 123.0
face 0.34 543.0 176.0 553.0 189.0
face 0.34 230.0 183.0 241.0 196.0
face 0.34 961.0 269.0 972.0 283.0
face 0.33 717.0 157.0 728.0 171.0
face 0.33 533.0 127.0 543.0 139.0
face 0.33 328.0 154.0 340.0 169.0
face 0.33 703.0 514.0 729.0 546.0
face 0.33 1.0 544.0 13.0 565.0
face 0.33 894.0 198.0 904.0 211.0
face 0.33 586.0 339.0 599.0 356.0
face 0.33 454.0 143.0 465.0 155.0
face 0.33 535.0 493.0 561.0 526.0
face 0.33 198.0 206.0 209.0 220.0
face 0.32 854.0 110.0 864.0 123.0
face 0.32 663.0 479.0 676.0 495.0
face 0.32 726.0 199.0 736.0 211.0
face 0.32 431.0 60.0 441.0 74.0
face 0.32 782.0 37.0 796.0 54.0
face 0.32 62.0 404.0 73.0 417.0
face 0.32 462.0 447.0 473.0 460.0
face 0.32 468.0 133.0 480.0 147.0
face 0.32 687.0 135.0 697.0 147.0
face 0.32 27.0 468.0 42.0 486.0
face 0.32 783.0 69.0 794.0 82.0
face 0.32 439.0 95.0 450.0 109.0
face 0.32 689.0 13.0 700.0 26.0
face 0.32 582.0 199.0 592.0 211.0
face 0.31 877.0 157.0 887.0 169.0
face 0.31 165.0 255.0 176.0 268.0
face 0.31 22.0 476.0 36.0 494.0
face 0.31 775.0 173.0 786.0 185.0
face 0.31 958.0 134.0 968.0 145.0
face 0.31 592.0 173.0 603.0 185.0
face 0.31 16.0 482.0 30.0 499.0
face 0.31 463.0 148.0 474.0 161.0
face 0.31 883.0 311.0 897.0 325.0
face 0.31 607.0 142.0 618.0 154.0
face 0.31 925.0 126.0 936.0 139.0
face 0.31 851.0 74.0 866.0 91.0
face 0.31 270.0 190.0 282.0 203.0
face 0.31 623.0 19.0 635.0 33.0
face 0.31 469.0 103.0 481.0 116.0
face 0.31 350.0 76.0 362.0 90.0
face 0.31 253.0 92.0 264.0 105.0
face 0.30 543.0 151.0 552.0 163.0
face 0.30 1008.0 166.0 1020.0 179.0
face 0.30 279.0 330.0 306.0 365.0
face 0.30 479.0 141.0 490.0 153.0
face 0.30 973.0 315.0 990.0 333.0
face 0.30 486.0 109.0 497.0 122.0
face 0.30 575.0 141.0 588.0 155.0
face 0.30 861.0 197.0 872.0 211.0
face 0.30 911.0 205.0 921.0 218.0
face 0.30 774.0 125.0 785.0 138.0
face 0.30 600.0 12.0 612.0 28.0
face 0.30 629.0 133.0 640.0 146.0
face 0.30 983.0 215.0 993.0 227.0
face 0.30 559.0 150.0 569.0 163.0
