face 1.00 152.0 403.0 204.0 461.0
face 1.00 646.0 188.0 688.0 240.0
face 1.00 773.0 201.0 805.0 253.0
face 1.00 811.0 222.0 844.0 264.0
face 0.99 121.0 213.0 158.0 256.0
face 0.99 692.0 201.0 727.0 245.0
face 0.87 428.0 239.0 462.0 274.0
face 0.51 500.0 251.0 518.0 274.0
face 0.42 375.0 228.0 387.0 244.0
face 0.41 303.0 428.0 329.0 460.0
face 0.37 323.0 413.0 371.0 465.0
face 0.37 478.0 196.0 489.0 210.0
face 0.36 841.0 68.0 857.0 87.0
face 0.35 336.0 501.0 400.0 569.0
face 0.34 390.0 76.0 402.0 90.0
face 0.33 392.0 229.0 403.0 243.0
face 0.32 1002.0 271.0 1023.0 298.0
face 0.32 958.0 238.0 971.0 253.0
face 0.32 799.0 184.0 814.0 203.0
face 0.30 275.0 45.0 290.0 64.0
