face 1.00 387.0 742.0 490.0 881.0
face 0.91 272.0 607.0 401.0 753.0
face 0.91 128.0 637.0 237.0 779.0
face 0.75 175.0 809.0 267.0 968.0
face 0.74 435.0 788.0 542.0 939.0
face 0.59 384.0 151.0 409.0 183.0
face 0.58 382.0 921.0 433.0 989.0
face 0.44 662.0 252.0 839.0 454.0
face 0.43 102.0 984.0 179.0 1098.0
face 0.40 -2.0 460.0 62.0 597.0
face 0.39 532.0 282.0 615.0 394.0
face 0.37 316.0 263.0 343.0 293.0
face 0.33 981.0 776.0 1017.0 825.0
face 0.33 295.0 229.0 320.0 259.0
face 0.31 365.0 167.0 382.0 190.0
