face 0.97 430.0 306.0 470.0 351.0
face 0.95 538.0 310.0 571.0 348.0
face 0.94 849.0 320.0 862.0 336.0
face 0.88 954.0 315.0 966.0 330.0
face 0.88 985.0 328.0 996.0 341.0
face 0.85 765.0 324.0 777.0 338.0
face 0.82 597.0 320.0 613.0 338.0
face 0.82 898.0 315.0 911.0 332.0
face 0.79 697.0 289.0 720.0 318.0
face 0.77 657.0 325.0 676.0 347.0
face 0.73 189.0 321.0 211.0 348.0
face 0.68 812.0 321.0 829.0 342.0
face 0.64 287.0 302.0 324.0 343.0
face 0.61 881.0 362.0 895.0 380.0
face 0.61 228.0 404.0 244.0 423.0
face 0.59 425.0 311.0 449.0 340.0
face 0.57 60.0 2.0 77.0 23.0
face 0.49 634.0 396.0 654.0 426.0
face 0.46 505.0 307.0 517.0 324.0
face 0.45 783.0 321.0 798.0 338.0
face 0.42 319.0 117.0 342.0 145.0
face 0.38 864.0 326.0 875.0 339.0
face 0.37 89.0 316.0 122.0 348.0
face 0.36 928.0 324.0 940.0 339.0
face 0.34 950.0 363.0 964.0 383.0
face 0.33 350.0 387.0 370.0 417.0
face 0.32 894.0 380.0 907.0 397.0
face 0.32 410.0 323.0 426.0 343.0
face 0.31 386.0 305.0 405.0 326.0
face 0.31 387.0 321.0 405.0 341.0
face 0.31 796.0 379.0 811.0 396.0
face 0.30 752.0 316.0 764.0 330.0
face 0.30 397.0 326.0 410.0 340.0
