face 1.00 252.0 169.0 275.0 198.0
face 1.00 830.0 116.0 867.0 162.0
face 1.00 324.0 152.0 359.0 196.0
face 1.00 484.0 162.0 524.0 220.0
face 1.00 1006.0 136.0 1025.0 164.0
face 1.00 395.0 174.0 429.0 217.0
face 1.00 576.0 180.0 600.0 207.0
face 1.00 912.0 150.0 937.0 179.0
face 0.99 724.0 126.0 774.0 196.0
face 0.99 190.0 209.0 210.0 233.0
face 0.98 130.0 195.0 150.0 220.0
face 0.95 371.0 197.0 390.0 221.0
face 0.92 639.0 138.0 670.0 174.0
face 0.68 537.0 203.0 551.0 220.0
face 0.49 276.0 192.0 301.0 221.0
face 0.46 176.0 206.0 188.0 221.0
face 0.46 312.0 333.0 322.0 347.0
face 0.45 126.0 173.0 137.0 185.0
face 0.45 584.0 298.0 598.0 315.0
face 0.41 -1.0 196.0 10.0 211.0
face 0.40 698.0 385.0 715.0 405.0
face 0.40 400.0 394.0 424.0 422.0
face 0.39 229.0 93.0 240.0 107.0
face 0.37 637.0 106.0 652.0 123.0
face 0.36 687.0 462.0 699.0 476.0
face 0.35 158.0 204.0 171.0 219.0
face 0.34 339.0 282.0 353.0 299.0
face 0.34 596.0 191.0 613.0 214.0
face 0.34 456.0 182.0 466.0 195.0
face 0.34 72.0 317.0 84.0 332.0
face 0.33 421.0 177.0 438.0 200.0
face 0.33 756.0 14.0 779.0 46.0
face 0.32 173.0 188.0 185.0 201.0
face 0.31 690.0 239.0 713.0 269.0
face 0.30 16.0 222.0 27.0 235.0
face 0.30 343.0 515.0 475.0 675.0
