face 1.00 448.0 233.0 495.0 289.0
face 1.00 909.0 300.0 934.0 332.0
face 1.00 790.0 214.0 819.0 252.0
face 1.00 115.0 174.0 164.0 253.0
face 0.99 592.0 133.0 632.0 185.0
face 0.67 499.0 325.0 513.0 342.0
face 0.42 409.0 380.0 432.0 408.0
face 0.40 407.0 321.0 422.0 338.0
face 0.39 119.0 198.0 144.0 231.0
face 0.38 530.0 341.0 557.0 375.0
face 0.38 345.0 359.0 366.0 383.0
face 0.38 80.0 87.0 118.0 136.0
face 0.37 512.0 317.0 525.0 334.0
face 0.37 98.0 240.0 113.0 261.0
face 0.36 704.0 389.0 730.0 421.0
face 0.34 926.0 490.0 938.0 505.0
face 0.33 151.0 260.0 162.0 274.0
face 0.33 535.0 430.0 547.0 444.0
face 0.32 141.0 257.0 157.0 276.0
face 0.32 393.0 395.0 408.0 413.0
face 0.32 526.0 389.0 539.0 403.0
face 0.32 623.0 230.0 634.0 244.0
face 0.32 349.0 93.0 360.0 106.0
face 0.31 758.0 291.0 817.0 356.0
face 0.31 935.0 204.0 946.0 218.0
face 0.31 373.0 494.0 389.0 514.0
face 0.30 140.0 182.0 157.0 205.0
face 0.30 843.0 426.0 858.0 445.0
