face 1.00 471.0 299.0 493.0 326.0
face 0.96 263.0 301.0 279.0 320.0
face 0.92 716.0 341.0 731.0 359.0
face 0.89 832.0 327.0 844.0 340.0
face 0.89 542.0 336.0 554.0 352.0
face 0.87 410.0 338.0 424.0 354.0
face 0.83 414.0 311.0 428.0 327.0
face 0.76 203.0 292.0 217.0 310.0
face 0.69 664.0 332.0 677.0 349.0
face 0.69 584.0 317.0 595.0 330.0
face 0.65 336.0 319.0 347.0 332.0
face 0.62 769.0 339.0 787.0 360.0
face 0.56 611.0 341.0 627.0 360.0
face 0.55 223.0 310.0 236.0 326.0
face 0.40 392.0 336.0 402.0 349.0
face 0.39 840.0 374.0 850.0 387.0
face 0.39 621.0 347.0 634.0 362.0
face 0.36 335.0 360.0 360.0 389.0
face 0.33 221.0 301.0 235.0 318.0
face 0.32 221.0 294.0 232.0 307.0
face 0.32 52.0 293.0 63.0 305.0
face 0.31 117.0 305.0 130.0 320.0
face 0.31 191.0 308.0 202.0 322.0
face 0.30 727.0 318.0 738.0 331.0
face 0.30 619.0 354.0 634.0 373.0
