face 1.00 424.0 203.0 449.0 236.0
face 1.00 505.0 196.0 527.0 222.0
face 1.00 354.0 235.0 380.0 269.0
face 1.00 510.0 234.0 536.0 265.0
face 1.00 165.0 243.0 200.0 286.0
face 1.00 313.0 220.0 341.0 258.0
face 1.00 925.0 147.0 940.0 165.0
face 1.00 585.0 225.0 610.0 258.0
face 1.00 803.0 140.0 820.0 158.0
face 1.00 565.0 139.0 580.0 157.0
face 1.00 549.0 179.0 570.0 204.0
face 1.00 583.0 181.0 603.0 205.0
face 1.00 -1.0 221.0 28.0 265.0
face 1.00 831.0 146.0 845.0 162.0
face 0.99 588.0 141.0 603.0 159.0
face 0.95 761.0 153.0 776.0 170.0
face 0.95 467.0 224.0 500.0 261.0
face 0.93 647.0 157.0 661.0 173.0
face 0.90 710.0 164.0 729.0 189.0
face 0.89 680.0 144.0 695.0 162.0
face 0.87 732.0 143.0 752.0 166.0
face 0.85 624.0 176.0 638.0 195.0
face 0.83 712.0 188.0 726.0 206.0
face 0.78 678.0 200.0 690.0 216.0
face 0.73 547.0 148.0 563.0 165.0
face 0.65 616.0 104.0 634.0 122.0
face 0.62 846.0 130.0 858.0 146.0
face 0.55 405.0 117.0 416.0 130.0
face 0.54 895.0 123.0 906.0 136.0
face 0.53 634.0 148.0 645.0 161.0
face 0.52 655.0 192.0 674.0 216.0
face 0.52 660.0 149.0 676.0 168.0
face 0.49 703.0 149.0 717.0 164.0
face 0.45 605.0 205.0 629.0 235.0
face 0.45 594.0 170.0 611.0 191.0
face 0.43 508.0 109.0 520.0 123.0
face 0.42 407.0 96.0 432.0 126.0
face 0.42 880.0 119.0 891.0 132.0
face 0.41 944.0 77.0 955.0 90.0
face 0.37 964.0 131.0 979.0 148.0
face 0.36 910.0 115.0 925.0 133.0
face 0.36 782.0 140.0 796.0 155.0
face 0.35 966.0 110.0 977.0 123.0
face 0.35 818.0 43.0 831.0 60.0
face 0.34 956.0 176.0 972.0 196.0
face 0.33 478.0 115.0 494.0 135.0
face 0.33 960.0 67.0 971.0 80.0
face 0.31 581.0 92.0 592.0 107.0
face 0.31 771.0 148.0 786.0 166.0
face 0.31 627.0 107.0 644.0 124.0
face 0.31 646.0 53.0 658.0 67.0
face 0.31 884.0 228.0 896.0 242.0
face 0.30 989.0 140.0 1004.0 157.0
