face 1.00 323.0 137.0 338.0 156.0
face 1.00 460.0 146.0 476.0 166.0
face 1.00 603.0 139.0 618.0 158.0
face 1.00 537.0 196.0 551.0 215.0
face 1.00 124.0 151.0 138.0 167.0
face 0.99 510.0 132.0 526.0 152.0
face 0.99 874.0 118.0 890.0 138.0
face 0.99 960.0 180.0 978.0 204.0
face 0.99 979.0 76.0 992.0 93.0
face 0.99 27.0 144.0 42.0 163.0
face 0.99 870.0 194.0 885.0 214.0
face 0.99 648.0 128.0 663.0 149.0
face 0.99 556.0 35.0 569.0 51.0
face 0.99 762.0 191.0 779.0 212.0
face 0.99 395.0 200.0 409.0 218.0
face 0.99 600.0 186.0 614.0 205.0
face 0.99 739.0 134.0 754.0 153.0
face 0.99 69.0 100.0 81.0 114.0
face 0.98 715.0 85.0 728.0 100.0
face 0.98 273.0 155.0 287.0 171.0
face 0.98 700.0 26.0 713.0 43.0
face 0.98 43.0 44.0 56.0 60.0
face 0.98 892.0 100.0 904.0 114.0
face 0.97 187.0 43.0 200.0 59.0
face 0.97 363.0 43.0 377.0 61.0
face 0.97 319.0 42.0 333.0 59.0
face 0.97 226.0 140.0 241.0 159.0
face 0.96 533.0 97.0 546.0 113.0
face 0.95 960.0 40.0 972.0 55.0
face 0.95 982.0 131.0 996.0 147.0
face 0.95 912.0 30.0 926.0 47.0
face 0.95 100.0 51.0 112.0 66.0
face 0.94 826.0 30.0 840.0 46.0
face 0.94 489.0 85.0 503.0 102.0
face 0.94 418.0 142.0 433.0 162.0
face 0.94 628.0 93.0 643.0 109.0
face 0.93 274.0 53.0 288.0 69.0
face 0.93 679.0 193.0 694.0 212.0
face 0.93 312.0 209.0 325.0 227.0
face 0.92 671.0 91.0 688.0 111.0
face 0.91 412.0 36.0 424.0 51.0
face 0.91 743.0 44.0 755.0 58.0
face 0.91 806.0 91.0 821.0 110.0
face 0.90 353.0 98.0 366.0 114.0
face 0.90 557.0 128.0 575.0 149.0
face 0.88 231.0 49.0 243.0 64.0
face 0.88 586.0 94.0 599.0 111.0
face 0.87 651.0 21.0 666.0 40.0
face 0.87 44.0 197.0 61.0 220.0
face 0.87 508.0 33.0 522.0 49.0
face 0.86 166.0 96.0 180.0 112.0
face 0.86 373.0 145.0 389.0 166.0
face 0.85 175.0 138.0 191.0 159.0
face 0.84 782.0 32.0 796.0 49.0
face 0.84 465.0 37.0 478.0 52.0
face 0.83 113.0 89.0 127.0 105.0
face 0.82 22.0 99.0 36.0 116.0
face 0.82 761.0 87.0 774.0 103.0
face 0.82 128.0 201.0 143.0 222.0
face 0.82 479.0 206.0 496.0 225.0
face 0.81 303.0 98.0 317.0 114.0
face 0.80 930.0 95.0 944.0 111.0
face 0.79 613.0 54.0 627.0 71.0
face 0.79 259.0 108.0 273.0 125.0
face 0.77 774.0 103.0 787.0 120.0
face 0.76 795.0 51.0 809.0 67.0
face 0.76 373.0 206.0 385.0 221.0
face 0.75 688.0 116.0 708.0 143.0
face 0.72 209.0 95.0 224.0 113.0
face 0.71 442.0 94.0 455.0 111.0
face 0.71 77.0 144.0 93.0 163.0
face 0.69 752.0 61.0 765.0 76.0
face 0.67 862.0 109.0 875.0 125.0
face 0.63 926.0 116.0 940.0 133.0
face 0.63 221.0 204.0 237.0 225.0
face 0.60 150.0 58.0 164.0 74.0
face 0.60 900.0 113.0 915.0 131.0
face 0.60 849.0 91.0 864.0 109.0
face 0.56 990.0 94.0 1004.0 111.0
face 0.55 780.0 132.0 798.0 153.0
face 0.54 475.0 53.0 492.0 71.0
face 0.54 396.0 88.0 412.0 106.0
face 0.54 926.0 47.0 940.0 65.0
face 0.53 839.0 51.0 850.0 64.0
face 0.52 864.0 39.0 877.0 55.0
face 0.50 821.0 129.0 837.0 148.0
face 0.45 244.0 63.0 258.0 80.0
face 0.45 601.0 37.0 616.0 55.0
face 0.44 511.0 200.0 524.0 217.0
face 0.42 870.0 57.0 886.0 75.0
face 0.41 707.0 42.0 725.0 62.0
face 0.41 818.0 108.0 833.0 126.0
face 0.41 755.0 138.0 770.0 156.0
face 0.41 642.0 105.0 657.0 122.0
face 0.37 127.0 77.0 137.0 90.0
face 0.37 322.0 198.0 336.0 214.0
face 0.37 971.0 58.0 984.0 75.0
face 0.36 556.0 196.0 570.0 212.0
face 0.36 838.0 146.0 854.0 166.0
face 0.35 506.0 74.0 521.0 92.0
face 0.35 541.0 114.0 557.0 134.0
face 0.34 374.0 60.0 391.0 79.0
face 0.34 464.0 210.0 477.0 226.0
face 0.34 41.0 266.0 56.0 283.0
face 0.34 417.0 207.0 435.0 227.0
face 0.33 158.0 69.0 170.0 84.0
face 0.32 566.0 50.0 582.0 68.0
face 0.32 207.0 156.0 218.0 171.0
face 0.31 110.0 68.0 121.0 81.0
face 0.31 910.0 86.0 921.0 99.0
face 0.31 214.0 212.0 225.0 226.0
face 0.30 42.0 160.0 59.0 181.0
