face 1.00 374.0 260.0 419.0 305.0
face 1.00 207.0 204.0 250.0 255.0
face 1.00 520.0 226.0 561.0 282.0
face 0.99 77.0 243.0 111.0 277.0
face 0.99 43.0 229.0 72.0 267.0
face 0.99 139.0 225.0 170.0 260.0
face 0.99 573.0 232.0 620.0 288.0
face 0.95 775.0 347.0 842.0 431.0
face 0.89 286.0 259.0 317.0 293.0
face 0.83 115.0 244.0 130.0 265.0
face 0.73 481.0 191.0 514.0 235.0
face 0.71 584.0 116.0 621.0 153.0
face 0.68 869.0 342.0 896.0 374.0
face 0.66 954.0 282.0 1006.0 355.0
face 0.58 242.0 654.0 258.0 674.0
face 0.50 438.0 277.0 468.0 308.0
face 0.48 445.0 267.0 491.0 314.0
face 0.42 895.0 344.0 919.0 376.0
face 0.41 621.0 206.0 635.0 225.0
face 0.41 339.0 230.0 375.0 271.0
face 0.39 691.0 139.0 710.0 161.0
face 0.38 304.0 72.0 315.0 85.0
face 0.38 575.0 409.0 600.0 437.0
face 0.37 930.0 45.0 945.0 65.0
face 0.36 955.0 132.0 1011.0 196.0
face 0.35 906.0 25.0 952.0 80.0
face 0.35 590.0 382.0 602.0 398.0
face 0.35 860.0 363.0 875.0 384.0
face 0.32 782.0 476.0 804.0 505.0
face 0.32 102.0 303.0 134.0 350.0
face 0.31 583.0 45.0 639.0 101.0
face 0.30 482.0 187.0 502.0 211.0
