face 1.00 826.0 1027.0 887.0 1120.0
face 0.91 179.0 652.0 315.0 783.0
face 0.84 2.0 470.0 63.0 586.0
face 0.60 127.0 691.0 149.0 718.0
face 0.57 52.0 1337.0 209.0 1542.0
face 0.42 83.0 1149.0 114.0 1184.0
face 0.40 577.0 928.0 813.0 1188.0
face 0.39 819.0 673.0 868.0 731.0
face 0.38 58.0 448.0 155.0 592.0
face 0.35 137.0 744.0 197.0 800.0
face 0.35 996.0 1188.0 1022.0 1223.0
face 0.33 980.0 941.0 1024.0 1017.0
face 0.33 763.0 1199.0 984.0 1410.0
face 0.32 418.0 419.0 477.0 484.0
face 0.30 101.0 1163.0 125.0 1194.0
