face 0.90 989.0 310.0 1009.0 334.0
face 0.89 105.0 599.0 127.0 625.0
face 0.75 678.0 186.0 690.0 200.0
face 0.70 126.0 236.0 138.0 250.0
face 0.64 81.0 304.0 91.0 317.0
face 0.62 1008.0 255.0 1018.0 268.0
face 0.59 519.0 237.0 530.0 250.0
face 0.57 111.0 172.0 122.0 186.0
face 0.55 218.0 113.0 232.0 131.0
face 0.53 42.0 301.0 54.0 316.0
face 0.52 871.0 164.0 886.0 182.0
face 0.51 791.0 166.0 802.0 179.0
face 0.50 620.0 279.0 634.0 294.0
face 0.48 662.0 239.0 674.0 254.0
face 0.47 167.0 224.0 177.0 236.0
face 0.47 464.0 256.0 474.0 268.0
face 0.45 623.0 237.0 636.0 252.0
face 0.45 590.0 230.0 606.0 249.0
face 0.44 879.0 213.0 890.0 227.0
face 0.44 250.0 114.0 265.0 133.0
face 0.44 1004.0 159.0 1015.0 172.0
face 0.44 322.0 161.0 337.0 180.0
face 0.43 687.0 128.0 697.0 140.0
face 0.42 72.0 236.0 83.0 250.0
face 0.42 833.0 204.0 850.0 226.0
face 0.41 550.0 95.0 562.0 108.0
face 0.40 989.0 292.0 1002.0 307.0
face 0.40 970.0 292.0 983.0 308.0
face 0.40 96.0 241.0 113.0 263.0
face 0.39 958.0 196.0 968.0 208.0
face 0.39 708.0 90.0 722.0 107.0
face 0.38 485.0 168.0 495.0 180.0
face 0.38 837.0 180.0 853.0 197.0
face 0.37 624.0 231.0 635.0 244.0
face 0.36 517.0 258.0 532.0 278.0
face 0.36 586.0 148.0 601.0 165.0
face 0.35 110.0 285.0 122.0 299.0
face 0.35 802.0 204.0 816.0 221.0
face 0.35 174.0 237.0 185.0 250.0
face 0.35 87.0 221.0 97.0 233.0
face 0.35 696.0 231.0 707.0 244.0
face 0.35 1009.0 206.0 1022.0 222.0
face 0.34 126.0 309.0 137.0 322.0
face 0.34 233.0 177.0 248.0 196.0
face 0.34 924.0 274.0 940.0 292.0
face 0.34 684.0 243.0 699.0 262.0
face 0.34 508.0 249.0 523.0 268.0
face 0.33 723.0 254.0 739.0 273.0
face 0.33 25.0 221.0 36.0 235.0
face 0.33 973.0 162.0 988.0 181.0
face 0.33 651.0 250.0 665.0 267.0
face 0.33 942.0 176.0 954.0 189.0
face 0.33 922.0 228.0 939.0 247.0
face 0.32 877.0 128.0 887.0 139.0
face 0.32 502.0 181.0 513.0 195.0
face 0.32 680.0 147.0 691.0 160.0
face 0.32 669.0 255.0 681.0 267.0
face 0.32 981.0 191.0 992.0 204.0
face 0.32 875.0 219.0 892.0 241.0
face 0.32 579.0 91.0 594.0 108.0
face 0.32 232.0 156.0 244.0 170.0
face 0.32 527.0 149.0 539.0 162.0
face 0.32 21.0 260.0 36.0 279.0
face 0.32 558.0 124.0 570.0 137.0
face 0.31 567.0 150.0 578.0 163.0
face 0.31 478.0 119.0 489.0 132.0
face 0.31 895.0 157.0 905.0 169.0
face 0.31 720.0 255.0 730.0 268.0
face 0.31 563.0 271.0 580.0 291.0
face 0.31 948.0 220.0 964.0 239.0
face 0.31 958.0 135.0 969.0 148.0
face 0.31 68.0 208.0 83.0 228.0
face 0.31 974.0 205.0 986.0 219.0
face 0.31 551.0 175.0 562.0 187.0
face 0.31 944.0 157.0 955.0 169.0
face 0.31 20.0 376.0 37.0 397.0
face 0.31 496.0 174.0 506.0 187.0
face 0.31 126.0 167.0 137.0 180.0
face 0.31 229.0 249.0 245.0 269.0
face 0.30 982.0 245.0 994.0 260.0
face 0.30 896.0 141.0 907.0 154.0
face 0.30 615.0 244.0 627.0 258.0
face 0.30 635.0 136.0 655.0 159.0
face 0.30 383.0 179.0 397.0 195.0
face 0.30 966.0 191.0 976.0 203.0
face 0.30 994.0 291.0 1013.0 311.0
face 0.30 661.0 94.0 675.0 111.0
face 0.30 662.0 249.0 677.0 268.0
face 0.30 486.0 237.0 497.0 253.0
face 0.30 870.0 158.0 882.0 172.0
face 0.30 910.0 173.0 921.0 188.0
face 0.30 526.0 180.0 537.0 193.0
