face 1.00 611.0 202.0 649.0 255.0
face 1.00 519.0 174.0 543.0 205.0
face 1.00 796.0 126.0 841.0 181.0
face 1.00 384.0 222.0 407.0 253.0
face 1.00 353.0 224.0 374.0 252.0
face 1.00 590.0 169.0 616.0 203.0
face 1.00 419.0 272.0 462.0 331.0
face 1.00 743.0 175.0 794.0 244.0
face 1.00 857.0 102.0 891.0 142.0
face 1.00 313.0 216.0 334.0 245.0
face 1.00 282.0 254.0 307.0 295.0
face 1.00 431.0 190.0 452.0 216.0
face 1.00 205.0 248.0 228.0 283.0
face 1.00 673.0 158.0 709.0 203.0
face 1.00 452.0 221.0 481.0 257.0
face 1.00 580.0 92.0 596.0 111.0
face 0.99 240.0 258.0 262.0 292.0
face 0.99 198.0 179.0 214.0 198.0
face 0.99 75.0 255.0 94.0 279.0
face 0.99 325.0 145.0 339.0 163.0
face 0.98 174.0 187.0 188.0 203.0
face 0.95 264.0 180.0 275.0 194.0
face 0.94 638.0 56.0 655.0 76.0
face 0.94 574.0 161.0 592.0 186.0
face 0.93 399.0 199.0 422.0 226.0
face 0.92 476.0 117.0 493.0 136.0
face 0.89 309.0 166.0 323.0 181.0
face 0.88 487.0 193.0 511.0 220.0
face 0.83 57.0 231.0 74.0 253.0
face 0.81 708.0 52.0 726.0 73.0
face 0.74 163.0 320.0 181.0 341.0
face 0.71 333.0 272.0 351.0 299.0
face 0.62 526.0 101.0 537.0 113.0
face 0.62 392.0 135.0 405.0 149.0
face 0.57 718.0 343.0 730.0 358.0
face 0.57 329.0 264.0 364.0 308.0
face 0.54 590.0 76.0 606.0 95.0
face 0.53 405.0 136.0 420.0 155.0
face 0.52 21.0 229.0 53.0 263.0
face 0.51 687.0 115.0 699.0 130.0
face 0.50 413.0 315.0 427.0 334.0
face 0.49 244.0 179.0 258.0 194.0
face 0.49 155.0 200.0 171.0 219.0
face 0.47 816.0 35.0 829.0 53.0
face 0.45 244.0 326.0 262.0 351.0
face 0.44 352.0 152.0 363.0 165.0
face 0.43 220.0 189.0 237.0 210.0
face 0.42 690.0 66.0 706.0 84.0
face 0.41 536.0 87.0 547.0 100.0
face 0.40 303.0 166.0 315.0 180.0
face 0.40 610.0 17.0 624.0 34.0
face 0.39 576.0 133.0 588.0 148.0
face 0.39 740.0 38.0 755.0 57.0
face 0.38 879.0 45.0 891.0 60.0
face 0.38 279.0 338.0 304.0 369.0
face 0.38 420.0 201.0 436.0 219.0
face 0.37 856.0 2.0 877.0 24.0
face 0.36 759.0 19.0 774.0 36.0
face 0.36 566.0 102.0 581.0 120.0
face 0.36 611.0 69.0 628.0 87.0
face 0.35 596.0 337.0 614.0 357.0
face 0.34 361.0 217.0 382.0 241.0
face 0.34 785.0 35.0 803.0 54.0
face 0.34 571.0 324.0 600.0 360.0
face 0.34 503.0 124.0 514.0 136.0
face 0.33 630.0 62.0 642.0 77.0
face 0.33 588.0 338.0 603.0 356.0
face 0.33 372.0 140.0 387.0 160.0
face 0.33 158.0 307.0 195.0 347.0
face 0.32 189.0 185.0 206.0 205.0
face 0.32 820.0 29.0 831.0 43.0
face 0.32 108.0 210.0 126.0 231.0
face 0.32 420.0 121.0 435.0 141.0
face 0.31 790.0 13.0 802.0 27.0
face 0.31 265.0 241.0 286.0 263.0
face 0.31 151.0 198.0 163.0 213.0
face 0.31 614.0 61.0 626.0 75.0
face 0.31 437.0 230.0 449.0 245.0
face 0.31 483.0 296.0 498.0 315.0
face 0.31 372.0 381.0 410.0 430.0
face 0.31 172.0 300.0 189.0 320.0
face 0.30 735.0 51.0 749.0 69.0
