face 1.00 182.0 102.0 246.0 201.0
face 1.00 882.0 70.0 944.0 146.0
face 1.00 637.0 136.0 698.0 211.0
face 1.00 751.0 96.0 787.0 142.0
face 0.96 445.0 130.0 494.0 191.0
face 0.64 367.0 145.0 416.0 202.0
face 0.55 656.0 427.0 707.0 489.0
face 0.52 395.0 111.0 473.0 197.0
face 0.46 306.0 152.0 331.0 181.0
face 0.42 814.0 72.0 843.0 108.0
face 0.40 272.0 181.0 298.0 207.0
face 0.39 759.0 140.0 771.0 155.0
face 0.39 763.0 132.0 780.0 152.0
face 0.34 303.0 155.0 357.0 218.0
face 0.34 307.0 73.0 368.0 151.0
face 0.30 61.0 232.0 75.0 249.0
