face 1.00 109.0 304.0 152.0 354.0
face 1.00 952.0 305.0 992.0 356.0
face 1.00 45.0 324.0 70.0 355.0
face 1.00 441.0 325.0 460.0 346.0
face 1.00 326.0 312.0 344.0 335.0
face 0.99 492.0 316.0 510.0 337.0
face 0.98 628.0 320.0 642.0 337.0
face 0.98 287.0 341.0 303.0 360.0
face 0.97 391.0 332.0 408.0 350.0
face 0.95 22.0 369.0 53.0 407.0
face 0.94 563.0 319.0 578.0 337.0
face 0.92 695.0 320.0 711.0 338.0
face 0.88 663.0 326.0 681.0 347.0
face 0.86 12.0 353.0 43.0 393.0
face 0.86 525.0 333.0 559.0 369.0
face 0.84 746.0 311.0 762.0 329.0
face 0.84 989.0 327.0 1019.0 366.0
face 0.82 988.0 231.0 1015.0 269.0
face 0.63 302.0 333.0 315.0 347.0
face 0.61 211.0 527.0 239.0 562.0
face 0.56 813.0 300.0 824.0 314.0
face 0.53 233.0 339.0 248.0 359.0
face 0.48 606.0 396.0 636.0 429.0
face 0.45 833.0 343.0 857.0 373.0
face 0.44 765.0 318.0 777.0 332.0
face 0.42 602.0 326.0 615.0 340.0
face 0.40 900.0 215.0 915.0 232.0
face 0.40 823.0 319.0 837.0 336.0
face 0.39 347.0 373.0 389.0 419.0
face 0.39 767.0 452.0 796.0 488.0
face 0.39 793.0 317.0 809.0 335.0
face 0.39 487.0 359.0 511.0 385.0
face 0.38 218.0 345.0 236.0 370.0
face 0.38 883.0 559.0 910.0 589.0
face 0.37 312.0 244.0 325.0 259.0
face 0.37 976.0 139.0 992.0 158.0
face 0.36 14.0 133.0 26.0 149.0
face 0.35 557.0 324.0 571.0 339.0
face 0.34 847.0 303.0 870.0 331.0
face 0.34 724.0 318.0 739.0 333.0
face 0.34 331.0 458.0 345.0 479.0
face 0.34 858.0 298.0 875.0 319.0
face 0.34 960.0 158.0 971.0 170.0
face 0.34 227.0 353.0 243.0 375.0
face 0.33 246.0 356.0 257.0 371.0
face 0.33 908.0 321.0 925.0 342.0
face 0.33 275.0 274.0 287.0 289.0
face 0.33 254.0 353.0 270.0 373.0
face 0.32 285.0 428.0 303.0 450.0
face 0.32 313.0 8.0 330.0 31.0
face 0.32 399.0 389.0 413.0 406.0
face 0.32 467.0 503.0 502.0 547.0
face 0.32 327.0 295.0 342.0 312.0
face 0.32 341.0 346.0 356.0 365.0
face 0.32 318.0 343.0 330.0 356.0
face 0.32 846.0 4.0 864.0 26.0
face 0.32 800.0 261.0 814.0 278.0
face 0.32 354.0 387.0 374.0 409.0
face 0.32 783.0 325.0 794.0 339.0
face 0.31 365.0 295.0 377.0 309.0
face 0.31 722.0 365.0 736.0 381.0
face 0.31 381.0 347.0 394.0 362.0
face 0.31 200.0 350.0 229.0 385.0
face 0.30 390.0 390.0 402.0 404.0
face 0.30 677.0 278.0 687.0 291.0
face 0.30 760.0 395.0 779.0 416.0
face 0.30 299.0 254.0 314.0 271.0
face 0.30 439.0 301.0 450.0 314.0
