face 1.00 388.0 262.0 410.0 288.0
face 1.00 493.0 239.0 519.0 272.0
face 0.99 834.0 263.0 858.0 290.0
face 0.99 885.0 248.0 901.0 267.0
face 0.99 693.0 248.0 708.0 266.0
face 0.94 585.0 236.0 643.0 299.0
face 0.90 287.0 288.0 303.0 306.0
face 0.84 455.0 284.0 466.0 298.0
face 0.70 798.0 254.0 810.0 268.0
face 0.69 254.0 286.0 270.0 306.0
face 0.67 327.0 297.0 357.0 331.0
face 0.67 375.0 287.0 389.0 303.0
face 0.67 189.0 296.0 217.0 328.0
face 0.65 568.0 260.0 620.0 318.0
face 0.64 102.0 247.0 113.0 261.0
face 0.62 317.0 266.0 330.0 281.0
face 0.60 33.0 339.0 50.0 360.0
face 0.53 721.0 252.0 740.0 275.0
face 0.49 781.0 271.0 793.0 286.0
face 0.48 850.0 247.0 874.0 271.0
face 0.44 431.0 280.0 442.0 293.0
face 0.41 661.0 218.0 679.0 239.0
face 0.41 42.0 330.0 60.0 350.0
face 0.41 153.0 373.0 166.0 390.0
face 0.40 822.0 249.0 837.0 266.0
face 0.39 296.0 340.0 315.0 361.0
face 0.38 743.0 263.0 773.0 297.0
face 0.36 858.0 125.0 892.0 159.0
face 0.35 825.0 275.0 843.0 294.0
face 0.34 258.0 297.0 275.0 318.0
face 0.34 317.0 323.0 333.0 342.0
face 0.33 934.0 246.0 946.0 261.0
face 0.32 429.0 335.0 442.0 349.0
face 0.32 467.0 351.0 490.0 384.0
face 0.32 150.0 396.0 165.0 415.0
face 0.31 208.0 299.0 237.0 330.0
face 0.31 665.0 246.0 676.0 260.0
face 0.31 1.0 368.0 14.0 388.0
face 0.30 121.0 100.0 146.0 132.0
face 0.30 677.0 268.0 693.0 286.0
