face 1.00 569.0 240.0 608.0 290.0
face 1.00 746.0 125.0 771.0 156.0
face 1.00 648.0 101.0 672.0 131.0
face 1.00 840.0 95.0 864.0 126.0
face 1.00 851.0 182.0 880.0 216.0
face 1.00 439.0 103.0 464.0 131.0
face 1.00 243.0 169.0 276.0 209.0
face 0.99 491.0 111.0 513.0 136.0
face 0.99 111.0 81.0 140.0 116.0
face 0.99 375.0 108.0 399.0 138.0
face 0.99 487.0 66.0 507.0 90.0
face 0.99 875.0 104.0 892.0 124.0
face 0.98 250.0 46.0 269.0 70.0
face 0.98 559.0 46.0 580.0 73.0
face 0.98 509.0 142.0 535.0 174.0
face 0.98 985.0 131.0 1005.0 154.0
face 0.98 523.0 92.0 545.0 120.0
face 0.98 277.0 92.0 300.0 123.0
face 0.97 699.0 136.0 722.0 163.0
face 0.97 560.0 133.0 584.0 161.0
face 0.97 776.0 99.0 801.0 129.0
face 0.97 607.0 48.0 621.0 64.0
face 0.97 932.0 89.0 947.0 108.0
face 0.96 696.0 76.0 711.0 96.0
face 0.96 906.0 97.0 927.0 122.0
face 0.95 541.0 69.0 557.0 87.0
face 0.95 743.0 49.0 755.0 63.0
face 0.94 71.0 81.0 91.0 106.0
face 0.94 304.0 76.0 323.0 103.0
face 0.93 405.0 64.0 421.0 85.0
face 0.93 1004.0 75.0 1021.0 96.0
face 0.93 172.0 81.0 191.0 104.0
face 0.93 943.0 127.0 966.0 152.0
face 0.93 670.0 175.0 701.0 215.0
face 0.92 996.0 33.0 1011.0 52.0
face 0.92 68.0 32.0 84.0 52.0
face 0.92 840.0 23.0 853.0 40.0
face 0.92 229.0 84.0 249.0 109.0
face 0.89 784.0 44.0 799.0 60.0
face 0.89 113.0 27.0 127.0 43.0
face 0.89 0.0 34.0 14.0 55.0
face 0.89 652.0 42.0 666.0 58.0
face 0.89 810.0 78.0 828.0 100.0
face 0.87 822.0 22.0 835.0 40.0
face 0.87 925.0 35.0 940.0 53.0
face 0.84 919.0 17.0 935.0 37.0
face 0.83 588.0 79.0 604.0 98.0
face 0.82 882.0 168.0 903.0 196.0
face 0.82 504.0 50.0 518.0 67.0
face 0.82 251.0 94.0 274.0 124.0
face 0.81 890.0 140.0 912.0 167.0
face 0.80 15.0 4.0 30.0 22.0
face 0.79 330.0 119.0 350.0 147.0
face 0.77 952.0 81.0 974.0 108.0
face 0.76 486.0 3.0 498.0 18.0
face 0.75 567.0 21.0 578.0 34.0
face 0.73 200.0 38.0 217.0 58.0
face 0.73 466.0 39.0 481.0 58.0
face 0.72 674.0 49.0 695.0 76.0
face 0.70 950.0 52.0 967.0 72.0
face 0.69 442.0 71.0 460.0 91.0
face 0.68 372.0 82.0 392.0 106.0
face 0.67 591.0 108.0 619.0 138.0
face 0.64 713.0 100.0 732.0 123.0
face 0.64 262.0 2.0 306.0 43.0
face 0.64 197.0 95.0 218.0 120.0
face 0.64 290.0 67.0 305.0 85.0
face 0.63 643.0 76.0 662.0 96.0
face 0.62 46.0 8.0 63.0 28.0
face 0.61 393.0 104.0 415.0 135.0
face 0.57 204.0 119.0 221.0 138.0
face 0.55 457.0 7.0 478.0 33.0
face 0.55 91.0 61.0 107.0 79.0
face 0.55 812.0 35.0 825.0 50.0
face 0.53 286.0 41.0 301.0 59.0
face 0.51 511.0 67.0 526.0 86.0
face 0.51 672.0 11.0 690.0 32.0
face 0.51 653.0 21.0 664.0 35.0
face 0.50 524.0 46.0 536.0 59.0
face 0.49 727.0 38.0 739.0 53.0
face 0.49 314.0 16.0 330.0 36.0
face 0.48 963.0 117.0 985.0 144.0
face 0.48 2.0 4.0 15.0 23.0
face 0.48 483.0 27.0 501.0 48.0
face 0.46 477.0 71.0 495.0 93.0
face 0.46 14.0 66.0 26.0 81.0
face 0.46 50.0 74.0 65.0 92.0
face 0.45 137.0 -1.0 160.0 22.0
face 0.45 772.0 27.0 789.0 46.0
face 0.44 279.0 486.0 306.0 518.0
face 0.44 798.0 22.0 809.0 36.0
face 0.44 429.0 10.0 444.0 29.0
face 0.44 87.0 14.0 99.0 28.0
face 0.44 575.0 34.0 591.0 53.0
face 0.43 627.0 12.0 642.0 30.0
face 0.43 551.0 20.0 562.0 33.0
face 0.43 647.0 11.0 659.0 26.0
face 0.42 1011.0 31.0 1025.0 52.0
face 0.42 872.0 78.0 882.0 90.0
face 0.42 582.0 82.0 595.0 98.0
face 0.42 708.0 68.0 721.0 84.0
face 0.42 128.0 21.0 140.0 35.0
face 0.42 167.0 50.0 183.0 69.0
face 0.41 516.0 4.0 540.0 32.0
face 0.41 621.0 245.0 635.0 264.0
face 0.41 631.0 48.0 643.0 63.0
face 0.40 399.0 1.0 421.0 26.0
face 0.40 575.0 2.0 590.0 21.0
face 0.40 669.0 151.0 684.0 169.0
face 0.39 806.0 28.0 820.0 45.0
face 0.39 307.0 58.0 325.0 80.0
face 0.39 520.0 10.0 532.0 27.0
face 0.39 320.0 3.0 346.0 28.0
face 0.38 602.0 20.0 618.0 38.0
face 0.38 462.0 299.0 474.0 313.0
face 0.38 376.0 12.0 387.0 26.0
face 0.38 836.0 6.0 850.0 22.0
face 0.37 381.0 9.0 396.0 27.0
face 0.37 376.0 43.0 388.0 58.0
face 0.37 338.0 26.0 352.0 43.0
face 0.37 822.0 13.0 834.0 28.0
face 0.37 702.0 71.0 716.0 90.0
face 0.36 750.0 30.0 762.0 44.0
face 0.36 879.0 27.0 890.0 41.0
face 0.36 633.0 27.0 645.0 41.0
face 0.35 910.0 74.0 926.0 91.0
face 0.35 1.0 113.0 18.0 135.0
face 0.34 442.0 26.0 458.0 44.0
face 0.34 772.0 75.0 789.0 95.0
face 0.34 604.0 -2.0 631.0 24.0
face 0.34 211.0 50.0 226.0 68.0
face 0.34 407.0 27.0 421.0 43.0
face 0.33 964.0 64.0 982.0 86.0
face 0.33 301.0 310.0 313.0 324.0
face 0.33 213.0 68.0 225.0 83.0
face 0.33 467.0 163.0 481.0 180.0
face 0.33 413.0 -1.0 425.0 12.0
face 0.33 263.0 69.0 274.0 83.0
face 0.33 479.0 21.0 494.0 39.0
face 0.33 325.0 91.0 345.0 112.0
face 0.32 524.0 20.0 537.0 36.0
face 0.32 865.0 605.0 974.0 742.0
face 0.32 581.0 30.0 594.0 46.0
face 0.32 687.0 258.0 713.0 293.0
face 0.32 266.0 3.0 287.0 27.0
face 0.32 933.0 581.0 950.0 599.0
face 0.32 857.0 9.0 877.0 32.0
face 0.32 581.0 21.0 596.0 38.0
face 0.32 617.0 385.0 638.0 407.0
face 0.32 299.0 10.0 316.0 33.0
face 0.32 860.0 105.0 878.0 126.0
face 0.32 736.0 19.0 749.0 34.0
face 0.32 278.0 166.0 308.0 204.0
face 0.32 493.0 44.0 504.0 58.0
face 0.32 574.0 12.0 586.0 27.0
face 0.32 956.0 115.0 974.0 136.0
face 0.32 71.0 3.0 86.0 21.0
face 0.31 -2.0 75.0 10.0 93.0
face 0.31 37.0 0.0 50.0 12.0
face 0.31 822.0 155.0 850.0 187.0
face 0.31 803.0 58.0 823.0 80.0
face 0.31 573.0 21.0 585.0 34.0
face 0.31 335.0 20.0 346.0 34.0
face 0.31 559.0 389.0 607.0 443.0
face 0.31 220.0 37.0 233.0 53.0
face 0.31 455.0 45.0 466.0 59.0
face 0.31 381.0 76.0 393.0 92.0
face 0.31 813.0 198.0 826.0 211.0
face 0.31 27.0 75.0 41.0 93.0
face 0.30 654.0 158.0 665.0 171.0
face 0.30 464.0 159.0 475.0 172.0
face 0.30 277.0 60.0 289.0 74.0
face 0.30 177.0 160.0 201.0 189.0
face 0.30 437.0 20.0 452.0 37.0
face 0.30 56.0 80.0 83.0 108.0
face 0.30 589.0 19.0 602.0 36.0
face 0.30 203.0 134.0 233.0 173.0
face 0.30 134.0 4.0 146.0 18.0
face 0.30 240.0 243.0 290.0 300.0
face 0.30 492.0 18.0 509.0 40.0
face 0.30 373.0 -1.0 386.0 12.0
face 0.30 1015.0 22.0 1025.0 37.0
face 0.30 982.0 250.0 998.0 269.0
