face 1.00 493.0 368.0 510.0 390.0
face 1.00 316.0 305.0 333.0 326.0
face 1.00 195.0 372.0 213.0 394.0
face 1.00 307.0 371.0 326.0 394.0
face 1.00 452.0 342.0 469.0 363.0
face 1.00 904.0 383.0 924.0 406.0
face 1.00 805.0 322.0 821.0 342.0
face 1.00 286.0 290.0 300.0 309.0
face 1.00 624.0 347.0 639.0 365.0
face 1.00 845.0 372.0 863.0 394.0
face 1.00 370.0 370.0 386.0 391.0
face 1.00 350.0 343.0 367.0 364.0
face 1.00 612.0 381.0 629.0 403.0
face 1.00 113.0 299.0 130.0 322.0
face 1.00 405.0 309.0 421.0 328.0
face 1.00 252.0 269.0 266.0 287.0
face 1.00 249.0 371.0 266.0 391.0
face 1.00 428.0 374.0 447.0 396.0
face 1.00 555.0 378.0 572.0 401.0
face 1.00 664.0 211.0 677.0 227.0
face 1.00 605.0 243.0 620.0 262.0
face 1.00 88.0 323.0 109.0 349.0
face 1.00 649.0 316.0 665.0 336.0
face 1.00 893.0 267.0 907.0 285.0
face 1.00 692.0 354.0 707.0 371.0
face 1.00 368.0 291.0 382.0 311.0
face 1.00 311.0 248.0 326.0 266.0
face 0.99 538.0 348.0 554.0 369.0
face 0.99 500.0 264.0 513.0 281.0
face 0.99 500.0 313.0 517.0 335.0
face 0.99 338.0 265.0 352.0 283.0
face 0.99 913.0 290.0 927.0 308.0
face 0.99 745.0 252.0 758.0 268.0
face 0.99 420.0 267.0 436.0 286.0
face 0.99 456.0 290.0 471.0 309.0
face 0.99 397.0 244.0 410.0 260.0
face 0.99 172.0 257.0 187.0 278.0
face 0.99 833.0 297.0 848.0 317.0
face 0.99 362.0 229.0 376.0 247.0
face 0.99 767.0 351.0 781.0 370.0
face 0.99 783.0 384.0 800.0 404.0
face 0.99 803.0 155.0 815.0 172.0
face 0.99 874.0 247.0 885.0 262.0
face 0.99 727.0 383.0 744.0 405.0
face 0.99 441.0 235.0 454.0 252.0
face 0.99 503.0 234.0 516.0 250.0
face 0.99 536.0 252.0 551.0 270.0
face 0.99 447.0 202.0 460.0 218.0
face 0.98 713.0 272.0 727.0 290.0
face 0.98 613.0 294.0 628.0 313.0
face 0.98 540.0 297.0 554.0 314.0
face 0.98 600.0 188.0 611.0 201.0
face 0.98 648.0 266.0 662.0 285.0
face 0.98 785.0 274.0 799.0 291.0
face 0.98 687.0 296.0 703.0 316.0
face 0.98 727.0 312.0 742.0 330.0
face 0.98 511.0 171.0 521.0 184.0
face 0.98 395.0 170.0 409.0 187.0
face 0.97 833.0 203.0 847.0 220.0
face 0.97 465.0 252.0 477.0 267.0
face 0.97 382.0 204.0 395.0 220.0
face 0.97 201.0 222.0 215.0 241.0
face 0.97 584.0 316.0 598.0 333.0
face 0.97 456.0 174.0 468.0 188.0
face 0.97 849.0 226.0 861.0 242.0
face 0.96 629.0 200.0 641.0 215.0
face 0.96 758.0 190.0 768.0 204.0
face 0.96 663.0 378.0 681.0 400.0
face 0.96 597.0 165.0 609.0 179.0
face 0.96 823.0 181.0 834.0 195.0
face 0.96 568.0 234.0 580.0 249.0
face 0.96 856.0 355.0 871.0 374.0
face 0.96 331.0 218.0 343.0 233.0
face 0.96 231.0 199.0 246.0 216.0
face 0.95 327.0 173.0 339.0 186.0
face 0.95 780.0 222.0 791.0 235.0
face 0.95 763.0 229.0 775.0 244.0
face 0.95 768.0 292.0 783.0 311.0
face 0.95 655.0 190.0 666.0 205.0
face 0.95 309.0 203.0 321.0 218.0
face 0.94 673.0 245.0 688.0 263.0
face 0.94 548.0 165.0 557.0 177.0
face 0.94 413.0 214.0 425.0 228.0
face 0.94 566.0 201.0 577.0 215.0
face 0.94 518.0 114.0 550.0 147.0
face 0.94 704.0 231.0 716.0 247.0
face 0.94 628.0 178.0 639.0 193.0
face 0.94 245.0 185.0 257.0 201.0
face 0.93 788.0 151.0 799.0 164.0
face 0.93 349.0 185.0 361.0 199.0
face 0.93 285.0 234.0 297.0 250.0
face 0.93 282.0 148.0 294.0 164.0
face 0.93 256.0 343.0 274.0 363.0
face 0.92 542.0 187.0 554.0 203.0
face 0.92 258.0 174.0 270.0 188.0
face 0.91 137.0 274.0 153.0 294.0
face 0.91 505.0 205.0 516.0 218.0
face 0.90 272.0 163.0 284.0 178.0
face 0.90 801.0 253.0 814.0 270.0
face 0.90 658.0 165.0 668.0 177.0
face 0.89 577.0 269.0 591.0 286.0
face 0.89 224.0 317.0 240.0 337.0
face 0.88 474.0 215.0 486.0 230.0
face 0.88 310.0 131.0 321.0 144.0
face 0.87 435.0 163.0 447.0 177.0
face 0.86 486.0 191.0 496.0 204.0
face 0.86 420.0 190.0 431.0 205.0
face 0.86 367.0 161.0 379.0 176.0
face 0.85 744.0 204.0 756.0 218.0
face 0.85 606.0 209.0 618.0 224.0
face 0.84 486.0 161.0 500.0 178.0
face 0.84 568.0 174.0 579.0 187.0
face 0.83 297.0 142.0 309.0 157.0
face 0.83 733.0 458.0 747.0 475.0
face 0.82 151.0 381.0 171.0 405.0
face 0.81 728.0 180.0 743.0 196.0
face 0.81 640.0 235.0 651.0 250.0
face 0.80 704.0 166.0 715.0 179.0
face 0.80 690.0 200.0 701.0 214.0
face 0.79 721.0 212.0 734.0 227.0
face 0.78 541.0 208.0 553.0 223.0
face 0.76 462.0 148.0 474.0 162.0
face 0.73 574.0 149.0 586.0 164.0
face 0.71 343.0 152.0 353.0 164.0
face 0.68 438.0 29.0 501.0 90.0
face 0.63 783.0 318.0 795.0 333.0
face 0.62 678.0 129.0 705.0 161.0
face 0.62 623.0 324.0 636.0 338.0
face 0.61 359.0 444.0 386.0 476.0
face 0.61 589.0 294.0 601.0 308.0
face 0.59 678.0 157.0 689.0 169.0
face 0.51 359.0 173.0 370.0 186.0
face 0.51 653.0 254.0 666.0 268.0
face 0.48 717.0 155.0 727.0 169.0
face 0.47 972.0 364.0 1001.0 397.0
face 0.47 736.0 161.0 749.0 177.0
face 0.47 712.0 189.0 723.0 202.0
face 0.46 406.0 118.0 436.0 155.0
face 0.45 681.0 182.0 691.0 194.0
face 0.45 820.0 356.0 832.0 371.0
face 0.45 462.0 111.0 491.0 146.0
face 0.44 556.0 274.0 570.0 291.0
face 0.44 777.0 137.0 790.0 154.0
face 0.43 622.0 123.0 652.0 155.0
face 0.42 639.0 167.0 649.0 178.0
face 0.41 349.0 295.0 360.0 308.0
face 0.41 686.0 235.0 700.0 252.0
face 0.39 878.0 292.0 889.0 307.0
face 0.39 577.0 130.0 597.0 152.0
face 0.38 526.0 293.0 538.0 308.0
face 0.38 863.0 228.0 875.0 242.0
face 0.38 424.0 457.0 438.0 475.0
face 0.38 719.0 253.0 733.0 268.0
face 0.37 664.0 182.0 674.0 195.0
face 0.37 340.0 304.0 355.0 325.0
face 0.37 701.0 324.0 712.0 338.0
face 0.37 830.0 373.0 844.0 391.0
face 0.36 687.0 168.0 697.0 179.0
face 0.36 478.0 173.0 489.0 186.0
face 0.36 811.0 360.0 827.0 380.0
face 0.36 671.0 181.0 681.0 193.0
face 0.35 168.0 325.0 178.0 339.0
face 0.35 581.0 172.0 594.0 186.0
face 0.35 686.0 174.0 697.0 187.0
face 0.35 470.0 198.0 481.0 211.0
face 0.35 713.0 182.0 723.0 195.0
face 0.35 187.0 245.0 201.0 262.0
face 0.35 430.0 181.0 441.0 195.0
face 0.35 615.0 197.0 627.0 211.0
face 0.34 484.0 339.0 498.0 356.0
face 0.34 647.0 357.0 658.0 371.0
face 0.34 701.0 337.0 715.0 356.0
face 0.34 358.0 165.0 370.0 178.0
face 0.34 743.0 238.0 755.0 251.0
face 0.34 464.0 199.0 475.0 213.0
face 0.34 550.0 196.0 561.0 210.0
face 0.34 929.0 308.0 951.0 337.0
face 0.34 711.0 196.0 722.0 209.0
face 0.34 829.0 231.0 841.0 244.0
face 0.33 278.0 277.0 290.0 290.0
face 0.33 349.0 312.0 366.0 332.0
face 0.33 620.0 330.0 636.0 348.0
face 0.33 407.0 356.0 418.0 371.0
face 0.33 135.0 305.0 151.0 324.0
face 0.33 534.0 173.0 546.0 186.0
face 0.32 429.0 301.0 441.0 315.0
face 0.32 893.0 300.0 905.0 314.0
face 0.32 773.0 126.0 785.0 140.0
face 0.32 659.0 348.0 672.0 363.0
face 0.32 487.0 206.0 498.0 218.0
face 0.32 424.0 173.0 434.0 186.0
face 0.32 542.0 333.0 553.0 346.0
face 0.32 519.0 143.0 531.0 157.0
face 0.32 478.0 165.0 490.0 179.0
face 0.32 534.0 165.0 544.0 178.0
face 0.31 582.0 180.0 596.0 195.0
face 0.31 423.0 165.0 433.0 177.0
face 0.31 446.0 188.0 458.0 202.0
face 0.31 591.0 212.0 602.0 226.0
face 0.31 735.0 198.0 746.0 211.0
face 0.31 606.0 173.0 618.0 186.0
face 0.31 646.0 220.0 659.0 237.0
face 0.31 693.0 274.0 709.0 293.0
face 0.31 845.0 354.0 862.0 373.0
face 0.31 575.0 190.0 586.0 203.0
face 0.31 647.0 181.0 658.0 195.0
face 0.30 718.0 198.0 730.0 210.0
face 0.30 301.0 450.0 318.0 472.0
face 0.30 333.0 196.0 348.0 212.0
face 0.30 487.0 213.0 498.0 226.0
face 0.30 525.0 212.0 537.0 227.0
face 0.30 695.0 174.0 706.0 187.0
face 0.30 461.0 325.0 476.0 341.0
face 0.30 710.0 206.0 721.0 218.0
face 0.30 795.0 456.0 810.0 475.0
face 0.30 364.0 186.0 379.0 205.0
face 0.30 476.0 290.0 492.0 309.0
