face 1.00 448.0 417.0 468.0 443.0
face 1.00 631.0 426.0 653.0 454.0
face 1.00 571.0 423.0 592.0 449.0
face 1.00 835.0 326.0 857.0 352.0
face 1.00 135.0 312.0 158.0 342.0
face 1.00 567.0 339.0 582.0 359.0
face 1.00 477.0 315.0 496.0 337.0
face 1.00 896.0 334.0 920.0 363.0
face 1.00 250.0 383.0 273.0 408.0
face 1.00 371.0 327.0 388.0 347.0
face 1.00 79.0 300.0 100.0 323.0
face 1.00 331.0 324.0 347.0 343.0
face 1.00 659.0 336.0 677.0 356.0
face 1.00 189.0 312.0 213.0 338.0
face 0.99 569.0 305.0 588.0 326.0
face 0.99 180.0 393.0 201.0 417.0
face 0.99 756.0 394.0 774.0 413.0
face 0.99 413.0 320.0 430.0 338.0
face 0.99 523.0 318.0 540.0 337.0
face 0.98 211.0 342.0 231.0 364.0
face 0.98 714.0 374.0 734.0 397.0
face 0.97 683.0 333.0 698.0 351.0
face 0.97 706.0 333.0 722.0 353.0
face 0.96 510.0 428.0 529.0 452.0
face 0.96 785.0 354.0 801.0 372.0
face 0.96 328.0 389.0 346.0 410.0
face 0.95 157.0 328.0 178.0 350.0
face 0.95 292.0 323.0 308.0 341.0
face 0.94 639.0 310.0 656.0 331.0
face 0.94 797.0 403.0 817.0 424.0
face 0.90 610.0 315.0 630.0 337.0
face 0.89 746.0 341.0 764.0 361.0
face 0.81 590.0 316.0 607.0 337.0
face 0.78 388.0 382.0 409.0 406.0
face 0.67 301.0 448.0 317.0 469.0
face 0.66 280.0 383.0 300.0 406.0
face 0.60 337.0 357.0 354.0 376.0
face 0.55 486.0 394.0 500.0 410.0
face 0.55 541.0 324.0 556.0 341.0
face 0.54 226.0 397.0 240.0 414.0
face 0.54 107.0 245.0 128.0 268.0
face 0.51 507.0 334.0 521.0 350.0
face 0.46 795.0 89.0 823.0 120.0
face 0.44 210.0 380.0 229.0 401.0
face 0.43 269.0 183.0 280.0 197.0
face 0.43 367.0 431.0 383.0 452.0
face 0.43 838.0 421.0 850.0 436.0
face 0.43 471.0 358.0 482.0 373.0
face 0.42 647.0 349.0 659.0 363.0
face 0.41 766.0 338.0 779.0 353.0
face 0.40 390.0 269.0 401.0 282.0
face 0.40 396.0 429.0 412.0 447.0
face 0.39 286.0 451.0 298.0 466.0
face 0.39 442.0 323.0 459.0 340.0
face 0.39 472.0 268.0 484.0 282.0
face 0.37 740.0 294.0 767.0 326.0
face 0.37 264.0 432.0 280.0 451.0
face 0.35 350.0 269.0 361.0 282.0
face 0.35 580.0 121.0 599.0 141.0
face 0.35 495.0 390.0 506.0 404.0
face 0.35 526.0 365.0 538.0 381.0
face 0.35 781.0 396.0 797.0 414.0
face 0.34 717.0 425.0 735.0 447.0
face 0.34 748.0 146.0 766.0 167.0
face 0.33 626.0 400.0 643.0 420.0
face 0.33 291.0 356.0 306.0 374.0
face 0.33 541.0 440.0 555.0 458.0
face 0.33 734.0 339.0 748.0 357.0
face 0.32 687.0 373.0 698.0 387.0
face 0.32 311.0 319.0 322.0 333.0
face 0.32 632.0 355.0 646.0 373.0
face 0.32 460.0 317.0 475.0 336.0
face 0.31 655.0 375.0 666.0 388.0
face 0.31 678.0 394.0 695.0 412.0
face 0.31 959.0 252.0 975.0 270.0
face 0.31 650.0 403.0 667.0 423.0
face 0.31 432.0 350.0 443.0 362.0
face 0.31 384.0 347.0 398.0 364.0
face 0.31 695.0 314.0 709.0 331.0
face 0.30 581.0 270.0 593.0 284.0
face 0.30 740.0 386.0 756.0 405.0
