face 1.00 531.0 543.0 552.0 571.0
face 0.97 584.0 565.0 608.0 593.0
face 0.96 950.0 551.0 1021.0 640.0
face 0.87 584.0 525.0 597.0 543.0
face 0.86 348.0 506.0 367.0 529.0
face 0.85 900.0 523.0 923.0 555.0
face 0.75 506.0 422.0 518.0 436.0
face 0.71 937.0 468.0 950.0 485.0
face 0.58 82.0 522.0 103.0 544.0
face 0.55 943.0 503.0 957.0 520.0
face 0.43 496.0 335.0 509.0 351.0
face 0.42 511.0 333.0 525.0 350.0
face 0.40 16.0 559.0 38.0 590.0
face 0.39 902.0 515.0 921.0 537.0
face 0.37 0.0 581.0 22.0 611.0
face 0.36 76.0 543.0 108.0 589.0
face 0.35 634.0 651.0 663.0 689.0
face 0.34 590.0 516.0 603.0 531.0
face 0.34 392.0 622.0 404.0 637.0
face 0.33 611.0 516.0 624.0 532.0
face 0.33 558.0 514.0 574.0 533.0
face 0.33 86.0 502.0 98.0 516.0
face 0.32 959.0 499.0 975.0 516.0
face 0.32 449.0 523.0 471.0 552.0
face 0.32 518.0 509.0 531.0 524.0
face 0.32 510.0 540.0 523.0 554.0
face 0.31 246.0 526.0 258.0 540.0
face 0.31 572.0 540.0 588.0 557.0
face 0.30 249.0 330.0 263.0 351.0
face 0.30 693.0 171.0 707.0 187.0
