face 1.00 911.0 324.0 943.0 363.0
face 1.00 440.0 241.0 462.0 268.0
face 1.00 119.0 275.0 141.0 301.0
face 0.98 840.0 354.0 865.0 382.0
face 0.96 660.0 340.0 689.0 377.0
face 0.96 953.0 234.0 972.0 256.0
face 0.95 257.0 201.0 275.0 221.0
face 0.94 289.0 238.0 306.0 257.0
face 0.94 610.0 242.0 629.0 262.0
face 0.94 818.0 251.0 842.0 279.0
face 0.93 858.0 204.0 877.0 225.0
face 0.92 85.0 194.0 101.0 213.0
face 0.90 901.0 218.0 920.0 239.0
face 0.86 798.0 412.0 829.0 451.0
face 0.84 935.0 563.0 986.0 621.0
face 0.76 919.0 261.0 931.0 277.0
face 0.75 769.0 345.0 795.0 376.0
face 0.74 725.0 516.0 743.0 540.0
face 0.74 584.0 179.0 600.0 198.0
face 0.72 396.0 196.0 408.0 210.0
face 0.68 1007.0 334.0 1024.0 359.0
face 0.68 330.0 252.0 352.0 278.0
face 0.66 777.0 409.0 803.0 443.0
face 0.66 194.0 179.0 212.0 200.0
face 0.60 324.0 245.0 341.0 264.0
face 0.58 109.0 193.0 128.0 215.0
face 0.56 470.0 198.0 482.0 212.0
face 0.49 765.0 214.0 781.0 236.0
face 0.49 851.0 177.0 869.0 199.0
face 0.48 137.0 306.0 155.0 328.0
face 0.46 138.0 238.0 156.0 258.0
face 0.46 493.0 218.0 505.0 233.0
face 0.45 357.0 291.0 374.0 312.0
face 0.44 408.0 173.0 418.0 185.0
face 0.43 301.0 511.0 359.0 572.0
face 0.41 742.0 216.0 753.0 229.0
face 0.41 206.0 182.0 219.0 197.0
face 0.41 622.0 163.0 634.0 177.0
face 0.41 414.0 189.0 425.0 203.0
face 0.41 413.0 196.0 423.0 209.0
face 0.40 681.0 381.0 692.0 395.0
face 0.39 965.0 264.0 991.0 299.0
face 0.39 846.0 382.0 875.0 420.0
face 0.38 862.0 426.0 875.0 442.0
face 0.37 762.0 432.0 779.0 454.0
face 0.36 182.0 157.0 193.0 172.0
face 0.36 512.0 174.0 525.0 189.0
face 0.36 257.0 520.0 288.0 559.0
face 0.35 942.0 372.0 953.0 386.0
face 0.34 306.0 186.0 325.0 208.0
face 0.34 415.0 183.0 426.0 196.0
face 0.34 859.0 347.0 876.0 368.0
face 0.33 422.0 187.0 433.0 201.0
face 0.33 660.0 307.0 676.0 328.0
face 0.33 717.0 163.0 731.0 181.0
face 0.33 365.0 532.0 377.0 547.0
face 0.32 965.0 237.0 977.0 252.0
face 0.32 978.0 221.0 992.0 238.0
face 0.31 808.0 305.0 832.0 334.0
face 0.30 951.0 403.0 963.0 419.0
face 0.30 680.0 389.0 691.0 402.0
face 0.30 170.0 190.0 186.0 210.0
