face 0.94 564.0 125.0 580.0 145.0
face 0.92 28.0 93.0 44.0 112.0
face 0.92 541.0 92.0 557.0 112.0
face 0.89 307.0 79.0 323.0 97.0
face 0.88 602.0 105.0 624.0 130.0
face 0.87 244.0 89.0 260.0 108.0
face 0.82 164.0 199.0 192.0 233.0
face 0.78 484.0 92.0 503.0 111.0
face 0.76 222.0 100.0 235.0 116.0
face 0.68 117.0 85.0 145.0 118.0
face 0.66 328.0 73.0 345.0 93.0
face 0.66 263.0 99.0 277.0 117.0
face 0.63 807.0 86.0 834.0 117.0
face 0.63 653.0 152.0 679.0 182.0
face 0.60 300.0 103.0 315.0 121.0
face 0.58 176.0 105.0 191.0 125.0
face 0.58 102.0 69.0 116.0 84.0
face 0.56 899.0 248.0 922.0 273.0
face 0.49 143.0 155.0 155.0 170.0
face 0.48 273.0 99.0 289.0 117.0
face 0.46 520.0 104.0 536.0 123.0
face 0.45 833.0 70.0 850.0 87.0
face 0.44 782.0 100.0 794.0 114.0
face 0.43 439.0 303.0 474.0 346.0
face 0.43 135.0 109.0 165.0 144.0
face 0.43 158.0 89.0 175.0 108.0
face 0.41 997.0 85.0 1023.0 121.0
face 0.39 632.0 146.0 674.0 194.0
face 0.38 390.0 320.0 406.0 340.0
face 0.38 639.0 107.0 655.0 127.0
face 0.37 387.0 116.0 404.0 138.0
face 0.36 345.0 60.0 363.0 79.0
face 0.36 903.0 213.0 915.0 228.0
face 0.35 43.0 90.0 64.0 110.0
face 0.35 121.0 75.0 142.0 96.0
face 0.35 927.0 71.0 941.0 87.0
face 0.34 48.0 243.0 62.0 260.0
face 0.33 561.0 71.0 591.0 101.0
face 0.33 509.0 91.0 527.0 111.0
face 0.32 836.0 117.0 851.0 137.0
face 0.32 759.0 118.0 771.0 132.0
face 0.31 461.0 336.0 523.0 399.0
face 0.31 142.0 81.0 157.0 98.0
face 0.31 371.0 67.0 389.0 86.0
face 0.31 267.0 71.0 284.0 91.0
face 0.30 476.0 84.0 495.0 104.0
face 0.30 820.0 100.0 834.0 115.0
face 0.30 639.0 77.0 655.0 96.0
face 0.30 228.0 154.0 244.0 171.0
