face 1.00 463.0 613.0 483.0 639.0
face 1.00 675.0 633.0 710.0 673.0
face 0.99 821.0 617.0 858.0 663.0
face 0.99 534.0 614.0 554.0 637.0
face 0.88 500.0 634.0 513.0 650.0
face 0.87 278.0 210.0 318.0 254.0
face 0.79 782.0 622.0 796.0 640.0
face 0.77 640.0 636.0 653.0 653.0
face 0.67 978.0 633.0 1017.0 676.0
face 0.66 545.0 618.0 566.0 643.0
face 0.57 909.0 649.0 941.0 686.0
face 0.55 711.0 622.0 725.0 638.0
face 0.52 448.0 549.0 471.0 578.0
face 0.48 400.0 628.0 412.0 642.0
face 0.47 27.0 517.0 43.0 535.0
face 0.40 695.0 453.0 707.0 466.0
face 0.38 821.0 456.0 834.0 472.0
face 0.37 622.0 542.0 635.0 559.0
face 0.35 405.0 522.0 421.0 540.0
face 0.35 625.0 578.0 639.0 594.0
face 0.33 860.0 514.0 875.0 530.0
face 0.33 608.0 485.0 619.0 499.0
face 0.32 883.0 495.0 897.0 511.0
face 0.32 646.0 531.0 658.0 545.0
face 0.32 865.0 507.0 881.0 525.0
face 0.31 909.0 493.0 921.0 507.0
face 0.31 31.0 549.0 46.0 567.0
face 0.31 338.0 442.0 354.0 460.0
face 0.30 583.0 573.0 594.0 587.0
