face 1.00 745.0 86.0 776.0 127.0
face 1.00 141.0 80.0 175.0 126.0
face 1.00 371.0 90.0 402.0 130.0
face 1.00 300.0 77.0 327.0 110.0
face 1.00 423.0 82.0 452.0 118.0
face 1.00 763.0 44.0 793.0 86.0
face 1.00 814.0 91.0 846.0 138.0
face 1.00 544.0 88.0 580.0 135.0
face 1.00 598.0 86.0 629.0 129.0
face 1.00 169.0 67.0 195.0 105.0
face 0.99 927.0 184.0 940.0 200.0
face 0.98 19.0 103.0 48.0 136.0
face 0.97 999.0 135.0 1013.0 151.0
face 0.97 956.0 159.0 971.0 178.0
face 0.94 627.0 110.0 655.0 147.0
face 0.93 964.0 183.0 978.0 200.0
face 0.90 1001.0 180.0 1018.0 198.0
face 0.87 942.0 134.0 957.0 151.0
face 0.86 948.0 180.0 960.0 194.0
face 0.76 1004.0 161.0 1019.0 179.0
face 0.63 449.0 98.0 475.0 128.0
face 0.43 881.0 178.0 894.0 195.0
face 0.41 668.0 183.0 725.0 249.0
face 0.38 717.0 48.0 728.0 61.0
face 0.37 455.0 323.0 486.0 366.0
face 0.37 615.0 223.0 628.0 238.0
face 0.36 910.0 133.0 921.0 147.0
face 0.35 884.0 230.0 898.0 247.0
face 0.35 863.0 93.0 873.0 106.0
face 0.31 888.0 213.0 899.0 227.0
