face 1.00 942.0 260.0 986.0 319.0
face 1.00 86.0 263.0 122.0 308.0
face 1.00 181.0 315.0 200.0 339.0
face 1.00 357.0 295.0 379.0 321.0
face 0.99 502.0 305.0 524.0 329.0
face 0.97 0.0 313.0 15.0 337.0
face 0.95 659.0 269.0 690.0 307.0
face 0.91 695.0 258.0 718.0 286.0
face 0.90 754.0 306.0 772.0 325.0
face 0.90 775.0 297.0 790.0 315.0
face 0.90 461.0 319.0 476.0 338.0
face 0.89 277.0 298.0 305.0 330.0
face 0.88 383.0 299.0 401.0 320.0
face 0.87 582.0 252.0 613.0 296.0
face 0.86 435.0 302.0 457.0 326.0
face 0.84 466.0 292.0 481.0 309.0
face 0.77 481.0 309.0 497.0 327.0
face 0.76 742.0 354.0 754.0 369.0
face 0.64 787.0 300.0 804.0 319.0
face 0.64 142.0 316.0 165.0 347.0
face 0.63 219.0 471.0 244.0 498.0
face 0.57 419.0 308.0 432.0 323.0
face 0.56 203.0 322.0 216.0 341.0
face 0.56 301.0 299.0 318.0 320.0
face 0.46 420.0 382.0 435.0 398.0
face 0.44 57.0 290.0 75.0 310.0
face 0.44 751.0 234.0 768.0 257.0
face 0.42 210.0 308.0 225.0 326.0
face 0.39 462.0 299.0 475.0 313.0
face 0.38 597.0 309.0 610.0 325.0
face 0.37 232.0 287.0 245.0 303.0
face 0.37 4.0 298.0 20.0 318.0
face 0.36 292.0 307.0 305.0 324.0
face 0.35 694.0 396.0 708.0 413.0
face 0.35 1011.0 298.0 1024.0 318.0
face 0.35 235.0 314.0 251.0 334.0
face 0.34 325.0 307.0 340.0 325.0
face 0.33 216.0 244.0 228.0 258.0
face 0.33 403.0 323.0 418.0 341.0
face 0.32 929.0 270.0 956.0 303.0
face 0.31 993.0 0.0 1011.0 20.0
face 0.31 244.0 316.0 259.0 334.0
face 0.31 1004.0 307.0 1019.0 326.0
face 0.31 1000.0 310.0 1011.0 323.0
face 0.31 12.0 293.0 25.0 308.0
face 0.30 314.0 285.0 328.0 301.0
face 0.30 236.0 296.0 253.0 317.0
