face 1.00 864.0 252.0 964.0 367.0
face 1.00 87.0 250.0 118.0 288.0
face 1.00 419.0 250.0 532.0 382.0
face 1.00 118.0 268.0 156.0 323.0
face 1.00 175.0 267.0 246.0 353.0
face 1.00 753.0 260.0 786.0 301.0
face 0.99 666.0 303.0 706.0 364.0
face 0.67 177.0 287.0 206.0 322.0
face 0.65 939.0 114.0 955.0 133.0
face 0.59 214.0 382.0 256.0 432.0
face 0.57 565.0 238.0 627.0 325.0
face 0.46 916.0 339.0 934.0 362.0
face 0.43 621.0 457.0 667.0 511.0
face 0.40 293.0 274.0 327.0 319.0
face 0.36 87.0 -3.0 200.0 107.0
face 0.35 657.0 251.0 675.0 273.0
face 0.32 605.0 126.0 663.0 206.0
face 0.32 972.0 196.0 1025.0 261.0
face 0.32 990.0 121.0 1008.0 141.0
face 0.30 457.0 301.0 482.0 332.0
