face 1.00 453.0 217.0 500.0 275.0
face 1.00 203.0 165.0 251.0 228.0
face 1.00 912.0 268.0 951.0 316.0
face 1.00 49.0 128.0 101.0 193.0
face 0.99 704.0 216.0 746.0 266.0
face 0.88 399.0 240.0 421.0 269.0
face 0.82 367.0 456.0 390.0 488.0
face 0.81 869.0 296.0 884.0 314.0
face 0.56 205.0 177.0 224.0 201.0
face 0.45 576.0 290.0 594.0 312.0
face 0.41 531.0 471.0 582.0 545.0
face 0.40 369.0 293.0 397.0 326.0
face 0.39 389.0 269.0 401.0 284.0
face 0.37 892.0 425.0 925.0 458.0
face 0.37 76.0 399.0 99.0 427.0
face 0.37 672.0 51.0 687.0 69.0
face 0.36 382.0 244.0 393.0 258.0
face 0.34 333.0 250.0 360.0 282.0
face 0.34 981.0 294.0 1011.0 331.0
face 0.33 211.0 704.0 228.0 726.0
face 0.32 898.0 2.0 924.0 40.0
face 0.32 935.0 477.0 945.0 490.0
face 0.32 870.0 320.0 920.0 380.0
face 0.32 166.0 438.0 177.0 451.0
face 0.31 405.0 418.0 420.0 441.0
face 0.31 347.0 327.0 389.0 387.0
