face 0.91 678.0 270.0 689.0 284.0
face 0.89 882.0 451.0 898.0 471.0
face 0.89 687.0 327.0 702.0 346.0
face 0.87 295.0 240.0 310.0 259.0
face 0.85 655.0 283.0 668.0 300.0
face 0.81 847.0 365.0 858.0 379.0
face 0.77 134.0 370.0 146.0 384.0
face 0.73 655.0 253.0 665.0 266.0
face 0.73 908.0 366.0 920.0 380.0
face 0.71 713.0 300.0 726.0 316.0
face 0.69 943.0 422.0 955.0 435.0
face 0.65 1002.0 324.0 1014.0 339.0
face 0.61 982.0 756.0 994.0 770.0
face 0.59 86.0 393.0 103.0 413.0
face 0.58 997.0 357.0 1012.0 378.0
face 0.58 912.0 286.0 923.0 298.0
face 0.57 312.0 310.0 323.0 323.0
face 0.55 81.0 418.0 101.0 439.0
face 0.54 945.0 387.0 959.0 403.0
face 0.53 887.0 633.0 900.0 650.0
face 0.52 271.0 219.0 282.0 232.0
face 0.51 866.0 397.0 882.0 415.0
face 0.50 719.0 277.0 730.0 290.0
face 0.50 691.0 257.0 705.0 274.0
face 0.49 141.0 391.0 153.0 406.0
face 0.49 996.0 588.0 1016.0 609.0
face 0.49 223.0 358.0 233.0 371.0
face 0.49 333.0 317.0 343.0 330.0
face 0.48 61.0 428.0 73.0 443.0
face 0.48 622.0 269.0 634.0 284.0
face 0.47 567.0 205.0 577.0 217.0
face 0.47 468.0 262.0 481.0 278.0
face 0.47 648.0 316.0 658.0 329.0
face 0.46 728.0 267.0 739.0 280.0
face 0.46 224.0 340.0 235.0 354.0
face 0.46 945.0 300.0 956.0 314.0
face 0.45 741.0 256.0 752.0 269.0
face 0.45 711.0 245.0 722.0 259.0
face 0.45 830.0 587.0 845.0 606.0
face 0.45 913.0 310.0 924.0 323.0
face 0.44 248.0 302.0 259.0 316.0
face 0.44 802.0 338.0 822.0 363.0
face 0.44 984.0 320.0 995.0 333.0
face 0.43 641.0 262.0 652.0 275.0
face 0.43 997.0 439.0 1009.0 453.0
face 0.42 445.0 270.0 456.0 283.0
face 0.42 106.0 402.0 123.0 421.0
face 0.42 877.0 348.0 889.0 363.0
face 0.42 429.0 244.0 440.0 257.0
face 0.42 327.0 309.0 337.0 321.0
face 0.42 963.0 314.0 976.0 331.0
face 0.42 272.0 398.0 284.0 411.0
face 0.41 915.0 316.0 927.0 330.0
face 0.40 995.0 722.0 1016.0 745.0
face 0.40 701.0 37.0 712.0 50.0
face 0.40 396.0 474.0 412.0 495.0
face 0.39 864.0 375.0 874.0 389.0
face 0.39 282.0 326.0 294.0 341.0
face 0.39 517.0 234.0 528.0 248.0
face 0.39 679.0 231.0 690.0 244.0
face 0.39 995.0 301.0 1008.0 316.0
face 0.38 951.0 607.0 985.0 643.0
face 0.38 895.0 587.0 922.0 620.0
face 0.38 301.0 380.0 313.0 394.0
face 0.37 937.0 276.0 950.0 291.0
face 0.36 363.0 300.0 375.0 316.0
face 0.36 389.0 301.0 400.0 314.0
face 0.36 536.0 237.0 546.0 250.0
face 0.36 870.0 166.0 881.0 178.0
face 0.36 829.0 389.0 841.0 402.0
face 0.36 836.0 387.0 850.0 403.0
face 0.35 964.0 386.0 979.0 404.0
face 0.35 949.0 395.0 960.0 409.0
face 0.35 637.0 301.0 648.0 315.0
face 0.35 663.0 244.0 674.0 257.0
face 0.35 331.0 462.0 369.0 516.0
face 0.35 45.0 396.0 57.0 411.0
face 0.35 337.0 292.0 350.0 309.0
face 0.34 463.0 268.0 475.0 281.0
face 0.34 933.0 310.0 944.0 323.0
face 0.34 235.0 315.0 250.0 335.0
face 0.34 928.0 156.0 941.0 174.0
face 0.34 969.0 295.0 979.0 307.0
face 0.34 566.0 228.0 577.0 241.0
face 0.34 284.0 251.0 298.0 267.0
face 0.33 930.0 396.0 944.0 412.0
face 0.33 1012.0 341.0 1025.0 359.0
face 0.33 934.0 390.0 945.0 403.0
face 0.33 829.0 522.0 846.0 545.0
face 0.33 942.0 450.0 957.0 468.0
face 0.33 991.0 461.0 1002.0 474.0
face 0.33 552.0 306.0 567.0 324.0
face 0.33 366.0 246.0 392.0 276.0
face 0.32 895.0 561.0 910.0 581.0
face 0.32 893.0 453.0 905.0 468.0
face 0.32 190.0 543.0 202.0 557.0
face 0.32 920.0 165.0 930.0 178.0
face 0.32 930.0 541.0 949.0 564.0
face 0.32 494.0 195.0 509.0 213.0
face 0.32 950.0 275.0 961.0 289.0
face 0.32 926.0 405.0 939.0 418.0
face 0.32 285.0 302.0 297.0 316.0
face 0.31 1008.0 294.0 1019.0 308.0
face 0.31 358.0 318.0 370.0 332.0
face 0.31 837.0 556.0 852.0 574.0
face 0.31 872.0 476.0 884.0 491.0
face 0.31 856.0 310.0 867.0 324.0
face 0.31 822.0 373.0 832.0 386.0
face 0.31 918.0 451.0 932.0 467.0
face 0.31 988.0 507.0 1004.0 524.0
face 0.31 510.0 246.0 520.0 259.0
face 0.31 810.0 451.0 828.0 473.0
face 0.31 902.0 335.0 913.0 349.0
face 0.31 883.0 425.0 902.0 446.0
face 0.31 992.0 308.0 1003.0 321.0
face 0.31 897.0 500.0 916.0 520.0
face 0.31 381.0 461.0 417.0 509.0
face 0.31 255.0 374.0 267.0 388.0
face 0.31 119.0 413.0 131.0 427.0
face 0.31 854.0 339.0 866.0 353.0
face 0.30 1000.0 330.0 1011.0 345.0
face 0.30 970.0 340.0 985.0 358.0
face 0.30 893.0 319.0 904.0 332.0
face 0.30 750.0 245.0 761.0 259.0
face 0.30 619.0 339.0 636.0 361.0
face 0.30 829.0 149.0 840.0 162.0
