face 1.00 976.0 339.0 997.0 367.0
face 1.00 572.0 307.0 605.0 345.0
face 0.99 251.0 505.0 325.0 601.0
face 0.98 240.0 337.0 278.0 378.0
face 0.96 729.0 306.0 754.0 336.0
face 0.90 697.0 291.0 711.0 309.0
face 0.84 10.0 265.0 57.0 336.0
face 0.82 762.0 313.0 784.0 338.0
face 0.82 548.0 297.0 571.0 324.0
face 0.79 849.0 364.0 922.0 445.0
face 0.78 428.0 312.0 444.0 335.0
face 0.77 942.0 317.0 962.0 342.0
face 0.69 81.0 374.0 137.0 442.0
face 0.69 340.0 331.0 372.0 370.0
face 0.68 250.0 405.0 278.0 440.0
face 0.66 68.0 389.0 108.0 433.0
face 0.64 896.0 308.0 912.0 327.0
face 0.61 829.0 316.0 841.0 331.0
face 0.60 262.0 419.0 295.0 458.0
face 0.60 143.0 302.0 194.0 369.0
face 0.58 845.0 311.0 857.0 327.0
face 0.56 453.0 279.0 471.0 300.0
face 0.48 368.0 588.0 382.0 604.0
face 0.47 262.0 252.0 275.0 267.0
face 0.47 574.0 258.0 586.0 273.0
face 0.47 352.0 261.0 408.0 314.0
face 0.46 853.0 324.0 866.0 340.0
face 0.45 600.0 332.0 612.0 348.0
face 0.45 759.0 285.0 771.0 299.0
face 0.43 637.0 313.0 651.0 331.0
face 0.42 655.0 332.0 666.0 345.0
face 0.39 645.0 314.0 661.0 333.0
face 0.38 612.0 303.0 635.0 331.0
face 0.38 828.0 502.0 857.0 539.0
face 0.37 366.0 406.0 377.0 420.0
face 0.37 711.0 315.0 723.0 329.0
face 0.37 652.0 309.0 665.0 323.0
face 0.36 509.0 280.0 539.0 319.0
face 0.36 37.0 237.0 49.0 252.0
face 0.36 59.0 229.0 73.0 246.0
face 0.35 805.0 312.0 822.0 332.0
face 0.35 814.0 355.0 829.0 373.0
face 0.35 414.0 247.0 441.0 281.0
face 0.35 455.0 431.0 467.0 445.0
face 0.34 996.0 298.0 1012.0 319.0
face 0.34 649.0 298.0 666.0 318.0
face 0.34 556.0 529.0 588.0 566.0
face 0.33 647.0 324.0 659.0 338.0
face 0.33 346.0 386.0 362.0 406.0
face 0.33 188.0 220.0 205.0 241.0
face 0.33 679.0 234.0 693.0 253.0
face 0.32 291.0 444.0 306.0 463.0
face 0.32 485.0 13.0 497.0 29.0
face 0.32 408.0 418.0 422.0 437.0
face 0.32 232.0 454.0 255.0 486.0
face 0.32 165.0 323.0 192.0 357.0
face 0.32 698.0 468.0 711.0 484.0
face 0.31 789.0 295.0 820.0 328.0
face 0.31 840.0 428.0 855.0 444.0
face 0.31 1015.0 364.0 1025.0 379.0
face 0.31 486.0 30.0 497.0 45.0
face 0.31 413.0 0.0 426.0 13.0
face 0.31 685.0 292.0 697.0 307.0
face 0.31 678.0 299.0 693.0 316.0
face 0.30 179.0 390.0 233.0 453.0
face 0.30 718.0 287.0 730.0 301.0
face 0.30 1006.0 308.0 1018.0 323.0
face 0.30 638.0 324.0 650.0 338.0
face 0.30 213.0 450.0 275.0 524.0
face 0.30 556.0 312.0 571.0 333.0
face 0.30 660.0 332.0 674.0 348.0
