face 1.00 519.0 341.0 546.0 376.0
face 1.00 1003.0 341.0 1026.0 376.0
face 1.00 10.0 410.0 25.0 429.0
face 1.00 584.0 277.0 601.0 302.0
face 0.99 475.0 273.0 495.0 298.0
face 0.97 13.0 478.0 30.0 500.0
face 0.81 254.0 465.0 278.0 494.0
face 0.74 52.0 431.0 66.0 448.0
face 0.63 694.0 17.0 823.0 179.0
face 0.59 38.0 428.0 49.0 442.0
face 0.49 895.0 422.0 907.0 436.0
face 0.47 879.0 433.0 892.0 448.0
face 0.44 63.0 450.0 75.0 465.0
face 0.43 941.0 393.0 959.0 413.0
face 0.42 653.0 436.0 664.0 450.0
face 0.41 312.0 471.0 323.0 484.0
face 0.39 157.0 469.0 168.0 482.0
face 0.38 971.0 442.0 985.0 460.0
face 0.37 256.0 445.0 267.0 457.0
face 0.36 568.0 242.0 581.0 260.0
face 0.33 502.0 294.0 514.0 310.0
face 0.33 110.0 454.0 121.0 467.0
face 0.33 138.0 459.0 154.0 477.0
face 0.32 106.0 466.0 123.0 488.0
face 0.32 1.0 492.0 12.0 508.0
face 0.31 354.0 561.0 368.0 579.0
