face 0.99 967.0 384.0 983.0 403.0
face 0.92 537.0 377.0 553.0 395.0
face 0.85 182.0 380.0 196.0 396.0
face 0.83 346.0 371.0 361.0 389.0
face 0.81 738.0 381.0 754.0 400.0
face 0.80 852.0 396.0 865.0 411.0
face 0.52 989.0 381.0 1005.0 400.0
face 0.51 579.0 380.0 597.0 400.0
face 0.49 41.0 358.0 59.0 378.0
face 0.40 397.0 375.0 426.0 411.0
face 0.38 91.0 356.0 108.0 376.0
face 0.33 759.0 388.0 771.0 402.0
face 0.32 589.0 381.0 600.0 395.0
face 0.31 617.0 351.0 637.0 375.0
face 0.31 649.0 322.0 684.0 362.0
