face 1.00 769.0 125.0 917.0 314.0
face 1.00 473.0 208.0 535.0 296.0
face 0.99 317.0 195.0 406.0 330.0
face 0.98 189.0 72.0 311.0 296.0
face 0.47 401.0 3.0 418.0 23.0
face 0.36 599.0 132.0 610.0 147.0
face 0.34 499.0 115.0 516.0 134.0
face 0.32 443.0 11.0 460.0 31.0
face 0.31 506.0 131.0 522.0 149.0
face 0.31 653.0 123.0 667.0 139.0
face 0.31 558.0 140.0 570.0 154.0
face 0.31 623.0 109.0 635.0 122.0
face 0.30 501.0 140.0 513.0 155.0
face 0.30 623.0 132.0 634.0 146.0
face 0.30 583.0 133.0 595.0 147.0
face 0.30 462.0 86.0 473.0 99.0
face 0.30 358.0 7.0 387.0 47.0
