face 1.00 408.0 318.0 519.0 458.0
face 1.00 917.0 424.0 1023.0 554.0
face 1.00 418.0 236.0 460.0 292.0
face 1.00 552.0 227.0 575.0 253.0
face 1.00 291.0 270.0 326.0 319.0
face 1.00 244.0 311.0 305.0 388.0
face 1.00 608.0 232.0 661.0 297.0
face 1.00 715.0 243.0 740.0 277.0
face 1.00 221.0 269.0 254.0 313.0
face 1.00 218.0 225.0 241.0 253.0
face 1.00 197.0 198.0 215.0 223.0
face 1.00 328.0 232.0 354.0 268.0
face 1.00 261.0 212.0 280.0 236.0
face 0.99 492.0 214.0 509.0 239.0
face 0.99 827.0 271.0 860.0 309.0
face 0.98 794.0 305.0 835.0 356.0
face 0.98 168.0 199.0 189.0 227.0
face 0.98 129.0 211.0 158.0 248.0
face 0.95 537.0 211.0 554.0 233.0
face 0.95 379.0 254.0 404.0 288.0
face 0.95 744.0 218.0 756.0 234.0
face 0.94 889.0 231.0 908.0 256.0
face 0.91 1012.0 227.0 1025.0 248.0
face 0.91 220.0 207.0 241.0 233.0
face 0.90 157.0 501.0 215.0 566.0
face 0.89 889.0 217.0 909.0 241.0
face 0.85 261.0 518.0 306.0 585.0
face 0.84 137.0 189.0 153.0 206.0
face 0.84 998.0 213.0 1015.0 234.0
face 0.84 683.0 227.0 698.0 247.0
face 0.80 742.0 241.0 756.0 259.0
face 0.79 1.0 238.0 31.0 278.0
face 0.78 689.0 259.0 716.0 295.0
face 0.72 766.0 206.0 777.0 219.0
face 0.69 728.0 500.0 756.0 536.0
face 0.67 338.0 218.0 354.0 237.0
face 0.65 386.0 187.0 403.0 206.0
face 0.64 105.0 196.0 123.0 217.0
face 0.63 870.0 177.0 886.0 198.0
face 0.62 228.0 188.0 244.0 206.0
face 0.62 796.0 222.0 809.0 236.0
face 0.59 366.0 303.0 377.0 317.0
face 0.57 925.0 260.0 978.0 322.0
face 0.56 24.0 309.0 50.0 338.0
face 0.56 478.0 191.0 491.0 210.0
face 0.54 297.0 199.0 317.0 224.0
face 0.53 457.0 241.0 486.0 282.0
face 0.52 720.0 204.0 734.0 220.0
face 0.51 343.0 191.0 353.0 204.0
face 0.51 790.0 205.0 805.0 223.0
face 0.47 96.0 10.0 114.0 32.0
face 0.45 979.0 333.0 1003.0 363.0
face 0.44 158.0 191.0 175.0 214.0
face 0.43 324.0 166.0 335.0 180.0
face 0.42 835.0 209.0 852.0 229.0
face 0.42 801.0 203.0 821.0 223.0
face 0.40 8.0 181.0 43.0 222.0
face 0.40 622.0 206.0 637.0 224.0
face 0.39 198.0 181.0 212.0 197.0
face 0.39 711.0 224.0 722.0 238.0
face 0.38 308.0 197.0 323.0 215.0
face 0.38 851.0 212.0 867.0 231.0
face 0.37 375.0 217.0 390.0 236.0
face 0.37 348.0 200.0 361.0 218.0
face 0.37 764.0 292.0 782.0 316.0
face 0.36 604.0 221.0 619.0 239.0
face 0.35 842.0 182.0 859.0 205.0
face 0.34 311.0 181.0 321.0 193.0
face 0.34 276.0 188.0 291.0 208.0
face 0.34 799.0 320.0 816.0 343.0
face 0.33 295.0 183.0 306.0 196.0
face 0.33 496.0 197.0 510.0 214.0
face 0.33 296.0 212.0 308.0 227.0
face 0.33 261.0 182.0 272.0 195.0
face 0.32 450.0 232.0 469.0 255.0
face 0.32 222.0 182.0 233.0 196.0
face 0.32 354.0 160.0 369.0 181.0
face 0.31 662.0 190.0 673.0 203.0
face 0.31 774.0 236.0 789.0 253.0
face 0.31 57.0 311.0 78.0 333.0
face 0.31 208.0 76.0 221.0 92.0
face 0.31 749.0 214.0 760.0 228.0
face 0.30 588.0 193.0 601.0 210.0
face 0.30 518.0 245.0 548.0 283.0
face 0.30 318.0 197.0 329.0 212.0
face 0.30 221.0 194.0 239.0 217.0
face 0.30 750.0 207.0 761.0 219.0
face 0.30 102.0 21.0 155.0 87.0
face 0.30 364.0 245.0 378.0 262.0
