face 1.00 42.0 98.0 108.0 179.0
face 1.00 728.0 112.0 792.0 192.0
face 1.00 859.0 171.0 930.0 259.0
face 1.00 187.0 93.0 252.0 182.0
face 1.00 332.0 155.0 393.0 235.0
face 1.00 601.0 138.0 659.0 216.0
face 1.00 396.0 155.0 441.0 215.0
face 1.00 660.0 185.0 705.0 241.0
face 1.00 522.0 222.0 568.0 277.0
face 1.00 269.0 185.0 322.0 251.0
face 0.99 -2.0 181.0 32.0 235.0
face 0.98 450.0 186.0 507.0 256.0
face 0.96 934.0 226.0 963.0 265.0
face 0.57 824.0 493.0 845.0 525.0
face 0.41 1006.0 583.0 1023.0 605.0
