face 1.00 589.0 177.0 648.0 244.0
face 0.97 841.0 134.0 901.0 210.0
face 0.96 281.0 209.0 331.0 261.0
face 0.92 72.0 152.0 129.0 217.0
face 0.70 128.0 144.0 151.0 178.0
face 0.69 489.0 96.0 561.0 201.0
face 0.51 217.0 119.0 241.0 148.0
face 0.47 98.0 44.0 121.0 74.0
face 0.46 105.0 171.0 125.0 194.0
face 0.45 833.0 333.0 843.0 346.0
face 0.44 590.0 76.0 634.0 128.0
face 0.42 499.0 247.0 519.0 272.0
face 0.40 677.0 309.0 688.0 322.0
face 0.37 158.0 221.0 173.0 239.0
face 0.36 157.0 283.0 170.0 300.0
face 0.34 215.0 248.0 240.0 279.0
face 0.33 903.0 52.0 949.0 117.0
face 0.32 711.0 201.0 734.0 228.0
face 0.32 923.0 226.0 940.0 247.0
face 0.31 654.0 274.0 704.0 324.0
face 0.31 885.0 139.0 944.0 209.0
