face 1.00 514.0 709.0 565.0 765.0
face 1.00 678.0 591.0 731.0 651.0
face 0.96 266.0 804.0 309.0 859.0
face 0.87 803.0 652.0 828.0 686.0
face 0.86 679.0 814.0 782.0 949.0
face 0.78 280.0 995.0 328.0 1051.0
face 0.68 450.0 937.0 506.0 1003.0
face 0.56 664.0 887.0 717.0 957.0
face 0.44 544.0 663.0 568.0 692.0
face 0.43 811.0 799.0 900.0 909.0
face 0.43 883.0 660.0 901.0 680.0
face 0.42 337.0 910.0 360.0 940.0
face 0.39 312.0 908.0 326.0 925.0
face 0.37 234.0 734.0 266.0 765.0
face 0.37 870.0 577.0 894.0 607.0
face 0.36 379.0 765.0 425.0 817.0
face 0.36 867.0 532.0 890.0 560.0
face 0.34 293.0 820.0 305.0 836.0
face 0.33 854.0 726.0 865.0 740.0
face 0.33 915.0 586.0 932.0 606.0
face 0.33 867.0 716.0 880.0 733.0
face 0.32 315.0 841.0 332.0 863.0
face 0.32 223.0 735.0 283.0 801.0
face 0.32 380.0 686.0 403.0 715.0
face 0.31 795.0 609.0 810.0 629.0
face 0.31 301.0 835.0 317.0 855.0
face 0.31 893.0 661.0 905.0 676.0
face 0.31 892.0 639.0 910.0 660.0
face 0.30 830.0 742.0 842.0 757.0
face 0.30 874.0 699.0 893.0 718.0
