face 1.00 128.0 80.0 170.0 138.0
face 1.00 650.0 179.0 694.0 232.0
face 1.00 278.0 75.0 326.0 138.0
face 1.00 802.0 113.0 849.0 171.0
face 1.00 65.0 136.0 112.0 193.0
face 1.00 513.0 100.0 560.0 154.0
face 1.00 405.0 80.0 454.0 138.0
face 1.00 899.0 13.0 941.0 71.0
face 1.00 417.0 8.0 462.0 62.0
face 1.00 937.0 169.0 976.0 219.0
face 0.94 143.0 303.0 168.0 335.0
face 0.59 889.0 291.0 920.0 324.0
face 0.49 589.0 378.0 631.0 443.0
face 0.49 32.0 339.0 176.0 496.0
face 0.48 153.0 90.0 182.0 125.0
face 0.48 729.0 321.0 750.0 346.0
face 0.47 390.0 329.0 406.0 351.0
face 0.44 415.0 564.0 427.0 582.0
face 0.40 56.0 112.0 74.0 133.0
face 0.40 321.0 164.0 377.0 234.0
face 0.39 916.0 393.0 933.0 414.0
face 0.38 778.0 592.0 817.0 641.0
face 0.34 584.0 547.0 619.0 587.0
face 0.31 529.0 360.0 596.0 443.0
face 0.31 996.0 206.0 1020.0 237.0
