face 1.00 656.0 395.0 676.0 426.0
face 1.00 950.0 464.0 989.0 525.0
face 1.00 663.0 478.0 692.0 534.0
face 1.00 760.0 425.0 793.0 464.0
face 0.98 1002.0 420.0 1024.0 457.0
face 0.98 487.0 482.0 516.0 524.0
face 0.88 792.0 387.0 804.0 403.0
face 0.86 292.0 395.0 306.0 412.0
face 0.84 657.0 433.0 679.0 468.0
face 0.80 963.0 396.0 979.0 417.0
face 0.73 631.0 382.0 642.0 397.0
face 0.72 301.0 411.0 315.0 427.0
face 0.68 825.0 348.0 838.0 365.0
face 0.67 903.0 406.0 919.0 428.0
face 0.66 84.0 402.0 98.0 421.0
face 0.61 520.0 416.0 534.0 436.0
face 0.56 335.0 390.0 349.0 407.0
face 0.54 343.0 459.0 356.0 478.0
face 0.52 556.0 386.0 572.0 405.0
face 0.50 37.0 389.0 51.0 409.0
face 0.48 536.0 372.0 547.0 385.0
face 0.48 404.0 387.0 420.0 407.0
face 0.45 253.0 462.0 274.0 491.0
face 0.44 894.0 456.0 922.0 498.0
face 0.44 247.0 381.0 264.0 404.0
face 0.43 995.0 355.0 1009.0 371.0
face 0.43 720.0 393.0 741.0 421.0
face 0.40 214.0 396.0 228.0 412.0
face 0.39 313.0 442.0 327.0 462.0
face 0.39 344.0 659.0 370.0 688.0
face 0.38 157.0 426.0 174.0 448.0
face 0.38 110.0 405.0 121.0 418.0
face 0.37 910.0 352.0 926.0 371.0
face 0.37 573.0 425.0 588.0 446.0
face 0.37 699.0 371.0 713.0 389.0
face 0.37 495.0 382.0 508.0 397.0
face 0.36 100.0 394.0 114.0 411.0
face 0.36 311.0 395.0 322.0 409.0
face 0.35 260.0 451.0 287.0 495.0
face 0.35 38.0 252.0 50.0 268.0
face 0.34 915.0 519.0 932.0 542.0
face 0.34 815.0 397.0 826.0 413.0
face 0.34 941.0 358.0 953.0 372.0
face 0.34 511.0 381.0 522.0 394.0
face 0.34 476.0 372.0 489.0 388.0
face 0.33 809.0 667.0 910.0 772.0
face 0.32 406.0 374.0 418.0 387.0
face 0.32 520.0 357.0 531.0 370.0
face 0.32 632.0 253.0 646.0 271.0
face 0.32 535.0 272.0 551.0 292.0
face 0.32 357.0 411.0 374.0 429.0
face 0.31 764.0 391.0 780.0 409.0
face 0.31 122.0 509.0 135.0 528.0
face 0.31 390.0 366.0 404.0 382.0
face 0.31 643.0 384.0 660.0 406.0
face 0.30 296.0 414.0 307.0 427.0
face 0.30 806.0 634.0 819.0 651.0
face 0.30 262.0 400.0 278.0 420.0
