face 1.00 574.0 191.0 610.0 237.0
face 1.00 534.0 196.0 569.0 237.0
face 1.00 362.0 184.0 392.0 221.0
face 0.99 833.0 227.0 866.0 265.0
face 0.99 860.0 206.0 889.0 241.0
face 0.98 213.0 203.0 236.0 231.0
face 0.96 301.0 181.0 340.0 223.0
face 0.96 914.0 257.0 949.0 313.0
face 0.95 35.0 204.0 67.0 243.0
face 0.95 260.0 192.0 290.0 226.0
face 0.93 519.0 194.0 545.0 228.0
face 0.93 702.0 202.0 736.0 242.0
face 0.84 911.0 211.0 945.0 252.0
face 0.82 127.0 196.0 165.0 234.0
face 0.82 567.0 15.0 579.0 30.0
face 0.81 484.0 195.0 507.0 223.0
face 0.79 792.0 233.0 816.0 264.0
face 0.68 650.0 213.0 677.0 251.0
face 0.62 29.0 5.0 72.0 53.0
face 0.60 644.0 184.0 673.0 219.0
face 0.58 16.0 189.0 42.0 219.0
face 0.56 574.0 4.0 591.0 23.0
face 0.49 208.0 188.0 227.0 208.0
face 0.48 479.0 209.0 494.0 229.0
face 0.47 426.0 176.0 469.0 231.0
face 0.45 611.0 211.0 644.0 249.0
face 0.44 263.0 237.0 278.0 256.0
face 0.42 193.0 46.0 247.0 113.0
face 0.36 615.0 447.0 747.0 588.0
face 0.36 463.0 139.0 486.0 168.0
face 0.34 598.0 316.0 610.0 332.0
face 0.33 771.0 200.0 794.0 230.0
face 0.32 891.0 214.0 922.0 252.0
face 0.32 372.0 155.0 390.0 178.0
face 0.31 916.0 242.0 945.0 277.0
face 0.31 925.0 506.0 943.0 530.0
face 0.30 250.0 468.0 274.0 494.0
