face 0.97 767.0 237.0 795.0 271.0
face 0.94 252.0 249.0 266.0 266.0
face 0.90 66.0 219.0 79.0 234.0
face 0.73 559.0 100.0 606.0 162.0
face 0.71 242.0 206.0 257.0 223.0
face 0.70 543.0 238.0 554.0 251.0
face 0.65 649.0 109.0 663.0 129.0
face 0.64 918.0 172.0 929.0 186.0
face 0.62 722.0 194.0 736.0 211.0
face 0.56 477.0 207.0 488.0 220.0
face 0.54 852.0 171.0 874.0 197.0
face 0.53 722.0 182.0 737.0 200.0
face 0.52 749.0 196.0 760.0 209.0
face 0.51 787.0 223.0 804.0 243.0
face 0.51 930.0 158.0 943.0 173.0
face 0.50 654.0 215.0 665.0 227.0
face 0.49 603.0 194.0 619.0 213.0
face 0.47 422.0 219.0 432.0 232.0
face 0.47 492.0 197.0 508.0 215.0
face 0.44 759.0 180.0 770.0 193.0
face 0.44 655.0 192.0 664.0 204.0
face 0.44 519.0 198.0 529.0 210.0
face 0.42 200.0 314.0 222.0 345.0
face 0.41 693.0 184.0 703.0 195.0
face 0.41 711.0 182.0 721.0 194.0
face 0.40 962.0 185.0 978.0 205.0
face 0.40 942.0 183.0 952.0 195.0
face 0.38 885.0 197.0 897.0 211.0
face 0.37 840.0 214.0 850.0 227.0
face 0.37 614.0 191.0 625.0 204.0
face 0.37 522.0 237.0 537.0 257.0
face 0.36 37.0 157.0 54.0 178.0
face 0.35 977.0 372.0 993.0 392.0
face 0.35 432.0 208.0 442.0 220.0
face 0.34 10.0 62.0 27.0 80.0
face 0.34 286.0 223.0 296.0 235.0
face 0.34 597.0 115.0 620.0 148.0
face 0.34 627.0 139.0 644.0 158.0
face 0.34 166.0 189.0 181.0 207.0
face 0.33 197.0 217.0 214.0 236.0
face 0.33 936.0 174.0 946.0 187.0
face 0.33 732.0 319.0 779.0 367.0
face 0.33 415.0 198.0 426.0 210.0
face 0.32 669.0 286.0 681.0 301.0
face 0.32 228.0 217.0 244.0 236.0
face 0.32 146.0 231.0 165.0 255.0
face 0.32 230.0 205.0 242.0 220.0
face 0.32 847.0 189.0 858.0 202.0
face 0.32 808.0 213.0 825.0 231.0
face 0.32 757.0 356.0 786.0 389.0
face 0.32 238.0 149.0 249.0 165.0
face 0.31 253.0 198.0 264.0 211.0
face 0.31 471.0 211.0 483.0 224.0
face 0.31 710.0 198.0 724.0 214.0
face 0.31 333.0 204.0 345.0 218.0
face 0.31 742.0 300.0 756.0 316.0
face 0.31 694.0 198.0 706.0 212.0
face 0.31 413.0 232.0 428.0 250.0
face 0.31 819.0 177.0 836.0 196.0
face 0.31 597.0 241.0 611.0 258.0
face 0.31 90.0 194.0 106.0 212.0
face 0.31 776.0 190.0 790.0 209.0
face 0.31 223.0 204.0 234.0 218.0
face 0.31 334.0 222.0 346.0 235.0
face 0.30 871.0 198.0 882.0 211.0
face 0.30 113.0 86.0 126.0 102.0
face 0.30 614.0 225.0 636.0 253.0
face 0.30 486.0 213.0 497.0 226.0
face 0.30 280.0 221.0 290.0 234.0
face 0.30 768.0 198.0 779.0 210.0
face 0.30 745.0 189.0 757.0 203.0
face 0.30 599.0 192.0 610.0 205.0
face 0.30 944.0 133.0 959.0 151.0
face 0.30 774.0 174.0 786.0 186.0
face 0.30 589.0 239.0 603.0 254.0
face 0.30 959.0 182.0 971.0 196.0
face 0.30 414.0 253.0 427.0 268.0
