face 1.00 668.0 203.0 705.0 259.0
face 1.00 584.0 271.0 625.0 325.0
face 1.00 712.0 271.0 768.0 336.0
face 1.00 93.0 473.0 169.0 567.0
face 1.00 514.0 86.0 535.0 113.0
face 1.00 264.0 117.0 295.0 152.0
face 1.00 162.0 214.0 204.0 271.0
face 1.00 92.0 89.0 116.0 119.0
face 1.00 817.0 144.0 838.0 180.0
face 1.00 45.0 134.0 86.0 182.0
face 1.00 688.0 252.0 726.0 304.0
face 1.00 678.0 97.0 700.0 122.0
face 0.99 410.0 45.0 425.0 62.0
face 0.99 497.0 148.0 522.0 178.0
face 0.99 711.0 85.0 727.0 104.0
face 0.99 518.0 515.0 609.0 614.0
face 0.99 941.0 242.0 987.0 301.0
face 0.99 99.0 137.0 127.0 173.0
face 0.99 423.0 102.0 441.0 126.0
face 0.99 710.0 366.0 754.0 425.0
face 0.99 697.0 43.0 713.0 61.0
face 0.99 715.0 53.0 728.0 69.0
face 0.98 790.0 115.0 818.0 147.0
face 0.98 563.0 66.0 579.0 84.0
face 0.98 797.0 67.0 809.0 83.0
face 0.98 853.0 53.0 867.0 71.0
face 0.98 587.0 133.0 610.0 164.0
face 0.98 980.0 336.0 1023.0 408.0
face 0.97 231.0 92.0 251.0 116.0
face 0.94 573.0 45.0 587.0 63.0
face 0.93 229.0 205.0 256.0 235.0
face 0.93 771.0 206.0 812.0 247.0
face 0.93 830.0 243.0 889.0 312.0
face 0.90 355.0 128.0 383.0 161.0
face 0.89 820.0 55.0 835.0 73.0
face 0.87 741.0 65.0 755.0 83.0
face 0.87 472.0 104.0 494.0 134.0
face 0.86 379.0 88.0 403.0 118.0
face 0.85 511.0 49.0 527.0 70.0
face 0.83 756.0 47.0 772.0 67.0
face 0.83 402.0 157.0 431.0 193.0
face 0.83 766.0 89.0 786.0 112.0
face 0.81 134.0 79.0 160.0 111.0
face 0.80 162.0 51.0 182.0 73.0
face 0.77 155.0 45.0 169.0 62.0
face 0.76 317.0 143.0 345.0 183.0
face 0.74 904.0 112.0 929.0 144.0
face 0.73 885.0 103.0 900.0 124.0
face 0.72 665.0 104.0 681.0 124.0
face 0.69 252.0 82.0 280.0 118.0
face 0.67 314.0 146.0 332.0 168.0
face 0.67 647.0 49.0 668.0 78.0
face 0.62 410.0 575.0 425.0 597.0
face 0.61 101.0 451.0 148.0 510.0
face 0.58 55.0 35.0 68.0 53.0
face 0.57 765.0 134.0 783.0 157.0
face 0.56 490.0 60.0 503.0 77.0
face 0.53 523.0 43.0 538.0 62.0
face 0.52 137.0 508.0 165.0 541.0
face 0.51 230.0 280.0 276.0 337.0
face 0.50 345.0 573.0 358.0 591.0
face 0.49 934.0 156.0 958.0 189.0
face 0.48 139.0 38.0 152.0 53.0
face 0.47 96.0 33.0 120.0 57.0
face 0.46 958.0 195.0 973.0 216.0
face 0.45 247.0 287.0 272.0 316.0
face 0.45 876.0 83.0 893.0 103.0
face 0.44 464.0 44.0 479.0 62.0
face 0.44 749.0 106.0 776.0 142.0
face 0.44 531.0 314.0 590.0 374.0
face 0.43 185.0 38.0 196.0 51.0
face 0.43 755.0 129.0 773.0 153.0
face 0.43 98.0 5.0 108.0 19.0
face 0.43 924.0 517.0 951.0 553.0
face 0.41 582.0 69.0 594.0 84.0
face 0.39 2.0 52.0 22.0 80.0
face 0.39 -1.0 482.0 34.0 521.0
face 0.38 225.0 297.0 248.0 325.0
face 0.38 418.0 410.0 436.0 430.0
face 0.37 6.0 29.0 22.0 46.0
face 0.37 957.0 199.0 984.0 232.0
face 0.37 422.0 37.0 433.0 52.0
face 0.36 556.0 50.0 572.0 68.0
face 0.36 381.0 59.0 393.0 73.0
face 0.35 169.0 74.0 208.0 121.0
face 0.35 455.0 4.0 470.0 22.0
face 0.34 808.0 32.0 825.0 52.0
face 0.34 151.0 30.0 162.0 43.0
face 0.33 709.0 219.0 724.0 236.0
face 0.33 318.0 8.0 343.0 35.0
face 0.33 796.0 204.0 821.0 233.0
face 0.33 807.0 50.0 821.0 69.0
face 0.33 999.0 581.0 1023.0 611.0
face 0.33 93.0 37.0 107.0 52.0
face 0.32 668.0 45.0 682.0 62.0
face 0.32 195.0 76.0 212.0 98.0
face 0.32 943.0 374.0 955.0 390.0
face 0.32 480.0 45.0 491.0 58.0
face 0.32 205.0 182.0 224.0 204.0
face 0.32 281.0 17.0 299.0 41.0
face 0.31 662.0 165.0 693.0 200.0
face 0.31 331.0 147.0 346.0 169.0
face 0.31 860.0 102.0 887.0 132.0
face 0.31 755.0 220.0 771.0 239.0
face 0.31 488.0 54.0 499.0 68.0
face 0.31 828.0 203.0 845.0 224.0
face 0.31 749.0 61.0 762.0 76.0
face 0.31 11.0 0.0 29.0 15.0
face 0.31 777.0 165.0 807.0 199.0
face 0.31 815.0 59.0 828.0 73.0
face 0.30 803.0 104.0 835.0 139.0
face 0.30 29.0 34.0 43.0 52.0
face 0.30 375.0 220.0 386.0 233.0
face 0.30 722.0 140.0 741.0 161.0
