face 1.00 439.0 284.0 697.0 609.0
face 0.82 401.0 130.0 416.0 150.0
face 0.64 388.0 223.0 411.0 250.0
face 0.61 306.0 340.0 382.0 435.0
face 0.58 299.0 65.0 312.0 81.0
face 0.56 374.0 75.0 384.0 88.0
face 0.50 396.0 181.0 423.0 209.0
face 0.44 175.0 454.0 306.0 615.0
face 0.44 186.0 460.0 204.0 480.0
face 0.42 499.0 198.0 513.0 216.0
face 0.41 329.0 9.0 344.0 28.0
face 0.38 286.0 61.0 297.0 75.0
face 0.34 599.0 669.0 611.0 682.0
face 0.34 204.0 466.0 220.0 485.0
face 0.31 231.0 117.0 246.0 134.0
face 0.31 411.0 112.0 427.0 132.0
face 0.31 346.0 0.0 393.0 40.0
face 0.31 524.0 268.0 595.0 342.0
face 0.30 278.0 131.0 290.0 145.0
face 0.30 533.0 200.0 550.0 222.0
face 0.30 198.0 237.0 209.0 250.0
face 0.30 610.0 228.0 625.0 245.0
