face 1.00 604.0 228.0 633.0 265.0
face 0.99 387.0 295.0 403.0 315.0
face 0.95 155.0 297.0 175.0 319.0
face 0.80 268.0 261.0 294.0 291.0
face 0.80 923.0 242.0 953.0 278.0
face 0.77 196.0 231.0 222.0 264.0
face 0.72 339.0 279.0 353.0 297.0
face 0.62 744.0 309.0 769.0 340.0
face 0.62 35.0 259.0 66.0 297.0
face 0.55 93.0 313.0 110.0 335.0
face 0.54 589.0 250.0 603.0 266.0
face 0.48 365.0 290.0 382.0 311.0
face 0.47 1004.0 264.0 1025.0 304.0
face 0.46 98.0 271.0 124.0 301.0
face 0.40 250.0 211.0 265.0 228.0
face 0.39 233.0 231.0 251.0 253.0
face 0.38 935.0 397.0 948.0 414.0
face 0.36 406.0 300.0 420.0 318.0
face 0.36 463.0 317.0 474.0 329.0
face 0.35 158.0 206.0 169.0 220.0
face 0.35 845.0 278.0 856.0 292.0
face 0.35 413.0 350.0 425.0 365.0
face 0.34 782.0 293.0 794.0 308.0
face 0.33 174.0 329.0 190.0 350.0
face 0.33 783.0 278.0 793.0 291.0
face 0.33 730.0 282.0 744.0 298.0
face 0.33 263.0 234.0 277.0 252.0
face 0.32 63.0 277.0 75.0 292.0
face 0.32 966.0 262.0 977.0 276.0
face 0.31 398.0 293.0 409.0 308.0
face 0.31 819.0 265.0 836.0 286.0
face 0.31 789.0 262.0 800.0 275.0
face 0.31 472.0 294.0 482.0 307.0
face 0.31 974.0 198.0 1006.0 235.0
face 0.31 316.0 271.0 332.0 292.0
face 0.31 453.0 295.0 464.0 306.0
face 0.31 478.0 300.0 489.0 314.0
face 0.31 148.0 292.0 165.0 312.0
face 0.31 254.0 228.0 266.0 243.0
face 0.31 918.0 242.0 936.0 265.0
face 0.30 349.0 261.0 361.0 275.0
face 0.30 135.0 246.0 147.0 259.0
face 0.30 711.0 293.0 723.0 307.0
face 0.30 807.0 251.0 818.0 265.0
face 0.30 470.0 317.0 481.0 330.0
face 0.30 696.0 293.0 707.0 307.0
face 0.30 269.0 204.0 283.0 221.0
face 0.30 613.0 186.0 629.0 206.0
face 0.30 893.0 189.0 904.0 202.0
