face 1.00 606.0 454.0 654.0 508.0
face 1.00 244.0 512.0 285.0 558.0
face 1.00 481.0 454.0 514.0 494.0
face 0.86 669.0 639.0 700.0 675.0
face 0.84 807.0 -8.0 998.0 163.0
face 0.82 135.0 485.0 163.0 518.0
face 0.53 50.0 452.0 93.0 504.0
face 0.44 23.0 35.0 51.0 68.0
face 0.44 233.0 461.0 266.0 504.0
face 0.43 444.0 128.0 510.0 207.0
face 0.42 595.0 374.0 611.0 396.0
face 0.40 138.0 185.0 184.0 244.0
face 0.39 588.0 652.0 664.0 726.0
face 0.38 33.0 5.0 59.0 38.0
face 0.38 709.0 636.0 737.0 671.0
face 0.37 624.0 807.0 736.0 945.0
face 0.37 670.0 269.0 726.0 339.0
face 0.36 151.0 299.0 180.0 334.0
face 0.35 759.0 20.0 896.0 152.0
face 0.35 685.0 626.0 739.0 694.0
face 0.35 114.0 411.0 158.0 471.0
face 0.35 158.0 41.0 176.0 62.0
face 0.33 22.0 228.0 44.0 258.0
face 0.33 167.0 501.0 198.0 535.0
face 0.32 110.0 627.0 137.0 655.0
face 0.31 94.0 629.0 109.0 649.0
face 0.31 591.0 1013.0 616.0 1044.0
