face 1.00 893.0 159.0 942.0 213.0
face 1.00 598.0 184.0 619.0 212.0
face 1.00 672.0 191.0 696.0 222.0
face 1.00 527.0 1274.0 548.0 1300.0
face 1.00 39.0 173.0 63.0 204.0
face 1.00 212.0 187.0 232.0 212.0
face 1.00 458.0 184.0 479.0 212.0
face 1.00 849.0 180.0 881.0 220.0
face 1.00 512.0 1182.0 535.0 1209.0
face 1.00 506.0 1120.0 525.0 1142.0
face 0.99 46.0 1106.0 62.0 1127.0
face 0.99 609.0 1278.0 631.0 1306.0
face 0.98 424.0 1216.0 445.0 1243.0
face 0.97 277.0 188.0 295.0 213.0
face 0.97 86.0 176.0 107.0 203.0
face 0.96 841.0 1241.0 866.0 1273.0
face 0.95 276.0 1167.0 292.0 1187.0
face 0.95 754.0 196.0 783.0 230.0
face 0.94 155.0 186.0 173.0 208.0
face 0.93 47.0 1213.0 62.0 1233.0
face 0.92 205.0 598.0 228.0 625.0
face 0.91 666.0 1241.0 682.0 1262.0
face 0.90 873.0 1339.0 892.0 1368.0
face 0.90 539.0 1224.0 558.0 1248.0
face 0.87 772.0 1267.0 790.0 1290.0
face 0.86 335.0 192.0 354.0 218.0
face 0.86 104.0 1170.0 124.0 1193.0
face 0.84 545.0 499.0 566.0 526.0
face 0.84 642.0 1282.0 663.0 1311.0
face 0.82 731.0 559.0 748.0 578.0
face 0.80 814.0 1161.0 831.0 1183.0
face 0.80 573.0 1256.0 592.0 1278.0
face 0.80 556.0 1359.0 576.0 1380.0
face 0.79 75.0 1125.0 90.0 1143.0
face 0.79 41.0 1187.0 58.0 1208.0
face 0.77 161.0 1063.0 178.0 1084.0
face 0.76 907.0 1080.0 930.0 1108.0
face 0.73 872.0 1083.0 896.0 1113.0
face 0.72 835.0 1103.0 851.0 1122.0
face 0.71 202.0 1143.0 227.0 1173.0
face 0.70 690.0 1265.0 711.0 1296.0
face 0.69 992.0 796.0 1017.0 827.0
face 0.68 487.0 1268.0 509.0 1297.0
face 0.67 290.0 1175.0 308.0 1197.0
face 0.66 655.0 777.0 670.0 796.0
face 0.66 220.0 1248.0 237.0 1270.0
face 0.65 359.0 1396.0 386.0 1433.0
face 0.64 129.0 1151.0 146.0 1173.0
face 0.63 607.0 1137.0 631.0 1163.0
face 0.62 912.0 1136.0 931.0 1162.0
face 0.62 319.0 1290.0 341.0 1319.0
face 0.60 507.0 588.0 527.0 610.0
face 0.60 813.0 455.0 839.0 489.0
face 0.60 360.0 1139.0 375.0 1159.0
face 0.60 348.0 632.0 367.0 654.0
face 0.59 7.0 569.0 32.0 600.0
face 0.58 410.0 265.0 431.0 289.0
face 0.58 370.0 203.0 388.0 225.0
face 0.58 495.0 1226.0 523.0 1257.0
face 0.58 582.0 297.0 601.0 319.0
face 0.58 572.0 551.0 590.0 573.0
face 0.57 985.0 1203.0 1002.0 1225.0
face 0.57 335.0 1176.0 350.0 1195.0
face 0.57 248.0 1221.0 271.0 1250.0
face 0.56 417.0 1270.0 440.0 1302.0
face 0.56 882.0 1373.0 899.0 1395.0
face 0.56 162.0 1163.0 177.0 1181.0
face 0.56 379.0 1307.0 397.0 1328.0
face 0.56 358.0 1215.0 381.0 1243.0
face 0.55 72.0 1156.0 91.0 1178.0
face 0.55 806.0 1078.0 838.0 1112.0
face 0.54 148.0 1091.0 168.0 1113.0
face 0.53 78.0 1080.0 106.0 1109.0
face 0.53 638.0 1346.0 655.0 1368.0
face 0.53 804.0 1305.0 823.0 1327.0
face 0.53 415.0 184.0 437.0 215.0
face 0.53 446.0 1143.0 463.0 1166.0
face 0.53 205.0 509.0 217.0 524.0
face 0.53 985.0 1122.0 1007.0 1148.0
face 0.52 877.0 705.0 893.0 724.0
face 0.52 446.0 650.0 462.0 671.0
face 0.52 178.0 53.0 195.0 71.0
face 0.52 696.0 1326.0 718.0 1356.0
face 0.52 661.0 566.0 678.0 587.0
face 0.51 818.0 1299.0 836.0 1322.0
face 0.50 241.0 1165.0 259.0 1186.0
face 0.50 755.0 1139.0 775.0 1163.0
face 0.50 908.0 1255.0 938.0 1289.0
face 0.50 379.0 241.0 406.0 272.0
face 0.50 620.0 1228.0 638.0 1249.0
face 0.49 976.0 754.0 996.0 779.0
face 0.49 935.0 1162.0 949.0 1181.0
face 0.49 451.0 1275.0 468.0 1298.0
face 0.48 521.0 617.0 535.0 636.0
face 0.48 667.0 499.0 682.0 517.0
face 0.48 283.0 1090.0 301.0 1112.0
face 0.48 214.0 66.0 227.0 80.0
face 0.46 707.0 335.0 723.0 357.0
face 0.46 586.0 491.0 605.0 512.0
face 0.45 938.0 1088.0 953.0 1108.0
face 0.45 343.0 1255.0 371.0 1283.0
face 0.45 240.0 283.0 255.0 304.0
face 0.44 230.0 1207.0 242.0 1220.0
face 0.44 768.0 1383.0 793.0 1412.0
face 0.43 885.0 1394.0 901.0 1415.0
face 0.43 633.0 735.0 660.0 765.0
face 0.43 713.0 523.0 725.0 538.0
face 0.43 711.0 547.0 726.0 566.0
face 0.42 110.0 1389.0 139.0 1422.0
face 0.42 265.0 620.0 276.0 634.0
face 0.42 482.0 499.0 498.0 518.0
face 0.41 193.0 286.0 208.0 306.0
face 0.41 329.0 1233.0 346.0 1256.0
face 0.41 651.0 1210.0 667.0 1232.0
face 0.41 321.0 1137.0 338.0 1157.0
face 0.41 465.0 660.0 490.0 691.0
face 0.41 1001.0 26.0 1025.0 59.0
face 0.41 537.0 1106.0 555.0 1129.0
face 0.41 565.0 1303.0 588.0 1330.0
face 0.41 150.0 1195.0 164.0 1215.0
face 0.40 935.0 1126.0 950.0 1145.0
face 0.40 92.0 258.0 115.0 287.0
face 0.40 769.0 643.0 785.0 660.0
face 0.40 148.0 1163.0 162.0 1184.0
face 0.40 710.0 1165.0 722.0 1179.0
face 0.40 781.0 683.0 796.0 701.0
face 0.40 452.0 1194.0 478.0 1227.0
face 0.39 569.0 1243.0 586.0 1264.0
face 0.39 565.0 574.0 578.0 591.0
face 0.39 415.0 1130.0 431.0 1152.0
face 0.39 636.0 659.0 651.0 676.0
face 0.39 303.0 1101.0 326.0 1130.0
face 0.39 450.0 289.0 467.0 311.0
face 0.39 238.0 626.0 253.0 644.0
face 0.39 608.0 1370.0 623.0 1390.0
face 0.39 721.0 1233.0 736.0 1251.0
face 0.38 229.0 1253.0 242.0 1267.0
face 0.38 971.0 1169.0 987.0 1191.0
face 0.38 461.0 1316.0 492.0 1352.0
face 0.38 326.0 468.0 338.0 482.0
face 0.38 940.0 1205.0 955.0 1224.0
face 0.38 478.0 590.0 488.0 602.0
face 0.38 386.0 1170.0 401.0 1189.0
face 0.38 199.0 1243.0 215.0 1263.0
face 0.38 911.0 1358.0 923.0 1373.0
face 0.38 666.0 950.0 714.0 1017.0
face 0.38 945.0 497.0 1010.0 575.0
face 0.38 670.0 988.0 686.0 1007.0
face 0.38 822.0 692.0 834.0 706.0
face 0.38 704.0 629.0 717.0 645.0
face 0.37 717.0 1118.0 733.0 1136.0
face 0.37 837.0 1172.0 853.0 1192.0
face 0.37 570.0 1193.0 585.0 1210.0
face 0.37 765.0 1082.0 784.0 1105.0
face 0.37 197.0 60.0 209.0 74.0
face 0.37 660.0 1315.0 678.0 1337.0
face 0.37 220.0 1187.0 234.0 1205.0
face 0.37 655.0 533.0 666.0 546.0
face 0.37 178.0 1235.0 193.0 1253.0
face 0.37 733.0 1267.0 751.0 1290.0
face 0.37 957.0 1099.0 975.0 1120.0
face 0.37 798.0 565.0 811.0 579.0
face 0.36 999.0 95.0 1024.0 131.0
face 0.36 893.0 1306.0 910.0 1330.0
face 0.36 249.0 1209.0 267.0 1232.0
face 0.36 35.0 528.0 53.0 549.0
face 0.36 1.0 1077.0 28.0 1126.0
face 0.36 446.0 1260.0 459.0 1275.0
face 0.36 482.0 1225.0 500.0 1248.0
face 0.36 187.0 1151.0 202.0 1172.0
face 0.36 417.0 1288.0 435.0 1311.0
face 0.36 586.0 1193.0 604.0 1216.0
face 0.36 772.0 1116.0 787.0 1133.0
face 0.36 891.0 1121.0 907.0 1141.0
face 0.36 635.0 1208.0 653.0 1229.0
face 0.36 349.0 1209.0 365.0 1229.0
face 0.36 86.0 1206.0 98.0 1220.0
face 0.36 530.0 1335.0 548.0 1357.0
face 0.36 328.0 273.0 346.0 294.0
face 0.36 281.0 1432.0 298.0 1456.0
face 0.35 282.0 1251.0 301.0 1272.0
face 0.35 79.0 1205.0 90.0 1219.0
face 0.35 6.0 1114.0 22.0 1135.0
face 0.35 782.0 1139.0 799.0 1159.0
face 0.35 514.0 1238.0 532.0 1261.0
face 0.35 618.0 1206.0 637.0 1229.0
face 0.35 763.0 1123.0 780.0 1143.0
face 0.35 284.0 273.0 302.0 293.0
face 0.35 391.0 549.0 403.0 563.0
face 0.35 44.0 564.0 60.0 582.0
face 0.35 497.0 619.0 513.0 638.0
face 0.35 677.0 554.0 688.0 569.0
face 0.35 478.0 570.0 493.0 588.0
face 0.34 248.0 613.0 258.0 625.0
face 0.34 302.0 863.0 319.0 883.0
face 0.34 443.0 1125.0 459.0 1143.0
face 0.34 230.0 501.0 241.0 513.0
face 0.34 60.0 1205.0 73.0 1222.0
face 0.34 665.0 1130.0 684.0 1153.0
face 0.34 643.0 1148.0 658.0 1165.0
face 0.34 821.0 701.0 833.0 715.0
face 0.34 849.0 240.0 870.0 268.0
face 0.34 948.0 1320.0 965.0 1342.0
face 0.34 533.0 1123.0 550.0 1142.0
face 0.34 510.0 600.0 526.0 621.0
face 0.33 278.0 619.0 292.0 637.0
face 0.33 573.0 1131.0 589.0 1149.0
face 0.33 267.0 612.0 282.0 630.0
face 0.33 86.0 554.0 98.0 570.0
face 0.33 549.0 1122.0 564.0 1143.0
face 0.33 738.0 1099.0 754.0 1118.0
face 0.33 571.0 1354.0 588.0 1375.0
face 0.33 173.0 1138.0 189.0 1156.0
face 0.33 687.0 630.0 699.0 643.0
face 0.33 549.0 587.0 564.0 605.0
face 0.33 298.0 1151.0 317.0 1176.0
face 0.33 396.0 1218.0 414.0 1241.0
face 0.33 540.0 599.0 557.0 620.0
face 0.33 437.0 1283.0 453.0 1304.0
face 0.33 164.0 1218.0 179.0 1236.0
face 0.33 506.0 204.0 534.0 236.0
face 0.33 467.0 556.0 482.0 574.0
face 0.33 904.0 705.0 930.0 739.0
face 0.33 876.0 1214.0 891.0 1233.0
face 0.33 221.0 1234.0 248.0 1264.0
face 0.33 419.0 647.0 436.0 668.0
face 0.33 597.0 1131.0 613.0 1149.0
face 0.33 851.0 1108.0 869.0 1127.0
face 0.33 733.0 1183.0 765.0 1216.0
face 0.33 308.0 659.0 327.0 679.0
face 0.33 229.0 1090.0 243.0 1109.0
face 0.33 550.0 630.0 562.0 645.0
face 0.33 522.0 1251.0 538.0 1268.0
face 0.33 335.0 1222.0 346.0 1236.0
face 0.33 726.0 535.0 738.0 548.0
face 0.32 925.0 732.0 939.0 750.0
face 0.32 98.0 1115.0 117.0 1136.0
face 0.32 460.0 1242.0 476.0 1261.0
face 0.32 505.0 1273.0 522.0 1295.0
face 0.32 394.0 1289.0 412.0 1312.0
face 0.32 462.0 598.0 474.0 612.0
face 0.32 1014.0 1252.0 1025.0 1267.0
face 0.32 365.0 693.0 379.0 711.0
face 0.32 494.0 1213.0 507.0 1227.0
face 0.32 922.0 1137.0 940.0 1160.0
face 0.32 120.0 1129.0 139.0 1151.0
face 0.32 54.0 318.0 66.0 333.0
face 0.32 670.0 683.0 683.0 699.0
face 0.32 459.0 604.0 475.0 623.0
face 0.32 785.0 1339.0 806.0 1360.0
face 0.32 734.0 1364.0 746.0 1378.0
face 0.32 694.0 549.0 705.0 561.0
face 0.32 294.0 1164.0 307.0 1179.0
face 0.32 731.0 1322.0 749.0 1344.0
face 0.32 270.0 603.0 285.0 621.0
face 0.32 229.0 1267.0 245.0 1288.0
face 0.32 246.0 1125.0 259.0 1140.0
face 0.32 260.0 1195.0 276.0 1215.0
face 0.32 173.0 1221.0 184.0 1235.0
face 0.32 30.0 541.0 42.0 555.0
face 0.32 502.0 582.0 513.0 596.0
face 0.32 618.0 651.0 634.0 670.0
face 0.32 629.0 1321.0 647.0 1342.0
face 0.32 609.0 586.0 625.0 606.0
face 0.32 332.0 669.0 347.0 687.0
face 0.32 477.0 1071.0 489.0 1084.0
face 0.32 954.0 1153.0 974.0 1176.0
face 0.32 335.0 1258.0 356.0 1279.0
face 0.32 244.0 1197.0 260.0 1216.0
face 0.31 758.0 558.0 769.0 571.0
face 0.31 162.0 1092.0 180.0 1112.0
face 0.31 111.0 762.0 125.0 781.0
face 0.31 175.0 1093.0 187.0 1108.0
face 0.31 658.0 548.0 672.0 564.0
face 0.31 164.0 51.0 182.0 72.0
face 0.31 938.0 692.0 954.0 710.0
face 0.31 637.0 52.0 655.0 72.0
face 0.31 903.0 1387.0 914.0 1401.0
face 0.31 682.0 1121.0 698.0 1142.0
face 0.31 557.0 579.0 571.0 596.0
face 0.31 922.0 1250.0 941.0 1272.0
face 0.31 683.0 680.0 703.0 704.0
face 0.31 555.0 1131.0 571.0 1152.0
face 0.31 380.0 1282.0 397.0 1300.0
face 0.31 602.0 1354.0 620.0 1378.0
face 0.31 572.0 572.0 587.0 591.0
face 0.31 382.0 1301.0 394.0 1317.0
face 0.31 744.0 630.0 756.0 643.0
face 0.31 39.0 566.0 51.0 580.0
face 0.31 685.0 1227.0 700.0 1246.0
face 0.31 741.0 1117.0 753.0 1132.0
face 0.31 665.0 1299.0 682.0 1320.0
face 0.31 214.0 549.0 225.0 562.0
face 0.31 710.0 1324.0 722.0 1339.0
face 0.31 380.0 603.0 397.0 624.0
face 0.31 695.0 571.0 710.0 588.0
face 0.31 709.0 1366.0 721.0 1379.0
face 0.31 757.0 1115.0 773.0 1133.0
face 0.31 732.0 1106.0 749.0 1125.0
face 0.31 238.0 1260.0 250.0 1275.0
face 0.31 531.0 1185.0 548.0 1205.0
face 0.31 323.0 621.0 336.0 637.0
face 0.31 980.0 1164.0 993.0 1181.0
face 0.31 709.0 1131.0 724.0 1150.0
face 0.31 395.0 189.0 408.0 208.0
face 0.31 283.0 566.0 296.0 581.0
face 0.31 711.0 532.0 722.0 546.0
face 0.31 710.0 1122.0 726.0 1141.0
face 0.31 253.0 1270.0 265.0 1284.0
face 0.31 971.0 1105.0 988.0 1126.0
face 0.31 697.0 501.0 708.0 515.0
face 0.31 364.0 1204.0 379.0 1222.0
face 0.31 955.0 1188.0 972.0 1207.0
face 0.31 931.0 1047.0 949.0 1073.0
face 0.31 367.0 198.0 379.0 212.0
face 0.30 707.0 1090.0 724.0 1109.0
face 0.30 707.0 634.0 722.0 653.0
face 0.30 762.0 1067.0 778.0 1086.0
face 0.30 891.0 673.0 910.0 693.0
face 0.30 119.0 487.0 130.0 501.0
face 0.30 37.0 518.0 50.0 532.0
face 0.30 151.0 1221.0 162.0 1234.0
face 0.30 349.0 607.0 361.0 620.0
face 0.30 883.0 1306.0 901.0 1329.0
face 0.30 348.0 564.0 362.0 583.0
face 0.30 621.0 667.0 636.0 686.0
face 0.30 291.0 1272.0 307.0 1293.0
face 0.30 925.0 701.0 936.0 715.0
face 0.30 603.0 1105.0 621.0 1126.0
face 0.30 709.0 645.0 721.0 660.0
face 0.30 987.0 1186.0 1006.0 1207.0
face 0.30 717.0 1354.0 732.0 1371.0
face 0.30 564.0 1236.0 582.0 1256.0
face 0.30 203.0 1227.0 220.0 1247.0
face 0.30 861.0 1194.0 874.0 1211.0
face 0.30 805.0 1257.0 820.0 1277.0
face 0.30 689.0 525.0 699.0 537.0
face 0.30 508.0 1220.0 525.0 1240.0
face 0.30 971.0 1129.0 988.0 1150.0
face 0.30 536.0 598.0 548.0 613.0
face 0.30 1012.0 1216.0 1026.0 1239.0
face 0.30 437.0 643.0 455.0 665.0
face 0.30 775.0 1261.0 787.0 1277.0
