face 1.00 109.0 427.0 149.0 472.0
face 1.00 248.0 402.0 288.0 450.0
face 1.00 691.0 481.0 739.0 535.0
face 1.00 250.0 466.0 290.0 515.0
face 1.00 864.0 135.0 889.0 165.0
face 1.00 994.0 81.0 1019.0 111.0
face 1.00 764.0 496.0 805.0 553.0
face 1.00 511.0 414.0 551.0 465.0
face 1.00 970.0 91.0 997.0 124.0
face 1.00 275.0 365.0 313.0 413.0
face 1.00 353.0 438.0 400.0 491.0
face 1.00 627.0 473.0 669.0 518.0
face 1.00 284.0 298.0 318.0 339.0
face 1.00 312.0 204.0 342.0 242.0
face 1.00 55.0 305.0 86.0 340.0
face 1.00 839.0 75.0 866.0 105.0
face 1.00 673.0 438.0 708.0 481.0
face 1.00 798.0 118.0 823.0 150.0
face 1.00 699.0 336.0 731.0 378.0
face 1.00 838.0 156.0 865.0 188.0
face 1.00 912.0 149.0 939.0 183.0
face 1.00 306.0 12.0 322.0 34.0
face 1.00 143.0 501.0 192.0 558.0
face 1.00 337.0 167.0 363.0 200.0
face 1.00 136.0 314.0 171.0 351.0
face 1.00 393.0 348.0 430.0 390.0
face 1.00 50.0 52.0 75.0 81.0
face 1.00 169.0 385.0 202.0 426.0
face 1.00 983.0 242.0 1015.0 280.0
face 1.00 346.0 52.0 368.0 79.0
face 1.00 808.0 145.0 834.0 177.0
face 1.00 289.0 472.0 323.0 513.0
face 1.00 382.0 4.0 403.0 27.0
face 1.00 381.0 188.0 411.0 226.0
face 1.00 756.0 28.0 776.0 53.0
face 1.00 808.0 297.0 846.0 338.0
face 1.00 283.0 17.0 304.0 41.0
face 1.00 72.0 469.0 107.0 519.0
face 1.00 857.0 290.0 884.0 331.0
face 1.00 569.0 303.0 600.0 342.0
face 1.00 264.0 140.0 291.0 172.0
face 1.00 875.0 100.0 902.0 131.0
face 1.00 266.0 200.0 297.0 234.0
face 1.00 259.0 263.0 289.0 302.0
face 1.00 980.0 151.0 1010.0 188.0
face 1.00 151.0 348.0 186.0 387.0
face 1.00 477.0 37.0 502.0 69.0
face 1.00 933.0 72.0 959.0 105.0
face 1.00 89.0 375.0 126.0 421.0
face 1.00 711.0 175.0 739.0 209.0
face 1.00 223.0 310.0 253.0 349.0
face 1.00 757.0 337.0 788.0 374.0
face 1.00 21.0 323.0 58.0 364.0
face 1.00 86.0 187.0 112.0 218.0
face 1.00 726.0 86.0 751.0 116.0
face 1.00 793.0 375.0 829.0 421.0
face 1.00 968.0 190.0 993.0 222.0
face 1.00 911.0 228.0 942.0 268.0
face 1.00 122.0 7.0 140.0 29.0
face 1.00 756.0 278.0 788.0 314.0
face 1.00 694.0 200.0 726.0 234.0
face 1.00 695.0 242.0 724.0 275.0
face 1.00 254.0 168.0 277.0 196.0
face 1.00 764.0 113.0 793.0 145.0
face 1.00 366.0 384.0 398.0 424.0
face 1.00 205.0 259.0 236.0 299.0
face 1.00 461.0 326.0 500.0 374.0
face 1.00 180.0 121.0 206.0 155.0
face 1.00 576.0 62.0 597.0 91.0
face 1.00 410.0 424.0 445.0 474.0
face 1.00 354.0 76.0 377.0 104.0
face 1.00 321.0 43.0 342.0 68.0
face 1.00 692.0 293.0 723.0 330.0
face 1.00 157.0 5.0 176.0 31.0
face 1.00 926.0 118.0 951.0 149.0
face 1.00 1003.0 372.0 1025.0 413.0
face 1.00 793.0 19.0 814.0 45.0
face 1.00 348.0 324.0 375.0 364.0
face 1.00 362.0 13.0 377.0 32.0
face 1.00 871.0 403.0 913.0 454.0
face 1.00 147.0 102.0 174.0 133.0
face 1.00 171.0 289.0 203.0 331.0
face 1.00 825.0 58.0 845.0 85.0
face 1.00 404.0 55.0 425.0 80.0
face 1.00 499.0 92.0 526.0 126.0
face 1.00 814.0 183.0 839.0 217.0
face 1.00 164.0 69.0 188.0 99.0
face 0.99 128.0 386.0 159.0 425.0
face 0.99 979.0 437.0 1007.0 474.0
face 0.99 851.0 49.0 873.0 76.0
face 0.99 775.0 87.0 799.0 116.0
face 0.99 368.0 136.0 395.0 168.0
face 0.99 774.0 147.0 799.0 176.0
face 0.99 640.0 27.0 658.0 50.0
face 0.99 183.0 437.0 214.0 481.0
face 0.99 874.0 70.0 897.0 93.0
face 0.99 948.0 503.0 989.0 553.0
face 0.99 994.0 206.0 1020.0 237.0
face 0.99 550.0 48.0 566.0 68.0
face 0.99 207.0 199.0 235.0 237.0
face 0.99 727.0 6.0 747.0 30.0
face 0.99 183.0 15.0 204.0 42.0
face 0.99 790.0 63.0 816.0 97.0
face 0.99 417.0 99.0 438.0 127.0
face 0.99 563.0 0.0 581.0 17.0
face 0.98 613.0 75.0 635.0 102.0
face 0.98 46.0 432.0 81.0 480.0
face 0.97 183.0 63.0 205.0 91.0
face 0.97 817.0 89.0 838.0 117.0
face 0.97 847.0 205.0 873.0 236.0
face 0.97 122.0 36.0 140.0 57.0
face 0.97 943.0 206.0 972.0 240.0
face 0.97 19.0 81.0 43.0 111.0
face 0.97 242.0 5.0 258.0 26.0
face 0.97 919.0 382.0 945.0 415.0
face 0.97 619.0 36.0 637.0 59.0
face 0.96 555.0 384.0 595.0 433.0
face 0.96 59.0 354.0 87.0 392.0
face 0.96 656.0 139.0 683.0 171.0
face 0.95 80.0 33.0 102.0 59.0
face 0.95 571.0 84.0 586.0 104.0
face 0.95 771.0 50.0 789.0 71.0
face 0.95 39.0 13.0 55.0 33.0
face 0.94 656.0 53.0 677.0 80.0
face 0.94 268.0 94.0 297.0 131.0
face 0.94 318.0 539.0 361.0 578.0
face 0.94 792.0 272.0 822.0 309.0
face 0.94 698.0 -2.0 717.0 19.0
face 0.94 882.0 172.0 915.0 210.0
face 0.93 545.0 92.0 573.0 124.0
face 0.93 139.0 138.0 159.0 163.0
face 0.93 878.0 271.0 905.0 304.0
face 0.93 400.0 253.0 425.0 281.0
face 0.93 519.0 257.0 553.0 296.0
face 0.93 231.0 84.0 247.0 104.0
face 0.92 55.0 543.0 91.0 577.0
face 0.92 207.0 230.0 231.0 260.0
face 0.92 459.0 392.0 477.0 417.0
face 0.91 634.0 286.0 667.0 333.0
face 0.91 679.0 138.0 701.0 166.0
face 0.90 628.0 410.0 655.0 445.0
face 0.90 847.0 241.0 877.0 277.0
face 0.90 220.0 97.0 234.0 117.0
face 0.90 907.0 267.0 928.0 292.0
face 0.90 771.0 187.0 799.0 225.0
face 0.89 755.0 238.0 787.0 273.0
face 0.89 481.0 275.0 502.0 301.0
face 0.88 49.0 260.0 83.0 298.0
face 0.88 923.0 498.0 958.0 542.0
face 0.88 117.0 57.0 139.0 85.0
face 0.88 743.0 163.0 768.0 192.0
face 0.87 933.0 292.0 957.0 324.0
face 0.87 819.0 40.0 837.0 62.0
face 0.87 259.0 78.0 277.0 98.0
face 0.87 447.0 42.0 470.0 67.0
face 0.87 944.0 29.0 955.0 43.0
face 0.86 369.0 105.0 399.0 137.0
face 0.85 339.0 105.0 354.0 122.0
face 0.85 618.0 112.0 645.0 145.0
face 0.85 54.0 223.0 80.0 250.0
face 0.84 424.0 52.0 444.0 78.0
face 0.84 335.0 280.0 366.0 312.0
face 0.83 994.0 481.0 1023.0 518.0
face 0.83 931.0 51.0 944.0 67.0
face 0.82 524.0 64.0 539.0 83.0
face 0.81 101.0 243.0 124.0 273.0
face 0.80 126.0 271.0 139.0 288.0
face 0.80 660.0 19.0 675.0 38.0
face 0.79 145.0 43.0 164.0 66.0
face 0.78 901.0 508.0 932.0 543.0
face 0.74 624.0 175.0 651.0 207.0
face 0.74 207.0 65.0 226.0 88.0
face 0.74 370.0 44.0 385.0 63.0
face 0.73 344.0 20.0 361.0 41.0
face 0.73 402.0 299.0 429.0 330.0
face 0.72 364.0 262.0 390.0 294.0
face 0.70 43.0 361.0 58.0 381.0
face 0.70 490.0 25.0 512.0 50.0
face 0.70 818.0 511.0 849.0 549.0
face 0.69 128.0 83.0 155.0 113.0
face 0.69 423.0 328.0 452.0 363.0
face 0.69 -1.0 86.0 20.0 114.0
face 0.68 656.0 1.0 677.0 22.0
face 0.68 398.0 73.0 421.0 103.0
face 0.66 299.0 537.0 331.0 571.0
face 0.65 113.0 300.0 129.0 318.0
face 0.64 761.0 80.0 779.0 99.0
face 0.64 327.0 435.0 357.0 475.0
face 0.64 456.0 74.0 479.0 104.0
face 0.64 771.0 10.0 786.0 27.0
face 0.61 229.0 227.0 244.0 245.0
face 0.61 883.0 31.0 906.0 56.0
face 0.60 192.0 269.0 215.0 299.0
face 0.60 -1.0 45.0 14.0 68.0
face 0.59 169.0 197.0 203.0 238.0
face 0.58 23.0 60.0 45.0 86.0
face 0.57 800.0 57.0 819.0 80.0
face 0.55 876.0 49.0 894.0 69.0
face 0.55 243.0 110.0 254.0 124.0
face 0.55 945.0 12.0 959.0 31.0
face 0.54 22.0 2.0 36.0 18.0
face 0.54 847.0 15.0 859.0 29.0
face 0.53 727.0 53.0 753.0 85.0
face 0.52 99.0 269.0 113.0 286.0
face 0.52 672.0 3.0 699.0 28.0
face 0.50 991.0 134.0 1018.0 165.0
face 0.49 622.0 0.0 634.0 14.0
face 0.48 181.0 501.0 209.0 542.0
face 0.48 582.0 517.0 596.0 536.0
face 0.48 3.0 9.0 22.0 30.0
face 0.48 559.0 332.0 573.0 350.0
face 0.47 573.0 402.0 590.0 421.0
face 0.47 26.0 206.0 39.0 221.0
face 0.47 340.0 129.0 358.0 149.0
face 0.47 240.0 212.0 253.0 228.0
face 0.45 772.0 26.0 787.0 45.0
face 0.45 229.0 22.0 244.0 41.0
face 0.45 729.0 45.0 748.0 67.0
face 0.45 140.0 2.0 156.0 20.0
face 0.44 618.0 60.0 633.0 77.0
face 0.44 576.0 367.0 615.0 420.0
face 0.44 702.0 140.0 718.0 161.0
face 0.44 301.0 222.0 315.0 241.0
face 0.43 500.0 51.0 515.0 70.0
face 0.43 355.0 289.0 372.0 311.0
face 0.43 383.0 332.0 395.0 347.0
face 0.43 5.0 298.0 19.0 316.0
face 0.43 674.0 195.0 690.0 214.0
face 0.42 609.0 18.0 625.0 36.0
face 0.42 47.0 182.0 63.0 204.0
face 0.42 519.0 37.0 531.0 51.0
face 0.42 833.0 473.0 872.0 528.0
face 0.41 560.0 88.0 583.0 113.0
face 0.41 55.0 20.0 70.0 38.0
face 0.41 494.0 428.0 506.0 443.0
face 0.40 2.0 144.0 26.0 181.0
face 0.40 766.0 57.0 789.0 86.0
face 0.40 717.0 132.0 731.0 148.0
face 0.40 664.0 400.0 693.0 436.0
face 0.40 54.0 362.0 70.0 382.0
face 0.39 802.0 415.0 825.0 448.0
face 0.39 199.0 101.0 224.0 129.0
face 0.39 103.0 553.0 130.0 580.0
face 0.39 951.0 0.0 963.0 12.0
face 0.39 1014.0 21.0 1024.0 36.0
face 0.38 317.0 3.0 335.0 23.0
face 0.38 1.0 210.0 18.0 233.0
face 0.38 455.0 13.0 471.0 32.0
face 0.38 717.0 87.0 729.0 101.0
face 0.38 192.0 217.0 209.0 237.0
face 0.38 822.0 22.0 833.0 36.0
face 0.37 110.0 269.0 121.0 283.0
face 0.37 849.0 33.0 867.0 54.0
face 0.37 569.0 429.0 586.0 449.0
face 0.37 517.0 0.0 534.0 17.0
face 0.37 396.0 130.0 411.0 149.0
face 0.37 52.0 296.0 70.0 318.0
face 0.37 82.0 11.0 97.0 28.0
face 0.37 236.0 297.0 255.0 320.0
face 0.36 654.0 420.0 667.0 436.0
face 0.36 942.0 406.0 955.0 421.0
face 0.36 917.0 84.0 930.0 99.0
face 0.36 77.0 379.0 94.0 402.0
face 0.36 705.0 190.0 732.0 220.0
face 0.36 411.0 25.0 428.0 47.0
face 0.36 638.0 2.0 654.0 19.0
face 0.36 166.0 463.0 202.0 503.0
face 0.36 87.0 339.0 103.0 359.0
face 0.35 74.0 235.0 91.0 256.0
face 0.35 23.0 122.0 37.0 140.0
face 0.35 363.0 297.0 378.0 315.0
face 0.35 439.0 77.0 450.0 90.0
face 0.35 124.0 242.0 141.0 263.0
face 0.35 108.0 385.0 138.0 419.0
face 0.35 776.0 388.0 823.0 450.0
face 0.35 228.0 32.0 249.0 60.0
face 0.35 935.0 420.0 946.0 434.0
face 0.34 938.0 185.0 968.0 219.0
face 0.34 213.0 2.0 230.0 20.0
face 0.34 229.0 540.0 266.0 573.0
face 0.34 69.0 35.0 85.0 54.0
face 0.34 749.0 20.0 765.0 39.0
face 0.34 20.0 377.0 37.0 401.0
face 0.34 986.0 402.0 1003.0 422.0
face 0.34 570.0 30.0 588.0 51.0
face 0.34 10.0 139.0 28.0 160.0
face 0.34 317.0 116.0 329.0 130.0
face 0.34 445.0 290.0 474.0 326.0
face 0.33 820.0 529.0 834.0 546.0
face 0.33 164.0 136.0 180.0 160.0
face 0.33 998.0 504.0 1015.0 525.0
face 0.33 207.0 438.0 218.0 452.0
face 0.33 236.0 54.0 249.0 71.0
face 0.33 792.0 476.0 808.0 494.0
face 0.33 937.0 390.0 966.0 424.0
face 0.33 361.0 251.0 383.0 276.0
face 0.33 948.0 288.0 996.0 339.0
face 0.33 171.0 3.0 189.0 23.0
face 0.32 907.0 184.0 923.0 204.0
face 0.32 776.0 276.0 805.0 310.0
face 0.32 884.0 45.0 898.0 61.0
face 0.32 750.0 1.0 763.0 13.0
face 0.32 843.0 266.0 862.0 285.0
face 0.32 -1.0 192.0 14.0 217.0
face 0.32 1014.0 517.0 1024.0 532.0
face 0.32 397.0 97.0 412.0 118.0
face 0.32 267.0 -1.0 299.0 28.0
face 0.31 662.0 189.0 674.0 204.0
face 0.31 819.0 26.0 835.0 47.0
face 0.31 263.0 75.0 292.0 108.0
face 0.31 926.0 444.0 939.0 458.0
face 0.31 941.0 421.0 953.0 435.0
face 0.31 454.0 67.0 469.0 85.0
face 0.31 726.0 307.0 741.0 325.0
face 0.31 510.0 29.0 522.0 43.0
face 0.31 70.0 247.0 97.0 280.0
face 0.31 23.0 23.0 35.0 37.0
face 0.31 719.0 116.0 730.0 130.0
face 0.31 509.0 10.0 526.0 30.0
face 0.30 335.0 116.0 346.0 130.0
face 0.30 885.0 252.0 900.0 269.0
face 0.30 394.0 27.0 410.0 46.0
face 0.30 597.0 450.0 609.0 466.0
face 0.30 587.0 431.0 604.0 455.0
face 0.30 934.0 268.0 945.0 282.0
face 0.30 516.0 17.0 531.0 37.0
