face 1.00 802.0 215.0 839.0 265.0
face 1.00 475.0 253.0 510.0 300.0
face 1.00 614.0 234.0 648.0 275.0
face 1.00 93.0 321.0 132.0 387.0
face 1.00 303.0 279.0 335.0 324.0
face 0.99 197.0 365.0 234.0 446.0
face 0.99 49.0 190.0 65.0 211.0
face 0.99 315.0 186.0 330.0 205.0
face 0.99 138.0 182.0 160.0 211.0
face 0.92 874.0 309.0 914.0 383.0
face 0.58 965.0 307.0 1004.0 361.0
face 0.37 1000.0 546.0 1026.0 584.0
face 0.36 612.0 208.0 629.0 228.0
face 0.35 429.0 192.0 441.0 207.0
face 0.35 219.0 192.0 236.0 213.0
face 0.33 895.0 335.0 921.0 372.0
face 0.32 78.0 215.0 103.0 245.0
face 0.32 92.0 202.0 107.0 223.0
face 0.31 616.0 205.0 647.0 238.0
face 0.30 312.0 182.0 324.0 197.0
