face 1.00 614.0 464.0 641.0 499.0
face 1.00 446.0 452.0 474.0 493.0
face 0.95 305.0 431.0 333.0 478.0
face 0.75 601.0 456.0 617.0 478.0
face 0.68 994.0 513.0 1019.0 543.0
face 0.67 669.0 450.0 683.0 468.0
face 0.66 847.0 462.0 860.0 478.0
face 0.58 57.0 492.0 71.0 509.0
face 0.56 159.0 469.0 168.0 481.0
face 0.51 113.0 495.0 147.0 535.0
face 0.50 782.0 462.0 793.0 475.0
face 0.48 835.0 461.0 850.0 480.0
face 0.48 794.0 491.0 807.0 509.0
face 0.46 210.0 500.0 263.0 567.0
face 0.42 149.0 462.0 160.0 476.0
face 0.41 927.0 455.0 938.0 468.0
face 0.40 870.0 533.0 883.0 547.0
face 0.38 801.0 474.0 813.0 490.0
face 0.38 904.0 555.0 919.0 573.0
face 0.37 378.0 468.0 401.0 496.0
face 0.37 147.0 619.0 164.0 642.0
face 0.37 591.0 484.0 605.0 503.0
face 0.36 544.0 525.0 559.0 544.0
face 0.35 143.0 478.0 154.0 492.0
face 0.35 402.0 441.0 421.0 463.0
face 0.35 911.0 469.0 927.0 487.0
face 0.35 572.0 124.0 590.0 145.0
face 0.34 93.0 438.0 104.0 451.0
face 0.34 815.0 487.0 826.0 499.0
face 0.34 686.0 430.0 697.0 445.0
face 0.34 214.0 466.0 228.0 483.0
face 0.34 342.0 459.0 357.0 477.0
face 0.33 873.0 463.0 885.0 477.0
face 0.32 244.0 466.0 260.0 488.0
face 0.32 765.0 460.0 777.0 474.0
face 0.32 525.0 479.0 536.0 492.0
face 0.31 260.0 447.0 278.0 468.0
face 0.31 204.0 467.0 218.0 483.0
face 0.31 148.0 478.0 162.0 494.0
face 0.30 917.0 476.0 930.0 492.0
face 0.30 130.0 183.0 149.0 204.0
