face 1.00 727.0 366.0 765.0 423.0
face 1.00 567.0 224.0 609.0 288.0
face 1.00 315.0 399.0 353.0 466.0
face 0.64 732.0 525.0 754.0 555.0
face 0.59 524.0 347.0 537.0 363.0
face 0.55 18.0 372.0 58.0 419.0
face 0.50 549.0 333.0 565.0 350.0
face 0.47 11.0 374.0 33.0 406.0
face 0.39 3.0 566.0 49.0 640.0
face 0.39 591.0 455.0 620.0 490.0
face 0.35 869.0 507.0 885.0 527.0
face 0.34 848.0 515.0 896.0 564.0
face 0.33 876.0 515.0 891.0 534.0
face 0.32 629.0 492.0 689.0 560.0
face 0.31 506.0 347.0 538.0 392.0
