face 1.00 461.0 275.0 486.0 308.0
face 1.00 554.0 278.0 582.0 312.0
face 1.00 648.0 290.0 679.0 328.0
face 1.00 139.0 358.0 173.0 432.0
face 1.00 253.0 305.0 285.0 354.0
face 0.99 730.0 292.0 758.0 333.0
face 0.98 402.0 278.0 428.0 314.0
face 0.89 914.0 577.0 1007.0 684.0
face 0.80 733.0 326.0 762.0 372.0
face 0.76 418.0 350.0 451.0 403.0
face 0.75 193.0 469.0 265.0 571.0
face 0.75 368.0 310.0 399.0 355.0
face 0.70 854.0 230.0 868.0 248.0
face 0.70 298.0 132.0 332.0 167.0
face 0.68 774.0 47.0 785.0 60.0
face 0.67 620.0 318.0 649.0 356.0
face 0.67 847.0 255.0 859.0 273.0
face 0.61 600.0 227.0 611.0 240.0
face 0.59 142.0 482.0 215.0 569.0
face 0.56 387.0 311.0 403.0 335.0
face 0.52 327.0 305.0 349.0 335.0
face 0.51 373.0 364.0 411.0 412.0
face 0.49 272.0 442.0 352.0 554.0
face 0.41 870.0 253.0 885.0 272.0
face 0.41 671.0 12.0 682.0 27.0
face 0.41 889.0 208.0 914.0 236.0
face 0.41 761.0 334.0 793.0 376.0
face 0.39 606.0 429.0 618.0 444.0
face 0.39 754.0 300.0 772.0 319.0
face 0.38 134.0 386.0 162.0 421.0
face 0.38 776.0 12.0 789.0 30.0
face 0.37 1013.0 411.0 1024.0 427.0
face 0.36 272.0 628.0 319.0 675.0
face 0.36 787.0 343.0 820.0 386.0
face 0.35 557.0 657.0 573.0 677.0
face 0.35 621.0 245.0 631.0 258.0
face 0.32 681.0 552.0 698.0 574.0
face 0.32 558.0 190.0 570.0 206.0
face 0.30 918.0 196.0 932.0 214.0
