face 1.00 569.0 212.0 591.0 239.0
face 1.00 283.0 213.0 305.0 240.0
face 1.00 496.0 211.0 522.0 241.0
face 1.00 120.0 245.0 154.0 289.0
face 1.00 15.0 235.0 40.0 265.0
face 1.00 653.0 203.0 675.0 231.0
face 1.00 187.0 211.0 211.0 242.0
face 1.00 165.0 76.0 186.0 105.0
face 1.00 794.0 88.0 840.0 154.0
face 1.00 694.0 247.0 730.0 295.0
face 1.00 336.0 227.0 365.0 263.0
face 1.00 409.0 220.0 438.0 253.0
face 1.00 212.0 269.0 242.0 303.0
face 0.96 775.0 251.0 803.0 281.0
face 0.89 31.0 325.0 83.0 387.0
face 0.83 646.0 282.0 675.0 329.0
face 0.74 355.0 223.0 374.0 248.0
face 0.58 184.0 389.0 281.0 529.0
face 0.38 68.0 287.0 85.0 307.0
face 0.33 589.0 254.0 604.0 273.0
face 0.33 92.0 537.0 108.0 557.0
face 0.31 69.0 280.0 102.0 313.0
