face 1.00 662.0 456.0 737.0 555.0
face 1.00 172.0 304.0 216.0 360.0
face 1.00 827.0 314.0 881.0 385.0
face 1.00 630.0 280.0 682.0 350.0
face 1.00 848.0 404.0 919.0 503.0
face 1.00 355.0 397.0 399.0 464.0
face 1.00 540.0 349.0 604.0 439.0
face 1.00 457.0 278.0 508.0 339.0
face 1.00 66.0 230.0 102.0 273.0
face 0.98 728.0 293.0 759.0 329.0
face 0.98 9.0 307.0 64.0 381.0
face 0.98 418.0 123.0 455.0 170.0
face 0.97 775.0 292.0 803.0 330.0
face 0.96 12.0 248.0 57.0 306.0
face 0.61 520.0 474.0 536.0 496.0
face 0.47 282.0 289.0 319.0 328.0
face 0.43 691.0 499.0 706.0 517.0
face 0.36 515.0 527.0 623.0 646.0
face 0.32 375.0 304.0 412.0 350.0
face 0.30 148.0 337.0 179.0 380.0
