face 1.00 262.0 298.0 283.0 328.0
face 1.00 801.0 266.0 823.0 294.0
face 1.00 349.0 303.0 371.0 330.0
face 1.00 958.0 331.0 992.0 376.0
face 1.00 197.0 289.0 222.0 320.0
face 1.00 849.0 295.0 878.0 330.0
face 1.00 712.0 320.0 744.0 360.0
face 1.00 455.0 221.0 469.0 240.0
face 1.00 639.0 283.0 665.0 318.0
face 1.00 302.0 258.0 321.0 280.0
face 1.00 533.0 244.0 549.0 266.0
face 0.99 687.0 261.0 707.0 289.0
face 0.99 969.0 292.0 1004.0 329.0
face 0.99 356.0 257.0 373.0 280.0
face 0.99 510.0 238.0 523.0 257.0
face 0.99 435.0 216.0 450.0 236.0
face 0.98 513.0 206.0 534.0 230.0
face 0.98 862.0 241.0 883.0 266.0
face 0.98 493.0 222.0 508.0 242.0
face 0.97 728.0 240.0 744.0 259.0
face 0.96 925.0 218.0 942.0 239.0
face 0.96 482.0 257.0 501.0 283.0
face 0.95 398.0 277.0 418.0 302.0
face 0.95 125.0 55.0 146.0 88.0
face 0.94 803.0 236.0 820.0 257.0
face 0.87 752.0 219.0 766.0 238.0
face 0.87 707.0 251.0 723.0 271.0
face 0.86 122.0 291.0 147.0 324.0
face 0.83 550.0 232.0 567.0 252.0
face 0.78 589.0 194.0 600.0 208.0
face 0.78 566.0 198.0 579.0 213.0
face 0.76 613.0 202.0 624.0 216.0
face 0.71 353.0 236.0 370.0 257.0
face 0.71 605.0 191.0 616.0 203.0
face 0.70 623.0 219.0 635.0 233.0
face 0.68 818.0 188.0 831.0 203.0
face 0.66 873.0 216.0 889.0 234.0
face 0.62 468.0 244.0 483.0 265.0
face 0.62 592.0 231.0 605.0 248.0
face 0.61 942.0 237.0 958.0 255.0
face 0.61 918.0 194.0 932.0 213.0
face 0.57 929.0 204.0 946.0 224.0
face 0.53 657.0 206.0 669.0 222.0
face 0.52 739.0 287.0 770.0 325.0
face 0.51 771.0 207.0 784.0 223.0
face 0.50 778.0 256.0 801.0 287.0
face 0.50 399.0 250.0 414.0 270.0
face 0.49 831.0 198.0 844.0 214.0
face 0.47 821.0 210.0 836.0 229.0
face 0.46 701.0 184.0 716.0 207.0
face 0.46 413.0 238.0 428.0 257.0
face 0.45 902.0 364.0 916.0 384.0
face 0.43 784.0 207.0 794.0 221.0
face 0.43 635.0 187.0 651.0 208.0
face 0.41 570.0 211.0 583.0 228.0
face 0.41 557.0 200.0 574.0 218.0
face 0.37 608.0 196.0 620.0 210.0
face 0.36 910.0 306.0 935.0 343.0
face 0.36 802.0 214.0 817.0 230.0
face 0.35 646.0 221.0 658.0 235.0
face 0.34 525.0 205.0 538.0 221.0
face 0.32 555.0 428.0 634.0 499.0
face 0.32 714.0 359.0 742.0 395.0
face 0.32 835.0 228.0 850.0 248.0
face 0.32 542.0 222.0 554.0 236.0
face 0.31 697.0 254.0 719.0 281.0
face 0.31 552.0 198.0 564.0 212.0
face 0.31 599.0 214.0 610.0 227.0
face 0.30 694.0 190.0 706.0 205.0
face 0.30 829.0 212.0 840.0 227.0
face 0.30 847.0 210.0 861.0 227.0
face 0.30 791.0 198.0 801.0 211.0
