face 1.00 324.0 428.0 358.0 470.0
face 1.00 755.0 428.0 797.0 486.0
face 1.00 558.0 398.0 585.0 431.0
face 1.00 89.0 497.0 130.0 552.0
face 1.00 668.0 411.0 696.0 447.0
face 1.00 462.0 397.0 482.0 424.0
face 1.00 0.0 459.0 34.0 512.0
face 1.00 196.0 571.0 242.0 640.0
face 1.00 397.0 407.0 421.0 438.0
face 1.00 445.0 417.0 468.0 446.0
face 1.00 237.0 406.0 263.0 444.0
face 1.00 606.0 414.0 630.0 447.0
face 1.00 743.0 396.0 766.0 427.0
face 1.00 197.0 417.0 226.0 453.0
face 1.00 486.0 399.0 510.0 432.0
face 0.99 525.0 415.0 551.0 449.0
face 0.99 640.0 396.0 664.0 424.0
face 0.99 832.0 435.0 870.0 494.0
face 0.99 811.0 383.0 836.0 412.0
face 0.98 701.0 414.0 720.0 437.0
face 0.97 77.0 689.0 121.0 764.0
face 0.94 81.0 454.0 112.0 488.0
face 0.89 497.0 384.0 519.0 411.0
face 0.83 355.0 393.0 378.0 420.0
face 0.80 359.0 423.0 377.0 447.0
face 0.65 543.0 389.0 560.0 409.0
face 0.64 233.0 463.0 260.0 498.0
face 0.58 626.0 394.0 643.0 415.0
face 0.49 183.0 516.0 219.0 555.0
face 0.49 716.0 685.0 784.0 761.0
face 0.47 782.0 199.0 793.0 212.0
face 0.41 341.0 421.0 373.0 460.0
face 0.36 347.0 402.0 378.0 443.0
face 0.36 534.0 561.0 549.0 579.0
face 0.35 409.0 382.0 435.0 412.0
face 0.35 767.0 262.0 778.0 275.0
face 0.34 672.0 206.0 684.0 220.0
face 0.32 419.0 517.0 441.0 547.0
