face 1.00 770.0 214.0 809.0 263.0
face 1.00 656.0 161.0 683.0 193.0
face 1.00 360.0 153.0 376.0 175.0
face 1.00 831.0 89.0 858.0 125.0
face 1.00 599.0 147.0 612.0 162.0
face 1.00 942.0 245.0 995.0 330.0
face 1.00 75.0 216.0 112.0 280.0
face 1.00 910.0 161.0 926.0 181.0
face 1.00 35.0 259.0 83.0 333.0
face 1.00 160.0 210.0 189.0 257.0
face 1.00 711.0 170.0 739.0 206.0
face 1.00 281.0 176.0 308.0 215.0
face 0.99 294.0 167.0 317.0 196.0
face 0.95 1010.0 170.0 1024.0 193.0
face 0.94 702.0 111.0 713.0 126.0
face 0.94 432.0 103.0 443.0 116.0
face 0.92 615.0 146.0 630.0 165.0
face 0.91 384.0 148.0 398.0 166.0
face 0.90 453.0 147.0 466.0 163.0
face 0.90 574.0 108.0 586.0 121.0
face 0.89 832.0 220.0 873.0 264.0
face 0.87 803.0 177.0 827.0 209.0
face 0.87 971.0 164.0 986.0 183.0
face 0.86 959.0 166.0 975.0 183.0
face 0.83 191.0 265.0 219.0 296.0
face 0.82 591.0 168.0 605.0 184.0
face 0.81 772.0 144.0 787.0 162.0
face 0.79 643.0 153.0 663.0 181.0
face 0.79 791.0 138.0 803.0 153.0
face 0.78 551.0 103.0 562.0 117.0
face 0.72 735.0 99.0 748.0 115.0
face 0.71 787.0 168.0 803.0 188.0
face 0.69 524.0 102.0 535.0 117.0
face 0.65 756.0 145.0 771.0 163.0
face 0.57 594.0 6.0 634.0 55.0
face 0.57 650.0 141.0 666.0 160.0
face 0.52 489.0 179.0 502.0 195.0
face 0.50 662.0 132.0 673.0 145.0
face 0.50 412.0 18.0 442.0 54.0
face 0.45 525.0 190.0 538.0 205.0
face 0.45 819.0 206.0 848.0 239.0
face 0.42 509.0 109.0 524.0 126.0
face 0.41 348.0 308.0 380.0 344.0
face 0.40 797.0 591.0 891.0 671.0
face 0.40 311.0 95.0 322.0 109.0
face 0.40 583.0 149.0 594.0 161.0
face 0.38 895.0 547.0 922.0 578.0
face 0.38 544.0 6.0 586.0 54.0
face 0.38 314.0 412.0 332.0 436.0
face 0.37 316.0 116.0 330.0 133.0
face 0.35 303.0 108.0 318.0 128.0
face 0.35 643.0 1.0 690.0 55.0
face 0.35 327.0 201.0 341.0 220.0
face 0.35 608.0 217.0 627.0 238.0
face 0.35 375.0 169.0 389.0 187.0
face 0.34 819.0 373.0 875.0 434.0
face 0.34 749.0 225.0 777.0 261.0
face 0.34 574.0 181.0 589.0 198.0
face 0.34 791.0 169.0 816.0 197.0
face 0.34 549.0 191.0 560.0 205.0
face 0.33 711.0 133.0 722.0 147.0
face 0.33 715.0 108.0 728.0 125.0
face 0.32 298.0 329.0 323.0 356.0
face 0.32 813.0 115.0 827.0 134.0
face 0.31 41.0 354.0 57.0 374.0
face 0.31 412.0 175.0 422.0 187.0
face 0.31 26.0 212.0 43.0 233.0
face 0.31 557.0 102.0 569.0 116.0
face 0.30 596.0 287.0 611.0 307.0
face 0.30 752.0 143.0 763.0 157.0
face 0.30 735.0 138.0 747.0 153.0
face 0.30 129.0 401.0 176.0 459.0
face 0.30 562.0 270.0 579.0 295.0
