face 1.00 242.0 218.0 290.0 284.0
face 0.99 38.0 507.0 51.0 524.0
face 0.98 130.0 479.0 145.0 501.0
face 0.98 57.0 510.0 75.0 531.0
face 0.94 100.0 477.0 115.0 496.0
face 0.93 80.0 507.0 95.0 525.0
face 0.89 29.0 527.0 41.0 544.0
face 0.80 101.0 514.0 116.0 532.0
face 0.53 76.0 480.0 90.0 498.0
face 0.51 1.0 535.0 14.0 554.0
face 0.36 111.0 498.0 126.0 514.0
face 0.35 15.0 510.0 27.0 523.0
face 0.34 956.0 327.0 985.0 360.0
face 0.34 987.0 339.0 1005.0 362.0
face 0.34 103.0 533.0 114.0 546.0
face 0.33 49.0 486.0 68.0 509.0
face 0.33 989.0 262.0 1006.0 279.0
face 0.33 972.0 270.0 984.0 283.0
face 0.31 918.0 332.0 930.0 346.0
