face 1.00 516.0 374.0 552.0 421.0
face 1.00 999.0 380.0 1026.0 420.0
face 1.00 816.0 397.0 850.0 443.0
face 1.00 251.0 354.0 288.0 403.0
face 1.00 320.0 366.0 346.0 400.0
face 0.99 61.0 350.0 89.0 387.0
face 0.84 855.0 124.0 868.0 141.0
face 0.64 886.0 115.0 901.0 132.0
face 0.40 869.0 121.0 885.0 142.0
face 0.39 753.0 348.0 788.0 416.0
face 0.34 268.0 13.0 326.0 82.0
face 0.34 918.0 331.0 931.0 347.0
face 0.33 55.0 135.0 72.0 157.0
face 0.33 717.0 5.0 798.0 106.0
face 0.32 30.0 131.0 47.0 152.0
face 0.32 59.0 49.0 76.0 68.0
face 0.31 108.0 79.0 131.0 111.0
