face 1.00 581.0 234.0 606.0 266.0
face 1.00 490.0 248.0 516.0 278.0
face 1.00 92.0 181.0 146.0 253.0
face 1.00 355.0 291.0 385.0 324.0
face 0.95 726.0 234.0 743.0 257.0
face 0.88 411.0 256.0 438.0 287.0
face 0.74 2.0 303.0 32.0 354.0
face 0.73 280.0 244.0 310.0 277.0
face 0.72 847.0 236.0 870.0 266.0
face 0.71 644.0 227.0 663.0 250.0
face 0.61 201.0 251.0 228.0 283.0
face 0.59 169.0 459.0 198.0 494.0
face 0.55 319.0 135.0 331.0 149.0
face 0.55 464.0 271.0 475.0 285.0
face 0.52 787.0 199.0 806.0 223.0
face 0.41 346.0 548.0 372.0 575.0
face 0.38 39.0 230.0 74.0 275.0
face 0.38 179.0 225.0 202.0 253.0
face 0.38 -1.0 149.0 9.0 165.0
face 0.33 416.0 355.0 442.0 391.0
face 0.32 384.0 258.0 398.0 276.0
face 0.31 826.0 239.0 859.0 287.0
