face 1.00 212.0 221.0 227.0 238.0
face 0.98 778.0 339.0 795.0 360.0
face 0.85 397.0 326.0 414.0 346.0
face 0.75 646.0 354.0 670.0 378.0
face 0.58 435.0 306.0 450.0 324.0
face 0.42 331.0 503.0 381.0 572.0
face 0.41 234.0 418.0 252.0 438.0
face 0.39 674.0 420.0 689.0 438.0
face 0.39 1002.0 616.0 1019.0 637.0
face 0.34 331.0 402.0 346.0 420.0
face 0.34 388.0 329.0 405.0 349.0
face 0.33 182.0 263.0 194.0 277.0
face 0.33 644.0 363.0 657.0 378.0
face 0.32 750.0 372.0 774.0 402.0
face 0.32 259.0 492.0 275.0 514.0
face 0.32 443.0 307.0 458.0 324.0
face 0.31 156.0 149.0 168.0 163.0
face 0.30 378.0 372.0 407.0 408.0
face 0.30 228.0 264.0 245.0 285.0
