face 1.00 326.0 156.0 352.0 191.0
face 1.00 560.0 198.0 586.0 230.0
face 1.00 674.0 155.0 697.0 184.0
face 1.00 824.0 198.0 853.0 235.0
face 1.00 340.0 312.0 367.0 345.0
face 1.00 224.0 203.0 252.0 239.0
face 1.00 723.0 144.0 746.0 172.0
face 1.00 69.0 157.0 101.0 197.0
face 1.00 575.0 112.0 597.0 142.0
face 1.00 395.0 368.0 424.0 405.0
face 1.00 657.0 367.0 684.0 405.0
face 1.00 695.0 219.0 724.0 255.0
face 1.00 674.0 194.0 700.0 228.0
face 1.00 601.0 186.0 626.0 218.0
face 1.00 366.0 193.0 394.0 226.0
face 1.00 719.0 175.0 744.0 206.0
face 1.00 283.0 169.0 306.0 196.0
face 1.00 468.0 308.0 498.0 345.0
face 1.00 900.0 192.0 929.0 229.0
face 1.00 252.0 147.0 277.0 178.0
face 1.00 296.0 271.0 323.0 303.0
face 1.00 971.0 342.0 1001.0 383.0
face 1.00 515.0 194.0 540.0 225.0
face 1.00 494.0 165.0 519.0 196.0
face 1.00 200.0 359.0 234.0 400.0
face 1.00 624.0 205.0 650.0 234.0
face 1.00 13.0 180.0 44.0 218.0
face 1.00 583.0 155.0 608.0 185.0
face 1.00 715.0 353.0 746.0 391.0
face 1.00 762.0 155.0 787.0 185.0
face 1.00 460.0 191.0 486.0 224.0
face 1.00 860.0 325.0 890.0 365.0
face 1.00 598.0 361.0 626.0 397.0
face 1.00 448.0 164.0 470.0 190.0
face 1.00 401.0 145.0 427.0 182.0
face 1.00 530.0 343.0 558.0 379.0
face 1.00 268.0 197.0 296.0 232.0
face 1.00 110.0 172.0 140.0 210.0
face 1.00 363.0 158.0 389.0 191.0
face 1.00 511.0 100.0 535.0 129.0
face 0.98 384.0 457.0 408.0 485.0
face 0.97 191.0 175.0 220.0 213.0
face 0.97 308.0 380.0 338.0 419.0
face 0.97 163.0 146.0 191.0 181.0
face 0.88 754.0 224.0 783.0 261.0
face 0.88 449.0 394.0 479.0 431.0
face 0.82 145.0 191.0 177.0 229.0
face 0.78 162.0 539.0 178.0 559.0
face 0.78 776.0 447.0 806.0 481.0
face 0.72 437.0 574.0 466.0 607.0
face 0.38 379.0 24.0 395.0 43.0
face 0.38 388.0 -2.0 427.0 47.0
face 0.36 391.0 537.0 406.0 556.0
face 0.36 460.0 478.0 486.0 508.0
face 0.36 174.0 514.0 187.0 529.0
face 0.35 904.0 167.0 921.0 188.0
face 0.34 832.0 592.0 847.0 611.0
face 0.32 615.0 468.0 627.0 482.0
face 0.31 727.0 461.0 742.0 482.0
face 0.31 105.0 7.0 129.0 36.0
face 0.31 349.0 147.0 366.0 167.0
face 0.30 793.0 523.0 809.0 541.0
