face 1.00 853.0 332.0 933.0 435.0
face 1.00 543.0 106.0 591.0 168.0
face 1.00 84.0 106.0 150.0 191.0
face 1.00 683.0 121.0 740.0 193.0
face 1.00 78.0 301.0 149.0 389.0
face 1.00 377.0 144.0 432.0 209.0
face 1.00 246.0 112.0 306.0 192.0
face 1.00 913.0 139.0 974.0 212.0
face 1.00 554.0 383.0 617.0 467.0
face 1.00 290.0 336.0 353.0 422.0
face 1.00 671.0 326.0 732.0 411.0
face 0.99 861.0 200.0 906.0 259.0
face 0.99 580.0 45.0 603.0 73.0
face 0.80 774.0 92.0 827.0 165.0
face 0.34 608.0 90.0 635.0 119.0
