face 1.00 709.0 0.0 750.0 46.0
face 1.00 402.0 138.0 475.0 227.0
face 1.00 646.0 192.0 711.0 279.0
face 1.00 359.0 7.0 409.0 65.0
face 1.00 206.0 112.0 275.0 201.0
face 1.00 654.0 111.0 709.0 178.0
face 1.00 698.0 56.0 742.0 111.0
face 1.00 823.0 108.0 883.0 182.0
face 1.00 377.0 69.0 432.0 137.0
face 1.00 323.0 -2.0 357.0 36.0
face 1.00 167.0 78.0 218.0 141.0
face 0.92 871.0 52.0 923.0 119.0
face 0.84 825.0 123.0 847.0 153.0
face 0.76 528.0 4.0 574.0 66.0
face 0.50 0.0 100.0 22.0 134.0
face 0.48 131.0 1.0 169.0 54.0
face 0.41 2.0 17.0 56.0 89.0
face 0.36 76.0 44.0 134.0 111.0
face 0.31 441.0 8.0 495.0 78.0
face 0.31 414.0 2.0 454.0 51.0
face 0.30 890.0 98.0 908.0 120.0
face 0.30 885.0 96.0 922.0 137.0
face 0.30 830.0 329.0 846.0 348.0
