face 1.00 290.0 167.0 324.0 206.0
face 0.99 187.0 136.0 218.0 173.0
face 0.95 482.0 407.0 509.0 437.0
face 0.84 425.0 87.0 465.0 138.0
face 0.72 328.0 240.0 345.0 261.0
face 0.68 302.0 264.0 318.0 285.0
face 0.68 71.0 77.0 116.0 128.0
face 0.65 113.0 148.0 136.0 180.0
face 0.61 50.0 147.0 66.0 165.0
face 0.57 458.0 193.0 472.0 210.0
face 0.53 124.0 188.0 141.0 209.0
face 0.47 98.0 315.0 117.0 338.0
face 0.47 377.0 459.0 402.0 490.0
face 0.42 251.0 336.0 267.0 358.0
face 0.42 45.0 210.0 66.0 238.0
face 0.40 221.0 260.0 234.0 275.0
face 0.39 140.0 392.0 158.0 413.0
face 0.39 39.0 467.0 64.0 498.0
face 0.38 327.0 265.0 355.0 301.0
face 0.38 121.0 441.0 138.0 464.0
face 0.37 411.0 325.0 427.0 344.0
face 0.37 109.0 276.0 136.0 314.0
face 0.37 98.0 492.0 115.0 511.0
face 0.36 357.0 324.0 369.0 337.0
face 0.35 53.0 279.0 71.0 301.0
face 0.35 93.0 349.0 104.0 363.0
face 0.34 388.0 145.0 406.0 166.0
face 0.34 91.0 307.0 108.0 327.0
face 0.33 431.0 196.0 444.0 213.0
face 0.32 379.0 154.0 395.0 174.0
face 0.32 196.0 100.0 215.0 120.0
face 0.32 430.0 332.0 443.0 351.0
face 0.31 125.0 390.0 137.0 404.0
face 0.31 73.0 298.0 92.0 320.0
face 0.31 62.0 112.0 105.0 158.0
face 0.30 412.0 383.0 428.0 405.0
face 0.30 375.0 333.0 386.0 346.0
face 0.30 156.0 326.0 173.0 347.0
face 0.30 131.0 129.0 149.0 149.0
