face 1.00 492.0 562.0 563.0 644.0
face 1.00 456.0 195.0 501.0 244.0
face 1.00 142.0 20.0 213.0 87.0
face 1.00 404.0 388.0 453.0 452.0
face 1.00 341.0 284.0 393.0 339.0
face 1.00 766.0 414.0 789.0 443.0
face 1.00 620.0 375.0 665.0 426.0
face 1.00 513.0 202.0 559.0 245.0
face 1.00 939.0 549.0 975.0 593.0
face 1.00 465.0 133.0 503.0 180.0
face 1.00 551.0 251.0 598.0 300.0
face 1.00 588.0 304.0 631.0 352.0
face 1.00 881.0 528.0 914.0 569.0
face 1.00 822.0 416.0 858.0 459.0
face 1.00 885.0 478.0 917.0 515.0
face 1.00 981.0 607.0 1018.0 648.0
face 0.99 740.0 361.0 769.0 395.0
face 0.92 719.0 332.0 746.0 364.0
face 0.70 619.0 542.0 645.0 580.0
face 0.69 267.0 198.0 324.0 281.0
face 0.39 134.0 492.0 192.0 565.0
face 0.37 132.0 595.0 158.0 626.0
face 0.34 141.0 208.0 201.0 274.0
face 0.33 760.0 156.0 801.0 212.0
face 0.32 712.0 533.0 819.0 636.0
face 0.32 282.0 240.0 313.0 277.0
face 0.32 471.0 550.0 497.0 586.0
face 0.31 634.0 554.0 651.0 576.0
