face 1.00 297.0 6.0 341.0 61.0
face 1.00 581.0 25.0 623.0 79.0
face 1.00 489.0 -1.0 536.0 57.0
face 1.00 850.0 87.0 909.0 156.0
face 1.00 217.0 240.0 275.0 311.0
face 1.00 594.0 93.0 648.0 160.0
face 1.00 437.0 233.0 497.0 309.0
face 1.00 223.0 58.0 280.0 127.0
face 1.00 135.0 6.0 188.0 66.0
face 1.00 650.0 68.0 695.0 117.0
face 1.00 667.0 262.0 736.0 342.0
face 1.00 570.0 203.0 631.0 277.0
face 1.00 709.0 75.0 758.0 135.0
face 1.00 695.0 154.0 757.0 233.0
face 1.00 356.0 37.0 408.0 114.0
face 1.00 0.0 70.0 33.0 139.0
face 0.99 439.0 68.0 489.0 132.0
face 0.98 980.0 27.0 998.0 52.0
face 0.95 519.0 81.0 570.0 141.0
face 0.91 103.0 289.0 177.0 362.0
face 0.91 49.0 68.0 110.0 141.0
face 0.76 321.0 221.0 381.0 296.0
face 0.48 861.0 44.0 877.0 65.0
face 0.37 55.0 223.0 77.0 251.0
face 0.34 696.0 172.0 724.0 205.0
face 0.32 1004.0 144.0 1020.0 167.0
face 0.32 400.0 93.0 423.0 120.0
face 0.31 569.0 77.0 591.0 108.0
face 0.31 499.0 301.0 553.0 377.0
face 0.30 -2.0 60.0 27.0 96.0
