face 1.00 360.0 340.0 384.0 369.0
face 1.00 586.0 236.0 608.0 265.0
face 1.00 441.0 329.0 464.0 358.0
face 1.00 843.0 247.0 864.0 274.0
face 1.00 889.0 265.0 911.0 293.0
face 1.00 232.0 255.0 257.0 287.0
face 1.00 296.0 349.0 318.0 377.0
face 1.00 672.0 269.0 692.0 297.0
face 1.00 559.0 239.0 582.0 267.0
face 1.00 734.0 282.0 755.0 310.0
face 1.00 653.0 261.0 671.0 283.0
face 1.00 306.0 264.0 325.0 291.0
face 1.00 612.0 232.0 634.0 262.0
face 1.00 265.0 248.0 286.0 276.0
face 1.00 768.0 243.0 789.0 269.0
face 1.00 825.0 248.0 846.0 275.0
face 1.00 459.0 250.0 480.0 278.0
face 1.00 431.0 245.0 455.0 278.0
face 1.00 736.0 228.0 755.0 253.0
face 1.00 666.0 233.0 687.0 258.0
face 1.00 624.0 260.0 645.0 287.0
face 1.00 480.0 214.0 499.0 238.0
face 1.00 133.0 333.0 161.0 367.0
face 1.00 354.0 264.0 374.0 289.0
face 1.00 520.0 346.0 541.0 374.0
face 1.00 385.0 229.0 406.0 254.0
face 1.00 390.0 259.0 409.0 283.0
face 1.00 800.0 240.0 820.0 265.0
face 1.00 235.0 346.0 260.0 378.0
face 1.00 204.0 240.0 222.0 261.0
face 1.00 521.0 221.0 538.0 242.0
face 1.00 331.0 260.0 349.0 283.0
face 1.00 672.0 355.0 695.0 383.0
face 1.00 467.0 234.0 487.0 258.0
face 1.00 952.0 265.0 971.0 288.0
face 1.00 282.0 232.0 301.0 255.0
face 1.00 63.0 319.0 89.0 350.0
face 1.00 247.0 234.0 262.0 253.0
face 1.00 334.0 241.0 353.0 265.0
face 1.00 175.0 261.0 197.0 287.0
face 1.00 218.0 231.0 234.0 252.0
face 1.00 475.0 267.0 500.0 296.0
face 1.00 176.0 227.0 191.0 246.0
face 1.00 575.0 358.0 597.0 385.0
face 1.00 136.0 237.0 150.0 255.0
face 1.00 148.0 254.0 164.0 274.0
face 1.00 317.0 220.0 332.0 241.0
face 0.99 411.0 242.0 431.0 267.0
face 0.99 96.0 260.0 116.0 284.0
face 0.98 106.0 235.0 129.0 260.0
face 0.98 306.0 231.0 322.0 251.0
face 0.98 520.0 259.0 540.0 285.0
face 0.98 69.0 234.0 91.0 265.0
face 0.97 701.0 231.0 718.0 253.0
face 0.97 709.0 243.0 727.0 265.0
face 0.96 359.0 243.0 377.0 267.0
face 0.94 646.0 233.0 658.0 249.0
face 0.93 301.0 250.0 319.0 273.0
face 0.87 540.0 250.0 556.0 271.0
face 0.67 398.0 355.0 411.0 371.0
face 0.61 511.0 459.0 523.0 475.0
face 0.58 524.0 244.0 543.0 264.0
face 0.51 635.0 244.0 652.0 262.0
face 0.41 620.0 353.0 644.0 381.0
face 0.41 290.0 266.0 304.0 284.0
face 0.39 573.0 457.0 587.0 475.0
face 0.37 0.0 439.0 15.0 461.0
face 0.36 669.0 323.0 683.0 342.0
face 0.35 474.0 222.0 494.0 249.0
face 0.33 148.0 314.0 162.0 332.0
face 0.33 321.0 308.0 338.0 328.0
face 0.32 650.0 578.0 666.0 597.0
face 0.32 939.0 299.0 953.0 316.0
face 0.32 596.0 438.0 609.0 452.0
face 0.32 473.0 249.0 492.0 269.0
face 0.31 238.0 404.0 252.0 423.0
face 0.31 146.0 573.0 171.0 599.0
face 0.31 786.0 359.0 802.0 377.0
face 0.31 363.0 298.0 377.0 315.0
face 0.31 0.0 329.0 15.0 350.0
face 0.30 104.0 406.0 115.0 420.0
face 0.30 275.0 450.0 288.0 466.0
face 0.30 345.0 293.0 357.0 307.0
