face 1.00 310.0 191.0 354.0 245.0
face 1.00 499.0 190.0 540.0 242.0
face 1.00 510.0 127.0 529.0 152.0
face 1.00 820.0 165.0 845.0 200.0
face 1.00 773.0 192.0 806.0 232.0
face 1.00 106.0 151.0 147.0 202.0
face 1.00 361.0 134.0 381.0 161.0
face 1.00 737.0 130.0 763.0 161.0
face 1.00 917.0 292.0 970.0 360.0
face 1.00 646.0 224.0 681.0 284.0
face 1.00 637.0 138.0 665.0 174.0
face 0.99 395.0 149.0 422.0 179.0
face 0.99 296.0 160.0 318.0 191.0
face 0.97 922.0 179.0 948.0 216.0
face 0.89 664.0 126.0 687.0 158.0
face 0.85 533.0 175.0 562.0 210.0
face 0.81 406.0 203.0 435.0 244.0
face 0.73 504.0 334.0 565.0 418.0
face 0.66 311.0 121.0 335.0 154.0
face 0.46 220.0 458.0 365.0 588.0
face 0.43 96.0 327.0 130.0 364.0
face 0.38 446.0 146.0 462.0 169.0
face 0.37 380.0 165.0 396.0 185.0
face 0.34 437.0 141.0 451.0 158.0
face 0.30 940.0 461.0 998.0 506.0
face 0.30 273.0 280.0 298.0 316.0
face 0.30 2.0 435.0 47.0 498.0
