face 1.00 390.0 494.0 484.0 602.0
face 0.99 119.0 456.0 220.0 630.0
face 0.99 621.0 204.0 638.0 224.0
face 0.98 420.0 239.0 436.0 257.0
face 0.97 503.0 227.0 519.0 246.0
face 0.81 546.0 222.0 558.0 237.0
face 0.72 583.0 193.0 594.0 206.0
face 0.63 666.0 263.0 689.0 289.0
face 0.58 222.0 224.0 233.0 238.0
face 0.44 680.0 539.0 694.0 557.0
face 0.40 600.0 205.0 613.0 221.0
face 0.38 392.0 198.0 405.0 213.0
face 0.36 150.0 124.0 161.0 136.0
face 0.34 282.0 445.0 297.0 461.0
face 0.33 318.0 456.0 361.0 519.0
face 0.33 277.0 253.0 292.0 274.0
face 0.31 67.0 249.0 82.0 269.0
face 0.31 193.0 738.0 210.0 760.0
face 0.31 1014.0 156.0 1024.0 171.0
face 0.31 263.0 447.0 273.0 460.0
face 0.30 590.0 563.0 602.0 578.0
face 0.30 278.0 695.0 290.0 709.0
face 0.30 572.0 238.0 584.0 252.0
face 0.30 311.0 198.0 322.0 211.0
