face 1.00 751.0 265.0 773.0 292.0
face 1.00 183.0 290.0 206.0 317.0
face 1.00 601.0 263.0 624.0 290.0
face 1.00 230.0 398.0 255.0 429.0
face 1.00 357.0 405.0 383.0 437.0
face 1.00 435.0 333.0 461.0 364.0
face 1.00 879.0 212.0 904.0 241.0
face 1.00 316.0 334.0 340.0 361.0
face 0.57 894.0 43.0 905.0 57.0
face 0.56 728.0 33.0 741.0 49.0
face 0.55 765.0 304.0 797.0 346.0
face 0.46 408.0 464.0 425.0 486.0
face 0.46 165.0 525.0 177.0 538.0
face 0.42 331.0 388.0 349.0 408.0
face 0.41 204.0 326.0 221.0 348.0
face 0.40 875.0 275.0 893.0 299.0
face 0.40 748.0 389.0 772.0 420.0
face 0.39 189.0 421.0 205.0 442.0
face 0.39 590.0 304.0 605.0 324.0
face 0.39 656.0 349.0 667.0 362.0
face 0.38 929.0 308.0 944.0 326.0
face 0.37 316.0 494.0 327.0 507.0
face 0.35 164.0 468.0 177.0 483.0
face 0.34 614.0 302.0 626.0 316.0
face 0.34 773.0 300.0 791.0 321.0
face 0.34 603.0 336.0 621.0 359.0
face 0.33 368.0 471.0 384.0 495.0
face 0.33 316.0 183.0 333.0 202.0
face 0.33 1008.0 436.0 1021.0 453.0
face 0.32 228.0 484.0 243.0 504.0
face 0.32 313.0 392.0 328.0 411.0
face 0.32 877.0 325.0 889.0 339.0
face 0.31 363.0 353.0 385.0 379.0
face 0.31 388.0 379.0 405.0 399.0
face 0.31 447.0 520.0 459.0 533.0
face 0.31 196.0 376.0 211.0 397.0
face 0.31 742.0 302.0 753.0 315.0
face 0.31 207.0 365.0 220.0 380.0
face 0.31 869.0 318.0 883.0 334.0
face 0.31 470.0 453.0 481.0 466.0
face 0.31 881.0 196.0 900.0 216.0
face 0.30 573.0 477.0 586.0 491.0
face 0.30 750.0 38.0 761.0 51.0
face 0.30 693.0 557.0 706.0 572.0
face 0.30 757.0 159.0 768.0 172.0
face 0.30 492.0 194.0 506.0 212.0
face 0.30 870.0 540.0 881.0 554.0
