face 1.00 677.0 454.0 724.0 516.0
face 1.00 299.0 162.0 353.0 230.0
face 0.82 519.0 597.0 573.0 673.0
face 0.63 375.0 1214.0 385.0 1227.0
face 0.58 511.0 766.0 522.0 779.0
face 0.47 394.0 1206.0 409.0 1224.0
face 0.46 563.0 275.0 583.0 301.0
face 0.44 656.0 1206.0 668.0 1219.0
face 0.43 407.0 1264.0 421.0 1280.0
face 0.41 613.0 905.0 643.0 940.0
face 0.40 438.0 1261.0 451.0 1277.0
face 0.38 645.0 863.0 661.0 884.0
face 0.37 649.0 1132.0 675.0 1161.0
face 0.37 316.0 1262.0 331.0 1278.0
face 0.36 229.0 1259.0 245.0 1278.0
face 0.36 422.0 1261.0 434.0 1276.0
face 0.35 434.0 903.0 453.0 928.0
face 0.34 107.0 1.0 142.0 30.0
face 0.34 96.0 1093.0 122.0 1127.0
face 0.34 588.0 256.0 605.0 275.0
face 0.34 373.0 1191.0 391.0 1214.0
face 0.33 898.0 1107.0 916.0 1129.0
face 0.33 861.0 926.0 888.0 960.0
face 0.33 531.0 1028.0 547.0 1050.0
face 0.32 426.0 939.0 446.0 967.0
face 0.32 265.0 1204.0 284.0 1225.0
face 0.32 612.0 944.0 628.0 966.0
face 0.32 70.0 1112.0 86.0 1134.0
face 0.32 974.0 68.0 1002.0 105.0
face 0.32 350.0 293.0 361.0 306.0
face 0.31 1001.0 212.0 1026.0 258.0
face 0.31 299.0 1261.0 313.0 1278.0
face 0.31 290.0 1210.0 308.0 1230.0
face 0.31 540.0 766.0 551.0 778.0
face 0.31 395.0 942.0 414.0 967.0
face 0.31 883.0 988.0 913.0 1021.0
face 0.31 309.0 1230.0 320.0 1243.0
face 0.31 994.0 235.0 1021.0 277.0
face 0.31 335.0 1221.0 347.0 1235.0
face 0.31 734.0 583.0 761.0 618.0
face 0.30 348.0 1200.0 363.0 1221.0
face 0.30 829.0 66.0 858.0 101.0
face 0.30 428.0 1233.0 447.0 1254.0
face 0.30 214.0 335.0 226.0 348.0
