face 1.00 690.0 420.0 705.0 439.0
face 1.00 663.0 394.0 676.0 411.0
face 0.99 363.0 449.0 378.0 468.0
face 0.99 625.0 387.0 637.0 402.0
face 0.98 507.0 389.0 521.0 407.0
face 0.98 219.0 356.0 232.0 372.0
face 0.98 390.0 350.0 402.0 366.0
face 0.98 411.0 322.0 424.0 338.0
face 0.98 366.0 384.0 381.0 404.0
face 0.97 55.0 420.0 69.0 439.0
face 0.97 713.0 416.0 727.0 434.0
face 0.97 577.0 449.0 592.0 467.0
face 0.96 547.0 324.0 559.0 340.0
face 0.96 448.0 380.0 461.0 396.0
face 0.95 353.0 321.0 367.0 340.0
face 0.95 472.0 244.0 485.0 260.0
face 0.95 76.0 449.0 94.0 469.0
face 0.95 671.0 349.0 683.0 364.0
face 0.95 620.0 298.0 632.0 314.0
face 0.95 345.0 271.0 355.0 283.0
face 0.94 638.0 298.0 650.0 313.0
face 0.94 925.0 385.0 940.0 405.0
face 0.94 468.0 390.0 482.0 409.0
face 0.94 393.0 417.0 407.0 435.0
face 0.94 885.0 450.0 898.0 466.0
face 0.93 865.0 276.0 877.0 291.0
face 0.93 546.0 390.0 561.0 408.0
face 0.93 346.0 294.0 357.0 308.0
face 0.93 193.0 420.0 205.0 436.0
face 0.93 943.0 351.0 954.0 365.0
face 0.93 194.0 391.0 209.0 411.0
face 0.92 545.0 452.0 559.0 469.0
face 0.92 199.0 303.0 209.0 316.0
face 0.92 876.0 420.0 889.0 435.0
face 0.92 210.0 324.0 221.0 340.0
face 0.92 386.0 390.0 400.0 409.0
face 0.91 876.0 332.0 888.0 347.0
face 0.91 828.0 449.0 842.0 467.0
face 0.91 561.0 378.0 576.0 396.0
face 0.91 241.0 326.0 253.0 343.0
face 0.90 669.0 421.0 681.0 436.0
face 0.90 448.0 418.0 464.0 438.0
face 0.90 258.0 453.0 271.0 469.0
face 0.90 565.0 326.0 578.0 341.0
face 0.90 455.0 240.0 467.0 256.0
face 0.90 431.0 322.0 444.0 338.0
face 0.90 327.0 348.0 341.0 368.0
face 0.90 248.0 221.0 259.0 234.0
face 0.90 238.0 358.0 249.0 371.0
face 0.90 594.0 422.0 608.0 441.0
face 0.90 818.0 246.0 830.0 260.0
face 0.89 424.0 269.0 437.0 285.0
face 0.89 826.0 273.0 838.0 288.0
face 0.89 716.0 446.0 733.0 466.0
face 0.89 120.0 452.0 133.0 469.0
face 0.89 849.0 385.0 862.0 402.0
face 0.88 570.0 297.0 583.0 313.0
face 0.88 676.0 386.0 689.0 404.0
face 0.88 886.0 280.0 898.0 295.0
face 0.88 333.0 322.0 347.0 339.0
face 0.88 349.0 352.0 363.0 369.0
face 0.88 267.0 271.0 282.0 291.0
face 0.87 26.0 388.0 40.0 405.0
face 0.87 266.0 323.0 281.0 340.0
face 0.87 337.0 222.0 346.0 233.0
face 0.87 663.0 241.0 675.0 257.0
face 0.87 794.0 447.0 808.0 465.0
face 0.87 322.0 295.0 333.0 309.0
face 0.87 647.0 418.0 660.0 435.0
face 0.86 182.0 246.0 195.0 262.0
face 0.86 277.0 395.0 289.0 410.0
face 0.86 609.0 450.0 624.0 469.0
face 0.86 776.0 350.0 789.0 366.0
face 0.86 408.0 272.0 421.0 288.0
face 0.86 132.0 241.0 144.0 257.0
face 0.85 864.0 386.0 876.0 401.0
face 0.85 310.0 397.0 325.0 414.0
face 0.85 854.0 250.0 866.0 265.0
face 0.85 597.0 220.0 607.0 233.0
face 0.84 500.0 263.0 512.0 277.0
face 0.84 424.0 388.0 437.0 405.0
face 0.84 393.0 320.0 406.0 337.0
face 0.84 475.0 422.0 488.0 440.0
face 0.84 230.0 271.0 241.0 283.0
face 0.84 218.0 300.0 229.0 314.0
face 0.84 148.0 328.0 161.0 344.0
face 0.84 848.0 417.0 862.0 434.0
face 0.84 845.0 276.0 857.0 292.0
face 0.84 442.0 270.0 454.0 285.0
face 0.83 607.0 269.0 617.0 282.0
face 0.83 367.0 350.0 384.0 372.0
face 0.83 862.0 296.0 874.0 311.0
face 0.83 719.0 303.0 730.0 318.0
face 0.83 688.0 451.0 703.0 469.0
face 0.83 627.0 267.0 639.0 283.0
face 0.83 252.0 298.0 264.0 313.0
face 0.83 265.0 221.0 274.0 232.0
face 0.83 536.0 265.0 551.0 283.0
face 0.83 288.0 296.0 301.0 312.0
face 0.83 548.0 294.0 561.0 309.0
face 0.83 880.0 357.0 895.0 373.0
face 0.83 765.0 291.0 776.0 306.0
face 0.83 375.0 321.0 389.0 339.0
face 0.82 132.0 269.0 147.0 289.0
face 0.82 344.0 391.0 361.0 411.0
face 0.82 85.0 284.0 97.0 299.0
face 0.82 764.0 428.0 775.0 442.0
face 0.81 363.0 419.0 379.0 438.0
face 0.81 545.0 418.0 558.0 437.0
face 0.81 900.0 348.0 914.0 364.0
face 0.81 734.0 391.0 748.0 408.0
face 0.81 384.0 244.0 395.0 260.0
face 0.80 519.0 265.0 531.0 280.0
face 0.80 571.0 241.0 582.0 256.0
face 0.80 362.0 291.0 375.0 307.0
face 0.80 508.0 454.0 523.0 474.0
face 0.79 732.0 244.0 743.0 257.0
face 0.79 199.0 244.0 210.0 257.0
face 0.78 224.0 383.0 240.0 404.0
face 0.78 693.0 324.0 704.0 338.0
face 0.78 729.0 325.0 739.0 338.0
face 0.78 130.0 301.0 143.0 317.0
face 0.78 697.0 245.0 710.0 261.0
face 0.78 92.0 328.0 104.0 344.0
face 0.78 700.0 389.0 715.0 408.0
face 0.78 376.0 221.0 385.0 233.0
face 0.77 359.0 222.0 369.0 233.0
face 0.77 803.0 420.0 816.0 436.0
face 0.77 409.0 384.0 424.0 403.0
face 0.77 403.0 447.0 418.0 467.0
face 0.76 678.0 243.0 689.0 257.0
face 0.76 302.0 386.0 313.0 401.0
face 0.76 641.0 376.0 653.0 393.0
face 0.76 618.0 241.0 631.0 258.0
face 0.76 388.0 270.0 400.0 285.0
face 0.76 511.0 236.0 521.0 248.0
face 0.75 68.0 327.0 81.0 345.0
face 0.75 54.0 330.0 65.0 345.0
face 0.75 508.0 413.0 521.0 429.0
face 0.75 901.0 390.0 913.0 405.0
face 0.75 113.0 419.0 127.0 436.0
face 0.74 247.0 417.0 262.0 434.0
face 0.74 762.0 270.0 775.0 287.0
face 0.74 78.0 243.0 90.0 257.0
face 0.74 252.0 356.0 263.0 369.0
face 0.74 717.0 348.0 728.0 362.0
face 0.74 427.0 295.0 440.0 312.0
face 0.74 282.0 222.0 292.0 235.0
face 0.74 818.0 326.0 831.0 341.0
face 0.73 524.0 220.0 534.0 233.0
face 0.72 493.0 354.0 506.0 370.0
face 0.72 449.0 293.0 461.0 310.0
face 0.72 413.0 222.0 422.0 233.0
face 0.72 82.0 421.0 98.0 442.0
face 0.72 421.0 415.0 435.0 433.0
face 0.72 588.0 266.0 600.0 281.0
face 0.72 232.0 223.0 242.0 235.0
face 0.71 379.0 294.0 392.0 310.0
face 0.71 486.0 381.0 502.0 401.0
face 0.71 174.0 223.0 184.0 234.0
face 0.71 474.0 453.0 490.0 474.0
face 0.71 773.0 387.0 786.0 404.0
face 0.71 584.0 392.0 599.0 413.0
face 0.70 473.0 289.0 486.0 305.0
face 0.70 719.0 247.0 730.0 260.0
face 0.70 510.0 324.0 521.0 337.0
face 0.70 694.0 227.0 705.0 241.0
face 0.70 409.0 245.0 422.0 261.0
face 0.69 425.0 357.0 439.0 374.0
face 0.69 609.0 373.0 621.0 389.0
face 0.69 302.0 352.0 317.0 369.0
face 0.69 836.0 251.0 849.0 266.0
face 0.69 440.0 447.0 455.0 464.0
face 0.69 156.0 391.0 171.0 409.0
face 0.68 529.0 326.0 540.0 340.0
face 0.68 812.0 389.0 829.0 407.0
face 0.68 60.0 268.0 72.0 284.0
face 0.68 532.0 293.0 542.0 306.0
face 0.67 102.0 392.0 118.0 414.0
face 0.67 656.0 300.0 670.0 316.0
face 0.66 117.0 230.0 127.0 242.0
face 0.66 796.0 323.0 808.0 339.0
face 0.66 98.0 299.0 111.0 315.0
face 0.66 809.0 274.0 820.0 288.0
face 0.66 797.0 245.0 808.0 258.0
face 0.66 118.0 394.0 133.0 414.0
face 0.65 569.0 222.0 579.0 234.0
face 0.65 652.0 451.0 666.0 468.0
face 0.65 83.0 223.0 94.0 237.0
face 0.64 368.0 271.0 379.0 285.0
face 0.64 755.0 245.0 767.0 259.0
face 0.63 209.0 226.0 220.0 239.0
face 0.63 652.0 324.0 664.0 339.0
face 0.63 331.0 245.0 343.0 260.0
face 0.63 642.0 238.0 654.0 254.0
face 0.62 671.0 464.0 682.0 477.0
face 0.61 957.0 422.0 971.0 440.0
face 0.61 849.0 327.0 862.0 344.0
face 0.61 842.0 353.0 856.0 370.0
face 0.61 850.0 451.0 866.0 471.0
face 0.61 140.0 420.0 153.0 435.0
face 0.61 111.0 356.0 123.0 372.0
face 0.60 42.0 395.0 56.0 414.0
face 0.60 824.0 297.0 838.0 313.0
face 0.60 700.0 303.0 711.0 316.0
face 0.60 802.0 295.0 815.0 312.0
face 0.60 592.0 242.0 604.0 257.0
face 0.60 541.0 221.0 550.0 232.0
face 0.59 624.0 322.0 637.0 338.0
face 0.59 38.0 326.0 52.0 346.0
face 0.59 146.0 456.0 162.0 475.0
face 0.59 821.0 415.0 835.0 432.0
face 0.58 715.0 386.0 727.0 402.0
face 0.58 291.0 270.0 304.0 286.0
face 0.58 764.0 349.0 776.0 363.0
face 0.58 796.0 351.0 807.0 365.0
face 0.57 173.0 248.0 186.0 263.0
face 0.57 552.0 345.0 566.0 364.0
face 0.57 240.0 248.0 260.0 278.0
face 0.57 736.0 294.0 747.0 307.0
face 0.56 180.0 359.0 191.0 372.0
face 0.56 774.0 242.0 785.0 256.0
face 0.56 168.0 421.0 182.0 440.0
face 0.56 152.0 237.0 163.0 254.0
face 0.56 741.0 350.0 753.0 365.0
face 0.56 873.0 252.0 884.0 265.0
face 0.55 883.0 296.0 896.0 313.0
face 0.55 818.0 353.0 833.0 372.0
face 0.55 269.0 293.0 284.0 312.0
face 0.55 334.0 426.0 345.0 440.0
face 0.55 172.0 301.0 183.0 314.0
face 0.55 692.0 268.0 704.0 282.0
face 0.55 640.0 220.0 651.0 233.0
face 0.55 465.0 353.0 479.0 370.0
face 0.55 910.0 296.0 922.0 311.0
face 0.55 247.0 269.0 258.0 283.0
face 0.55 487.0 218.0 499.0 232.0
face 0.55 291.0 448.0 305.0 465.0
face 0.55 446.0 220.0 457.0 232.0
face 0.54 747.0 378.0 761.0 396.0
face 0.54 451.0 319.0 465.0 336.0
face 0.54 583.0 221.0 594.0 233.0
face 0.54 429.0 221.0 439.0 232.0
face 0.54 790.0 386.0 802.0 402.0
face 0.54 585.0 328.0 601.0 349.0
face 0.54 463.0 268.0 475.0 282.0
face 0.53 208.0 272.0 221.0 286.0
face 0.53 594.0 296.0 607.0 312.0
face 0.53 840.0 299.0 851.0 312.0
face 0.53 138.0 357.0 152.0 374.0
face 0.53 902.0 327.0 914.0 342.0
face 0.53 674.0 268.0 686.0 284.0
face 0.53 466.0 216.0 476.0 229.0
face 0.52 884.0 393.0 896.0 409.0
face 0.52 617.0 220.0 628.0 233.0
face 0.52 309.0 422.0 320.0 436.0
face 0.52 153.0 224.0 164.0 236.0
face 0.52 653.0 347.0 665.0 363.0
face 0.51 445.0 349.0 459.0 368.0
face 0.51 137.0 224.0 147.0 236.0
face 0.51 496.0 302.0 507.0 316.0
face 0.51 759.0 454.0 771.0 468.0
face 0.51 240.0 396.0 251.0 409.0
face 0.50 721.0 223.0 731.0 236.0
face 0.50 304.0 299.0 315.0 312.0
face 0.49 783.0 223.0 794.0 236.0
face 0.49 483.0 265.0 495.0 280.0
face 0.48 1010.0 222.0 1022.0 237.0
face 0.48 219.0 244.0 232.0 259.0
face 0.48 691.0 346.0 703.0 360.0
face 0.48 117.0 245.0 128.0 258.0
face 0.48 561.0 266.0 576.0 283.0
face 0.48 235.0 299.0 247.0 314.0
face 0.47 581.0 350.0 593.0 365.0
face 0.47 1009.0 169.0 1022.0 188.0
face 0.47 335.0 381.0 348.0 400.0
face 0.47 224.0 452.0 240.0 473.0
face 0.47 190.0 274.0 201.0 288.0
face 0.47 120.0 331.0 134.0 347.0
face 0.47 46.0 364.0 57.0 377.0
face 0.47 525.0 347.0 537.0 362.0
face 0.47 325.0 271.0 336.0 284.0
face 0.46 488.0 318.0 500.0 333.0
face 0.46 29.0 365.0 40.0 378.0
face 0.46 741.0 420.0 753.0 434.0
face 0.46 505.0 216.0 515.0 228.0
face 0.46 317.0 222.0 327.0 234.0
face 0.45 156.0 302.0 167.0 315.0
face 0.45 257.0 379.0 272.0 398.0
face 0.45 183.0 456.0 198.0 474.0
face 0.45 149.0 389.0 162.0 404.0
face 0.44 392.0 221.0 401.0 233.0
face 0.44 352.0 244.0 363.0 257.0
face 0.44 407.0 294.0 418.0 307.0
face 0.44 524.0 377.0 538.0 396.0
face 0.44 646.0 267.0 661.0 285.0
face 0.44 469.0 317.0 481.0 333.0
face 0.43 685.0 299.0 696.0 313.0
face 0.43 120.0 278.0 133.0 294.0
face 0.43 293.0 252.0 304.0 264.0
face 0.43 49.0 299.0 59.0 313.0
face 0.43 151.0 277.0 163.0 292.0
face 0.42 515.0 294.0 527.0 308.0
face 0.42 202.0 354.0 216.0 372.0
face 0.42 106.0 459.0 121.0 475.0
face 0.41 97.0 230.0 108.0 243.0
face 0.40 274.0 247.0 285.0 262.0
face 0.40 221.0 421.0 234.0 437.0
face 0.40 913.0 269.0 927.0 284.0
face 0.40 184.0 310.0 194.0 322.0
face 0.39 786.0 269.0 799.0 286.0
face 0.39 780.0 416.0 795.0 433.0
face 0.39 671.0 326.0 681.0 339.0
face 0.39 184.0 388.0 197.0 403.0
face 0.38 494.0 238.0 504.0 251.0
face 0.38 532.0 238.0 543.0 251.0
face 0.38 863.0 357.0 874.0 371.0
face 0.38 752.0 325.0 762.0 339.0
face 0.38 715.0 269.0 727.0 284.0
face 0.38 552.0 238.0 563.0 251.0
face 0.38 307.0 271.0 319.0 285.0
face 0.37 406.0 349.0 418.0 364.0
face 0.37 822.0 387.0 836.0 404.0
face 0.37 736.0 269.0 747.0 283.0
face 0.37 230.0 317.0 241.0 331.0
face 0.36 398.0 451.0 410.0 466.0
face 0.36 101.0 282.0 116.0 301.0
face 0.36 180.0 327.0 190.0 340.0
face 0.36 333.0 449.0 348.0 469.0
face 0.36 558.0 221.0 567.0 233.0
face 0.36 335.0 286.0 346.0 299.0
face 0.35 815.0 462.0 825.0 474.0
face 0.35 294.0 318.0 308.0 337.0
face 0.35 239.0 245.0 251.0 260.0
face 0.35 307.0 247.0 320.0 263.0
face 0.35 302.0 228.0 312.0 240.0
face 0.35 633.0 346.0 645.0 362.0
face 0.34 70.0 452.0 83.0 467.0
face 0.34 867.0 356.0 884.0 373.0
face 0.34 191.0 222.0 201.0 233.0
face 0.34 268.0 353.0 284.0 371.0
face 0.34 741.0 223.0 752.0 236.0
face 0.34 73.0 301.0 86.0 316.0
face 0.33 434.0 248.0 449.0 267.0
face 0.33 755.0 329.0 770.0 347.0
face 0.33 135.0 229.0 148.0 246.0
face 0.33 157.0 419.0 172.0 437.0
face 0.33 998.0 235.0 1014.0 254.0
face 0.33 392.0 446.0 403.0 459.0
face 0.33 183.0 239.0 194.0 253.0
face 0.32 349.0 429.0 361.0 443.0
face 0.32 713.0 324.0 724.0 338.0
face 0.32 896.0 258.0 909.0 276.0
face 0.32 268.0 413.0 283.0 431.0
face 0.32 67.0 362.0 81.0 379.0
face 0.32 97.0 237.0 108.0 252.0
face 0.32 954.0 444.0 971.0 465.0
face 0.32 894.0 413.0 906.0 428.0
face 0.32 619.0 418.0 632.0 435.0
face 0.32 156.0 244.0 167.0 258.0
face 0.32 306.0 460.0 321.0 478.0
face 0.32 392.0 453.0 403.0 467.0
face 0.32 166.0 462.0 177.0 475.0
face 0.32 139.0 235.0 155.0 254.0
face 0.32 900.0 253.0 912.0 267.0
face 0.32 101.0 244.0 112.0 257.0
face 0.32 231.0 350.0 242.0 364.0
face 0.32 572.0 411.0 588.0 431.0
face 0.31 495.0 254.0 506.0 267.0
face 0.31 320.0 276.0 331.0 289.0
face 0.31 342.0 411.0 357.0 431.0
face 0.31 318.0 238.0 329.0 251.0
face 0.31 719.0 238.0 730.0 252.0
face 0.31 765.0 320.0 780.0 338.0
face 0.31 148.0 419.0 163.0 435.0
face 0.31 985.0 242.0 1002.0 262.0
face 0.31 502.0 453.0 515.0 470.0
face 0.31 662.0 219.0 673.0 233.0
face 0.31 77.0 391.0 93.0 413.0
face 0.31 899.0 433.0 913.0 450.0
face 0.31 830.0 245.0 844.0 261.0
face 0.31 887.0 414.0 899.0 428.0
face 0.31 294.0 262.0 305.0 275.0
face 0.31 165.0 357.0 176.0 371.0
face 0.31 22.0 280.0 48.0 313.0
face 0.31 174.0 240.0 185.0 252.0
face 0.30 87.0 361.0 102.0 378.0
face 0.30 148.0 491.0 164.0 508.0
face 0.30 605.0 341.0 619.0 360.0
face 0.30 557.0 229.0 568.0 243.0
