face 1.00 804.0 275.0 838.0 318.0
face 1.00 887.0 238.0 923.0 282.0
face 1.00 746.0 279.0 774.0 312.0
face 0.99 827.0 341.0 850.0 374.0
face 0.99 916.0 312.0 935.0 339.0
face 0.98 724.0 248.0 753.0 280.0
face 0.98 672.0 281.0 702.0 317.0
face 0.93 219.0 267.0 242.0 294.0
face 0.86 798.0 376.0 833.0 414.0
face 0.63 646.0 336.0 663.0 361.0
face 0.62 596.0 261.0 621.0 289.0
face 0.51 808.0 348.0 826.0 369.0
face 0.48 665.0 335.0 696.0 371.0
face 0.46 679.0 346.0 693.0 365.0
face 0.46 -2.0 449.0 52.0 518.0
face 0.46 610.0 385.0 625.0 401.0
face 0.43 712.0 356.0 738.0 389.0
face 0.43 536.0 443.0 549.0 459.0
face 0.41 662.0 346.0 674.0 362.0
face 0.38 120.0 475.0 133.0 493.0
face 0.37 990.0 408.0 1015.0 436.0
face 0.35 706.0 249.0 723.0 269.0
face 0.33 525.0 264.0 541.0 285.0
face 0.33 863.0 411.0 907.0 478.0
face 0.33 623.0 257.0 668.0 315.0
face 0.32 788.0 349.0 804.0 371.0
