face 1.00 37.0 1.0 87.0 57.0
face 1.00 474.0 0.0 516.0 49.0
face 1.00 287.0 1.0 339.0 72.0
face 1.00 135.0 0.0 183.0 61.0
face 1.00 611.0 35.0 661.0 100.0
face 1.00 323.0 107.0 382.0 191.0
face 1.00 382.0 3.0 424.0 57.0
face 1.00 86.0 0.0 127.0 46.0
face 1.00 529.0 28.0 579.0 95.0
face 1.00 929.0 45.0 970.0 95.0
face 1.00 848.0 76.0 885.0 121.0
face 1.00 358.0 -3.0 393.0 45.0
face 0.97 0.0 59.0 44.0 133.0
face 0.61 340.0 156.0 370.0 188.0
face 0.49 19.0 87.0 56.0 134.0
face 0.44 242.0 0.0 260.0 16.0
face 0.40 891.0 104.0 906.0 125.0
face 0.37 682.0 -4.0 706.0 27.0
face 0.37 432.0 -1.0 463.0 25.0
face 0.36 661.0 53.0 677.0 74.0
face 0.34 -1.0 0.0 24.0 31.0
face 0.33 954.0 22.0 969.0 41.0
face 0.32 985.0 26.0 998.0 44.0
face 0.31 390.0 39.0 407.0 59.0
face 0.31 429.0 28.0 440.0 43.0
