face 1.00 427.0 575.0 484.0 650.0
face 1.00 80.0 982.0 262.0 1248.0
face 0.99 54.0 45.0 259.0 322.0
face 0.99 202.0 415.0 360.0 619.0
face 0.95 828.0 515.0 937.0 658.0
face 0.64 184.0 138.0 228.0 191.0
face 0.50 710.0 984.0 935.0 1264.0
face 0.43 411.0 541.0 434.0 572.0
face 0.43 595.0 155.0 873.0 448.0
face 0.42 220.0 741.0 336.0 890.0
face 0.39 62.0 221.0 74.0 235.0
face 0.36 175.0 150.0 187.0 165.0
face 0.36 848.0 750.0 1028.0 974.0
face 0.34 81.0 135.0 138.0 196.0
face 0.31 188.0 677.0 203.0 696.0
face 0.31 186.0 156.0 204.0 177.0
face 0.31 405.0 1102.0 424.0 1125.0
