face 1.00 458.0 33.0 650.0 252.0
face 0.93 171.0 629.0 243.0 726.0
face 0.77 798.0 1366.0 881.0 1441.0
face 0.65 33.0 957.0 130.0 1059.0
face 0.64 237.0 935.0 248.0 949.0
face 0.56 823.0 998.0 834.0 1013.0
face 0.51 317.0 884.0 328.0 897.0
face 0.47 547.0 109.0 774.0 351.0
face 0.45 347.0 283.0 465.0 426.0
face 0.42 308.0 1113.0 343.0 1154.0
face 0.38 135.0 614.0 147.0 629.0
face 0.38 230.0 690.0 317.0 794.0
face 0.38 278.0 899.0 291.0 914.0
face 0.37 256.0 927.0 267.0 941.0
face 0.37 354.0 564.0 467.0 700.0
face 0.36 271.0 942.0 282.0 956.0
face 0.36 223.0 924.0 234.0 938.0
face 0.35 973.0 910.0 996.0 940.0
face 0.35 536.0 726.0 562.0 760.0
face 0.35 358.0 927.0 370.0 941.0
face 0.35 46.0 1245.0 57.0 1258.0
face 0.34 970.0 998.0 992.0 1029.0
face 0.33 511.0 448.0 684.0 641.0
face 0.33 73.0 910.0 97.0 938.0
face 0.32 895.0 995.0 910.0 1013.0
face 0.32 279.0 1038.0 291.0 1051.0
face 0.31 571.0 1070.0 752.0 1282.0
face 0.31 341.0 877.0 353.0 890.0
face 0.31 341.0 973.0 354.0 987.0
face 0.31 301.0 830.0 312.0 843.0
face 0.31 45.0 1015.0 58.0 1030.0
face 0.31 921.0 1325.0 1009.0 1427.0
face 0.30 351.0 891.0 362.0 905.0
face 0.30 871.0 776.0 886.0 796.0
face 0.30 963.0 579.0 1008.0 639.0
