face 1.00 469.0 272.0 492.0 302.0
face 1.00 264.0 321.0 304.0 367.0
face 1.00 561.0 302.0 587.0 331.0
face 1.00 355.0 300.0 380.0 331.0
face 0.82 357.0 459.0 376.0 483.0
face 0.82 522.0 322.0 541.0 343.0
face 0.76 426.0 298.0 442.0 316.0
face 0.62 506.0 442.0 519.0 459.0
face 0.45 381.0 291.0 396.0 310.0
face 0.40 533.0 330.0 545.0 345.0
face 0.34 437.0 307.0 451.0 326.0
face 0.34 617.0 380.0 643.0 412.0
face 0.34 838.0 447.0 850.0 461.0
face 0.33 302.0 323.0 318.0 342.0
face 0.33 414.0 316.0 428.0 333.0
face 0.32 482.0 377.0 497.0 397.0
face 0.32 421.0 325.0 433.0 338.0
face 0.32 546.0 385.0 561.0 406.0
face 0.31 422.0 308.0 434.0 323.0
face 0.31 203.0 415.0 221.0 439.0
face 0.30 437.0 409.0 455.0 430.0
face 0.30 536.0 445.0 551.0 464.0
