face 1.00 454.0 210.0 476.0 241.0
face 1.00 758.0 184.0 782.0 212.0
face 1.00 521.0 180.0 545.0 213.0
face 0.99 808.0 167.0 837.0 208.0
face 0.95 968.0 222.0 995.0 251.0
face 0.93 195.0 184.0 220.0 217.0
face 0.92 603.0 134.0 633.0 171.0
face 0.72 24.0 206.0 51.0 246.0
face 0.66 240.0 187.0 267.0 234.0
face 0.62 659.0 203.0 699.0 243.0
face 0.58 163.0 241.0 182.0 270.0
face 0.54 550.0 166.0 564.0 183.0
face 0.46 377.0 208.0 396.0 238.0
face 0.36 447.0 277.0 461.0 293.0
face 0.34 974.0 286.0 996.0 317.0
face 0.34 981.0 215.0 1007.0 244.0
face 0.33 875.0 270.0 896.0 293.0
face 0.32 806.0 157.0 822.0 177.0
face 0.30 766.0 230.0 782.0 249.0
