face 1.00 23.0 231.0 107.0 339.0
face 1.00 351.0 210.0 413.0 300.0
face 1.00 627.0 169.0 682.0 229.0
face 0.89 893.0 370.0 998.0 503.0
face 0.73 959.0 431.0 985.0 464.0
face 0.53 142.0 249.0 208.0 341.0
face 0.47 836.0 164.0 852.0 187.0
face 0.41 904.0 432.0 928.0 460.0
face 0.39 325.0 610.0 347.0 636.0
face 0.35 88.0 11.0 107.0 33.0
face 0.34 1011.0 259.0 1023.0 278.0
face 0.34 0.0 269.0 25.0 304.0
face 0.32 534.0 405.0 547.0 420.0
face 0.32 52.0 1.0 74.0 28.0
face 0.31 925.0 29.0 937.0 43.0
face 0.31 830.0 101.0 841.0 116.0
face 0.30 855.0 144.0 866.0 157.0
face 0.30 512.0 392.0 561.0 462.0
face 0.30 182.0 264.0 215.0 317.0
