face 1.00 313.0 227.0 352.0 275.0
face 1.00 327.0 304.0 367.0 357.0
face 1.00 198.0 177.0 238.0 234.0
face 1.00 769.0 359.0 816.0 417.0
face 1.00 948.0 376.0 993.0 432.0
face 1.00 427.0 385.0 469.0 442.0
face 1.00 654.0 331.0 692.0 379.0
face 1.00 384.0 288.0 421.0 337.0
face 1.00 242.0 360.0 286.0 414.0
face 1.00 592.0 374.0 638.0 431.0
face 1.00 74.0 168.0 118.0 223.0
face 1.00 525.0 320.0 559.0 365.0
face 1.00 799.0 196.0 835.0 239.0
face 1.00 843.0 192.0 880.0 238.0
face 0.57 642.0 657.0 663.0 682.0
face 0.57 945.0 563.0 970.0 593.0
face 0.57 372.0 446.0 392.0 473.0
face 0.33 758.0 365.0 779.0 395.0
face 0.32 168.0 529.0 181.0 545.0
face 0.32 265.0 220.0 278.0 236.0
face 0.31 6.0 334.0 18.0 348.0
face 0.31 791.0 573.0 816.0 603.0
