face 1.00 179.0 270.0 219.0 321.0
face 1.00 599.0 272.0 640.0 324.0
face 1.00 718.0 298.0 757.0 349.0
face 1.00 280.0 256.0 314.0 304.0
face 1.00 299.0 159.0 332.0 205.0
face 1.00 208.0 151.0 246.0 202.0
face 1.00 388.0 270.0 420.0 313.0
face 1.00 491.0 282.0 524.0 325.0
face 1.00 683.0 147.0 720.0 198.0
face 1.00 501.0 135.0 535.0 182.0
face 1.00 790.0 120.0 833.0 174.0
face 1.00 388.0 164.0 423.0 207.0
face 0.99 604.0 139.0 635.0 180.0
face 0.80 97.0 131.0 113.0 150.0
face 0.65 546.0 130.0 561.0 147.0
face 0.62 575.0 428.0 621.0 493.0
face 0.49 141.0 112.0 151.0 123.0
face 0.47 388.0 154.0 410.0 184.0
face 0.41 508.0 494.0 540.0 526.0
face 0.40 110.0 142.0 121.0 156.0
face 0.39 287.0 478.0 300.0 493.0
face 0.39 520.0 53.0 531.0 66.0
face 0.39 202.0 121.0 217.0 139.0
face 0.38 638.0 139.0 650.0 154.0
face 0.38 621.0 76.0 633.0 91.0
face 0.37 246.0 60.0 257.0 73.0
face 0.37 31.0 140.0 42.0 153.0
face 0.37 395.0 485.0 428.0 524.0
face 0.37 521.0 109.0 531.0 122.0
face 0.36 49.0 102.0 60.0 115.0
face 0.36 451.0 103.0 464.0 120.0
face 0.36 359.0 88.0 371.0 102.0
face 0.36 469.0 23.0 481.0 36.0
face 0.35 117.0 120.0 129.0 134.0
face 0.35 357.0 6.0 368.0 19.0
face 0.34 151.0 435.0 205.0 498.0
face 0.34 358.0 486.0 369.0 499.0
face 0.34 461.0 83.0 472.0 97.0
face 0.33 454.0 21.0 465.0 34.0
face 0.33 506.0 165.0 528.0 189.0
face 0.33 301.0 133.0 312.0 147.0
face 0.33 207.0 70.0 219.0 84.0
face 0.32 535.0 112.0 546.0 124.0
face 0.32 464.0 29.0 474.0 43.0
face 0.32 54.0 124.0 64.0 137.0
face 0.32 616.0 78.0 627.0 92.0
face 0.32 254.0 102.0 265.0 115.0
face 0.32 527.0 35.0 538.0 48.0
face 0.32 47.0 206.0 59.0 220.0
face 0.32 863.0 300.0 878.0 320.0
face 0.31 102.0 149.0 114.0 162.0
face 0.31 52.0 107.0 64.0 121.0
face 0.31 688.0 465.0 719.0 502.0
face 0.31 235.0 101.0 248.0 118.0
face 0.31 15.0 148.0 26.0 162.0
face 0.31 457.0 54.0 467.0 67.0
face 0.30 415.0 127.0 426.0 140.0
face 0.30 75.0 67.0 90.0 83.0
face 0.30 287.0 118.0 298.0 131.0
face 0.30 29.0 196.0 41.0 211.0
