face 1.00 284.0 63.0 445.0 252.0
face 0.56 470.0 429.0 481.0 442.0
face 0.51 477.0 449.0 494.0 470.0
face 0.48 485.0 474.0 516.0 511.0
face 0.45 460.0 408.0 476.0 427.0
face 0.42 587.0 484.0 601.0 501.0
face 0.41 548.0 440.0 565.0 460.0
face 0.39 606.0 540.0 622.0 559.0
face 0.38 561.0 467.0 579.0 490.0
face 0.38 451.0 385.0 467.0 405.0
face 0.36 482.0 454.0 502.0 479.0
face 0.35 597.0 507.0 612.0 526.0
face 0.34 446.0 405.0 458.0 420.0
face 0.34 874.0 97.0 990.0 227.0
face 0.34 573.0 495.0 585.0 510.0
face 0.32 605.0 525.0 617.0 538.0
face 0.32 517.0 353.0 542.0 388.0
face 0.31 613.0 553.0 627.0 572.0
face 0.31 523.0 553.0 540.0 575.0
face 0.30 597.0 565.0 609.0 577.0
