face 0.95 645.0 255.0 818.0 479.0
face 0.89 374.0 132.0 623.0 434.0
face 0.58 0.0 207.0 303.0 487.0
face 0.55 824.0 1117.0 834.0 1130.0
face 0.47 768.0 1061.0 779.0 1074.0
face 0.44 621.0 1190.0 634.0 1203.0
face 0.44 829.0 1107.0 840.0 1122.0
face 0.44 574.0 1195.0 590.0 1215.0
face 0.43 718.0 1015.0 728.0 1028.0
face 0.42 559.0 1199.0 571.0 1212.0
face 0.41 480.0 264.0 729.0 546.0
face 0.40 838.0 749.0 849.0 763.0
face 0.39 451.0 949.0 649.0 1176.0
face 0.39 973.0 797.0 984.0 811.0
face 0.38 939.0 706.0 956.0 727.0
face 0.38 999.0 820.0 1014.0 839.0
face 0.38 774.0 987.0 786.0 1002.0
face 0.38 921.0 813.0 932.0 826.0
face 0.36 806.0 1117.0 817.0 1132.0
face 0.36 863.0 803.0 874.0 817.0
face 0.35 694.0 926.0 705.0 939.0
face 0.35 765.0 788.0 780.0 808.0
face 0.35 558.0 1133.0 568.0 1145.0
face 0.35 855.0 1110.0 865.0 1122.0
face 0.35 517.0 987.0 531.0 1002.0
face 0.35 944.0 766.0 955.0 779.0
face 0.34 922.0 715.0 938.0 735.0
face 0.34 751.0 1368.0 765.0 1385.0
face 0.34 899.0 868.0 912.0 884.0
face 0.34 781.0 1013.0 792.0 1027.0
face 0.33 847.0 837.0 858.0 851.0
face 0.33 839.0 1117.0 849.0 1130.0
face 0.33 894.0 756.0 905.0 770.0
face 0.33 768.0 957.0 779.0 970.0
face 0.33 679.0 869.0 690.0 882.0
face 0.33 718.0 916.0 729.0 929.0
face 0.33 870.0 717.0 881.0 731.0
face 0.33 798.0 709.0 809.0 722.0
face 0.33 613.0 1117.0 626.0 1132.0
face 0.33 711.0 933.0 721.0 946.0
face 0.32 719.0 1045.0 730.0 1059.0
face 0.32 400.0 954.0 419.0 975.0
face 0.32 987.0 721.0 1016.0 760.0
face 0.32 902.0 702.0 913.0 715.0
face 0.32 806.0 798.0 817.0 811.0
face 0.32 598.0 1212.0 609.0 1226.0
face 0.32 727.0 933.0 738.0 947.0
face 0.32 629.0 1213.0 645.0 1231.0
face 0.32 887.0 782.0 898.0 795.0
face 0.32 453.0 193.0 480.0 225.0
face 0.32 831.0 741.0 842.0 755.0
face 0.32 749.0 1048.0 765.0 1068.0
face 0.32 784.0 1061.0 795.0 1075.0
face 0.32 482.0 219.0 496.0 237.0
face 0.32 897.0 764.0 907.0 777.0
face 0.32 646.0 1149.0 658.0 1164.0
face 0.32 790.0 726.0 801.0 739.0
face 0.31 973.0 965.0 985.0 980.0
face 0.31 791.0 781.0 802.0 794.0
face 0.31 888.0 885.0 899.0 897.0
face 0.31 806.0 742.0 818.0 755.0
face 0.31 807.0 726.0 818.0 738.0
face 0.31 556.0 1056.0 575.0 1079.0
face 0.31 758.0 925.0 770.0 939.0
face 0.31 813.0 749.0 824.0 763.0
face 0.31 775.0 939.0 787.0 954.0
face 0.31 758.0 933.0 770.0 947.0
face 0.31 638.0 1342.0 649.0 1355.0
face 0.31 896.0 804.0 907.0 817.0
face 0.31 783.0 964.0 794.0 978.0
face 0.31 831.0 734.0 841.0 746.0
face 0.31 566.0 1118.0 576.0 1131.0
face 0.31 732.0 941.0 745.0 958.0
face 0.31 868.0 868.0 881.0 884.0
face 0.31 894.0 886.0 905.0 898.0
face 0.31 735.0 909.0 746.0 922.0
face 0.31 951.0 934.0 962.0 946.0
face 0.31 878.0 717.0 890.0 731.0
face 0.31 702.0 877.0 714.0 890.0
face 0.31 960.0 765.0 970.0 778.0
face 0.31 606.0 1197.0 617.0 1210.0
face 0.31 941.0 974.0 952.0 987.0
face 0.31 871.0 789.0 882.0 802.0
face 0.31 879.0 869.0 890.0 881.0
face 0.31 798.0 734.0 810.0 747.0
face 0.31 791.0 789.0 802.0 802.0
face 0.31 815.0 726.0 825.0 738.0
face 0.31 823.0 725.0 834.0 738.0
face 0.31 757.0 830.0 769.0 844.0
face 0.31 774.0 948.0 785.0 963.0
face 0.31 887.0 915.0 898.0 930.0
face 0.31 806.0 709.0 817.0 723.0
face 0.31 893.0 822.0 904.0 835.0
face 0.31 791.0 718.0 801.0 731.0
face 0.31 791.0 773.0 802.0 787.0
face 0.31 686.0 853.0 697.0 866.0
face 0.30 807.0 782.0 817.0 794.0
face 0.30 822.0 773.0 833.0 786.0
face 0.30 739.0 1051.0 754.0 1068.0
face 0.30 663.0 861.0 674.0 875.0
face 0.30 792.0 710.0 802.0 722.0
face 0.30 952.0 782.0 963.0 795.0
face 0.30 727.0 927.0 737.0 939.0
face 0.30 752.0 835.0 763.0 849.0
face 0.30 878.0 788.0 889.0 801.0
face 0.30 925.0 866.0 940.0 884.0
face 0.30 565.0 1196.0 580.0 1214.0
face 0.30 959.0 981.0 970.0 995.0
face 0.30 749.0 956.0 763.0 973.0
face 0.30 732.0 1363.0 746.0 1380.0
face 0.30 622.0 1149.0 633.0 1162.0
face 0.30 941.0 942.0 952.0 955.0
face 0.30 535.0 1140.0 547.0 1154.0
face 0.30 734.0 934.0 745.0 948.0
face 0.30 718.0 789.0 730.0 803.0
face 0.30 847.0 686.0 858.0 700.0
face 0.30 757.0 820.0 768.0 834.0
face 0.30 903.0 814.0 914.0 826.0
face 0.30 824.0 782.0 834.0 794.0
face 0.30 703.0 885.0 715.0 899.0
face 0.30 711.0 1043.0 722.0 1057.0
face 0.30 854.0 693.0 865.0 706.0
face 0.30 799.0 726.0 810.0 739.0
face 0.30 855.0 789.0 866.0 802.0
face 0.30 855.0 782.0 866.0 795.0
face 0.30 887.0 879.0 897.0 891.0
face 0.30 950.0 708.0 963.0 724.0
face 0.30 887.0 775.0 897.0 788.0
face 0.30 862.0 1100.0 873.0 1114.0
face 0.30 799.0 717.0 809.0 730.0
face 0.30 885.0 934.0 896.0 947.0
face 0.30 622.0 1125.0 633.0 1139.0
face 0.30 824.0 791.0 834.0 804.0
face 0.30 872.0 885.0 883.0 898.0
face 0.30 823.0 733.0 834.0 746.0
face 0.30 863.0 774.0 873.0 786.0
face 0.30 735.0 876.0 746.0 890.0
