face 0.76 718.0 1134.0 903.0 1343.0
face 0.66 335.0 434.0 509.0 656.0
face 0.54 635.0 948.0 833.0 1185.0
face 0.47 563.0 770.0 580.0 792.0
face 0.42 164.0 1030.0 439.0 1324.0
face 0.42 982.0 947.0 1026.0 1014.0
face 0.41 772.0 435.0 850.0 549.0
face 0.40 267.0 602.0 536.0 884.0
face 0.37 689.0 1192.0 743.0 1254.0
face 0.36 606.0 861.0 738.0 1004.0
face 0.35 10.0 280.0 282.0 550.0
face 0.34 675.0 810.0 691.0 828.0
face 0.33 707.0 765.0 725.0 786.0
face 0.33 995.0 984.0 1024.0 1018.0
face 0.33 572.0 493.0 589.0 515.0
face 0.33 822.0 668.0 834.0 683.0
face 0.32 695.0 757.0 706.0 771.0
face 0.32 600.0 766.0 611.0 780.0
face 0.32 591.0 781.0 602.0 795.0
face 0.31 614.0 781.0 629.0 800.0
face 0.31 553.0 504.0 573.0 528.0
face 0.31 325.0 464.0 370.0 522.0
face 0.31 481.0 795.0 599.0 930.0
face 0.31 678.0 755.0 694.0 775.0
face 0.31 686.0 764.0 697.0 778.0
