face 1.00 481.0 61.0 518.0 113.0
face 1.00 534.0 157.0 577.0 215.0
face 1.00 416.0 112.0 458.0 171.0
face 1.00 570.0 62.0 609.0 113.0
face 1.00 660.0 88.0 698.0 139.0
face 1.00 790.0 149.0 833.0 201.0
face 1.00 640.0 277.0 686.0 331.0
face 1.00 218.0 83.0 267.0 148.0
face 1.00 828.0 83.0 870.0 142.0
face 1.00 373.0 72.0 408.0 119.0
face 1.00 345.0 229.0 388.0 292.0
face 1.00 351.0 151.0 389.0 198.0
face 0.54 387.0 46.0 405.0 67.0
face 0.40 332.0 242.0 348.0 264.0
face 0.34 317.0 42.0 333.0 62.0
face 0.34 79.0 323.0 102.0 352.0
face 0.33 828.0 106.0 847.0 129.0
face 0.32 735.0 34.0 749.0 51.0
face 0.31 118.0 38.0 129.0 51.0
face 0.30 430.0 44.0 442.0 60.0
