face 1.00 142.0 168.0 548.0 507.0
face 0.99 174.0 30.0 458.0 338.0
face 0.67 854.0 156.0 875.0 182.0
face 0.58 126.0 396.0 153.0 429.0
face 0.51 875.0 306.0 890.0 323.0
face 0.50 646.0 378.0 676.0 413.0
face 0.48 573.0 267.0 586.0 283.0
face 0.45 64.0 349.0 88.0 378.0
face 0.43 787.0 233.0 802.0 252.0
face 0.41 870.0 325.0 881.0 339.0
face 0.41 582.0 273.0 597.0 292.0
face 0.40 542.0 98.0 554.0 113.0
face 0.40 723.0 437.0 755.0 475.0
face 0.37 577.0 497.0 594.0 519.0
face 0.37 944.0 446.0 969.0 477.0
face 0.36 499.0 348.0 521.0 377.0
face 0.36 34.0 264.0 51.0 288.0
face 0.36 -1.0 356.0 27.0 402.0
face 0.36 645.0 337.0 660.0 355.0
face 0.35 711.0 43.0 726.0 63.0
face 0.35 871.0 458.0 896.0 489.0
face 0.34 952.0 372.0 968.0 391.0
face 0.34 111.0 372.0 123.0 386.0
face 0.34 93.0 218.0 108.0 238.0
face 0.33 603.0 221.0 618.0 239.0
face 0.33 699.0 512.0 715.0 533.0
face 0.33 85.0 198.0 97.0 213.0
face 0.33 863.0 127.0 873.0 140.0
face 0.33 703.0 371.0 718.0 390.0
face 0.32 758.0 123.0 772.0 141.0
face 0.32 30.0 406.0 45.0 425.0
face 0.32 989.0 254.0 1015.0 284.0
face 0.32 889.0 435.0 921.0 478.0
face 0.32 502.0 19.0 518.0 40.0
face 0.31 840.0 17.0 895.0 76.0
face 0.31 20.0 384.0 37.0 405.0
face 0.31 76.0 349.0 89.0 364.0
face 0.31 34.0 204.0 50.0 223.0
face 0.30 865.0 27.0 880.0 46.0
face 0.30 71.0 147.0 83.0 162.0
face 0.30 982.0 475.0 1009.0 508.0
face 0.30 69.0 283.0 81.0 298.0
face 0.30 535.0 215.0 557.0 247.0
