face 0.97 291.0 220.0 605.0 530.0
face 0.70 335.0 391.0 580.0 637.0
face 0.53 794.0 984.0 812.0 1007.0
face 0.47 500.0 917.0 526.0 947.0
face 0.43 483.0 975.0 500.0 996.0
face 0.42 465.0 841.0 490.0 877.0
face 0.42 442.0 986.0 461.0 1008.0
face 0.41 401.0 94.0 549.0 256.0
face 0.41 165.0 68.0 423.0 346.0
face 0.38 484.0 953.0 503.0 976.0
face 0.36 425.0 956.0 443.0 978.0
face 0.33 523.0 1034.0 541.0 1056.0
face 0.32 442.0 1009.0 471.0 1047.0
face 0.31 159.0 337.0 281.0 501.0
face 0.31 450.0 953.0 469.0 975.0
face 0.31 841.0 971.0 859.0 993.0
face 0.31 813.0 992.0 827.0 1011.0
face 0.30 549.0 986.0 565.0 1006.0
