face 1.00 473.0 350.0 495.0 378.0
face 1.00 816.0 315.0 843.0 351.0
face 1.00 186.0 352.0 206.0 377.0
face 1.00 123.0 367.0 142.0 390.0
face 1.00 625.0 322.0 648.0 356.0
face 0.99 579.0 338.0 598.0 366.0
face 0.97 213.0 145.0 233.0 171.0
face 0.96 294.0 144.0 314.0 168.0
face 0.96 957.0 331.0 976.0 356.0
face 0.94 296.0 357.0 316.0 385.0
face 0.69 724.0 338.0 744.0 368.0
face 0.53 210.0 369.0 226.0 390.0
face 0.42 463.0 138.0 479.0 160.0
face 0.41 204.0 327.0 220.0 347.0
face 0.41 239.0 149.0 250.0 164.0
face 0.40 659.0 333.0 681.0 360.0
face 0.35 140.0 329.0 157.0 351.0
face 0.32 344.0 300.0 369.0 332.0
face 0.32 375.0 180.0 390.0 199.0
face 0.32 112.0 283.0 129.0 303.0
face 0.31 93.0 340.0 105.0 355.0
face 0.31 982.0 399.0 998.0 418.0
face 0.31 205.0 580.0 217.0 595.0
face 0.31 753.0 22.0 777.0 50.0
