face 1.00 341.0 174.0 575.0 454.0
face 0.70 159.0 1181.0 174.0 1199.0
face 0.48 148.0 1159.0 162.0 1178.0
face 0.48 149.0 1104.0 284.0 1256.0
face 0.47 708.0 858.0 853.0 1015.0
face 0.45 651.0 1277.0 670.0 1299.0
face 0.44 477.0 1015.0 495.0 1038.0
face 0.37 490.0 1016.0 509.0 1037.0
face 0.36 165.0 1147.0 190.0 1177.0
face 0.35 297.0 204.0 332.0 239.0
face 0.33 486.0 910.0 532.0 954.0
face 0.32 653.0 1125.0 681.0 1158.0
face 0.32 439.0 1252.0 466.0 1289.0
face 0.32 432.0 372.0 536.0 487.0
face 0.32 520.0 563.0 544.0 594.0
face 0.31 401.0 969.0 461.0 1040.0
face 0.31 556.0 1157.0 588.0 1198.0
face 0.30 268.0 842.0 296.0 878.0
face 0.30 795.0 865.0 814.0 887.0
