face 0.99 423.0 434.0 759.0 773.0
face 0.97 372.0 697.0 715.0 1003.0
face 0.94 232.0 913.0 338.0 1073.0
face 0.84 165.0 528.0 525.0 831.0
face 0.70 739.0 1008.0 850.0 1186.0
face 0.62 374.0 1524.0 386.0 1536.0
face 0.59 502.0 1481.0 564.0 1535.0
face 0.54 765.0 939.0 782.0 960.0
face 0.48 403.0 73.0 420.0 96.0
face 0.48 276.0 1097.0 557.0 1418.0
face 0.48 642.0 969.0 820.0 1246.0
face 0.44 716.0 1203.0 732.0 1222.0
face 0.42 356.0 82.0 380.0 110.0
face 0.39 238.0 984.0 468.0 1284.0
face 0.39 382.0 103.0 398.0 125.0
face 0.37 355.0 97.0 374.0 121.0
face 0.36 8.0 962.0 168.0 1155.0
face 0.36 778.0 987.0 797.0 1008.0
face 0.35 612.0 1474.0 645.0 1509.0
face 0.34 552.0 1173.0 765.0 1458.0
face 0.34 210.0 316.0 500.0 621.0
face 0.31 751.0 1117.0 763.0 1130.0
face 0.31 780.0 955.0 797.0 974.0
face 0.31 574.0 1461.0 587.0 1475.0
face 0.30 469.0 78.0 481.0 92.0
face 0.30 594.0 1475.0 610.0 1495.0
face 0.30 750.0 1133.0 763.0 1148.0
