face 1.00 658.0 151.0 673.0 171.0
face 0.86 510.0 130.0 525.0 150.0
face 0.79 53.0 306.0 64.0 320.0
face 0.46 1002.0 256.0 1020.0 277.0
face 0.43 234.0 330.0 249.0 348.0
face 0.42 470.0 165.0 486.0 184.0
face 0.41 420.0 154.0 433.0 170.0
face 0.38 378.0 347.0 407.0 386.0
face 0.37 101.0 522.0 114.0 540.0
face 0.36 188.0 557.0 203.0 575.0
face 0.34 146.0 530.0 160.0 546.0
face 0.33 37.0 534.0 49.0 548.0
face 0.32 192.0 379.0 215.0 401.0
face 0.32 39.0 308.0 50.0 321.0
face 0.31 62.0 534.0 74.0 548.0
face 0.31 36.0 553.0 52.0 572.0
face 0.31 53.0 426.0 71.0 446.0
face 0.31 124.0 372.0 140.0 390.0
face 0.31 19.0 552.0 36.0 573.0
face 0.31 111.0 395.0 125.0 411.0
face 0.31 660.0 109.0 671.0 123.0
face 0.31 681.0 333.0 711.0 368.0
face 0.31 669.0 287.0 681.0 302.0
face 0.30 83.0 539.0 98.0 556.0
face 0.30 173.0 532.0 185.0 546.0
face 0.30 22.0 540.0 36.0 557.0
face 0.30 840.0 322.0 857.0 342.0
