face 1.00 289.0 400.0 356.0 518.0
face 0.63 672.0 140.0 693.0 168.0
face 0.60 988.0 82.0 1007.0 104.0
face 0.60 801.0 65.0 823.0 92.0
face 0.59 719.0 368.0 743.0 399.0
face 0.58 512.0 123.0 537.0 152.0
face 0.58 725.0 321.0 753.0 356.0
face 0.55 710.0 188.0 733.0 219.0
face 0.54 590.0 620.0 616.0 652.0
face 0.51 1002.0 121.0 1023.0 150.0
face 0.49 897.0 159.0 923.0 190.0
face 0.49 916.0 486.0 946.0 520.0
face 0.46 655.0 542.0 679.0 571.0
face 0.46 663.0 360.0 690.0 393.0
face 0.45 567.0 571.0 591.0 603.0
face 0.45 431.0 593.0 456.0 624.0
face 0.44 342.0 15.0 371.0 49.0
face 0.42 989.0 262.0 1015.0 296.0
face 0.42 608.0 179.0 634.0 207.0
face 0.40 686.0 229.0 711.0 262.0
face 0.40 270.0 49.0 302.0 84.0
face 0.36 704.0 457.0 729.0 488.0
face 0.35 376.0 151.0 406.0 186.0
face 0.35 126.0 112.0 175.0 162.0
face 0.35 855.0 431.0 883.0 464.0
face 0.34 977.0 308.0 1002.0 338.0
face 0.34 765.0 149.0 792.0 180.0
face 0.34 130.0 78.0 148.0 101.0
face 0.34 652.0 52.0 671.0 74.0
face 0.33 159.0 -4.0 189.0 29.0
face 0.33 425.0 639.0 449.0 669.0
face 0.33 649.0 272.0 672.0 302.0
face 0.33 856.0 157.0 882.0 187.0
face 0.32 39.0 607.0 92.0 660.0
face 0.32 644.0 316.0 661.0 340.0
face 0.32 830.0 94.0 841.0 107.0
face 0.31 537.0 172.0 555.0 194.0
face 0.31 273.0 10.0 298.0 39.0
face 0.31 865.0 381.0 896.0 418.0
face 0.31 882.0 252.0 910.0 283.0
face 0.31 739.0 240.0 756.0 263.0
face 0.31 950.0 459.0 965.0 479.0
face 0.30 709.0 415.0 727.0 439.0
face 0.30 566.0 396.0 583.0 417.0
face 0.30 932.0 321.0 950.0 342.0
face 0.30 797.0 113.0 814.0 134.0
