face 1.00 400.0 160.0 526.0 348.0
face 1.00 554.0 121.0 675.0 297.0
face 0.93 909.0 506.0 950.0 564.0
face 0.77 73.0 507.0 98.0 540.0
face 0.49 253.0 494.0 275.0 526.0
face 0.45 258.0 1031.0 493.0 1283.0
face 0.38 480.0 548.0 610.0 683.0
face 0.37 844.0 481.0 864.0 507.0
face 0.33 707.0 1059.0 725.0 1083.0
face 0.33 747.0 1087.0 764.0 1107.0
face 0.32 568.0 838.0 769.0 1038.0
face 0.32 433.0 1447.0 463.0 1479.0
face 0.31 796.0 724.0 814.0 745.0
face 0.31 191.0 734.0 216.0 761.0
face 0.30 161.0 488.0 184.0 517.0
face 0.30 997.0 534.0 1023.0 568.0
