face 1.00 397.0 156.0 587.0 448.0
face 0.99 729.0 657.0 833.0 786.0
face 0.62 -2.0 -1.0 45.0 58.0
face 0.53 5.0 540.0 20.0 560.0
face 0.50 158.0 1212.0 171.0 1227.0
face 0.49 436.0 779.0 641.0 979.0
face 0.47 163.0 1327.0 188.0 1361.0
face 0.47 -1.0 185.0 12.0 207.0
face 0.44 911.0 512.0 934.0 543.0
face 0.39 353.0 266.0 380.0 307.0
face 0.37 20.0 652.0 35.0 670.0
face 0.37 9.0 -3.0 38.0 26.0
face 0.36 996.0 459.0 1010.0 475.0
face 0.36 913.0 223.0 936.0 254.0
face 0.36 2.0 299.0 25.0 330.0
face 0.35 30.0 877.0 44.0 895.0
face 0.34 -2.0 205.0 12.0 227.0
face 0.33 918.0 99.0 944.0 131.0
face 0.33 935.0 680.0 951.0 700.0
face 0.32 760.0 652.0 823.0 721.0
face 0.32 159.0 1098.0 186.0 1136.0
face 0.31 738.0 626.0 752.0 643.0
face 0.30 172.0 1200.0 189.0 1222.0
face 0.30 815.0 1110.0 828.0 1127.0
face 0.30 89.0 438.0 99.0 452.0
face 0.30 869.0 1204.0 884.0 1223.0
