face 1.00 417.0 211.0 574.0 418.0
face 0.71 491.0 829.0 508.0 849.0
face 0.66 948.0 1025.0 966.0 1048.0
face 0.55 10.0 944.0 33.0 972.0
face 0.52 742.0 1084.0 758.0 1104.0
face 0.49 811.0 983.0 826.0 1002.0
face 0.47 111.0 975.0 123.0 990.0
face 0.46 640.0 446.0 663.0 478.0
face 0.45 560.0 678.0 582.0 706.0
face 0.44 577.0 184.0 602.0 210.0
face 0.44 944.0 1728.0 963.0 1750.0
face 0.43 89.0 1393.0 106.0 1415.0
face 0.43 817.0 1400.0 837.0 1422.0
face 0.42 996.0 1243.0 1012.0 1264.0
face 0.41 19.0 1626.0 50.0 1659.0
face 0.40 830.0 1439.0 848.0 1461.0
face 0.39 928.0 984.0 950.0 1010.0
face 0.39 20.0 971.0 36.0 991.0
face 0.39 848.0 967.0 865.0 989.0
face 0.39 801.0 1505.0 820.0 1526.0
face 0.38 33.0 945.0 60.0 981.0
face 0.36 921.0 927.0 939.0 950.0
face 0.36 966.0 811.0 982.0 833.0
face 0.36 171.0 1235.0 188.0 1257.0
face 0.36 999.0 1109.0 1023.0 1141.0
face 0.35 125.0 1062.0 141.0 1081.0
face 0.35 740.0 1196.0 757.0 1216.0
face 0.35 0.0 1261.0 11.0 1278.0
face 0.35 999.0 1568.0 1022.0 1596.0
face 0.35 79.0 1020.0 93.0 1039.0
face 0.34 921.0 1362.0 951.0 1394.0
face 0.34 990.0 1020.0 1018.0 1056.0
face 0.34 22.0 1086.0 35.0 1101.0
face 0.34 277.0 948.0 294.0 969.0
face 0.33 918.0 1025.0 935.0 1046.0
face 0.33 802.0 1138.0 821.0 1160.0
face 0.33 487.0 828.0 500.0 844.0
face 0.33 90.0 1149.0 105.0 1166.0
face 0.33 62.0 1013.0 74.0 1028.0
face 0.33 731.0 1145.0 747.0 1167.0
face 0.33 139.0 1256.0 155.0 1277.0
face 0.33 29.0 1163.0 45.0 1182.0
face 0.33 259.0 731.0 353.0 832.0
face 0.33 1002.0 1400.0 1026.0 1434.0
face 0.33 546.0 712.0 569.0 745.0
face 0.32 906.0 1152.0 924.0 1172.0
face 0.32 984.0 994.0 1001.0 1014.0
face 0.32 52.0 1538.0 71.0 1560.0
face 0.32 728.0 1371.0 748.0 1393.0
face 0.32 508.0 459.0 522.0 478.0
face 0.32 813.0 1633.0 832.0 1657.0
face 0.32 833.0 1521.0 849.0 1540.0
face 0.32 -1.0 1187.0 12.0 1207.0
face 0.31 105.0 1181.0 122.0 1201.0
face 0.31 914.0 860.0 931.0 879.0
face 0.31 860.0 1519.0 878.0 1542.0
face 0.31 152.0 955.0 167.0 974.0
face 0.31 789.0 1277.0 808.0 1300.0
face 0.31 87.0 962.0 102.0 981.0
face 0.31 1002.0 852.0 1019.0 873.0
face 0.31 701.0 931.0 714.0 945.0
face 0.30 101.0 1450.0 119.0 1471.0
face 0.30 874.0 890.0 892.0 912.0
face 0.30 851.0 1287.0 870.0 1309.0
face 0.30 831.0 944.0 846.0 962.0
face 0.30 930.0 896.0 958.0 928.0
face 0.30 750.0 1010.0 768.0 1031.0
face 0.30 123.0 1323.0 140.0 1343.0
face 0.30 100.0 1282.0 117.0 1303.0
face 0.30 74.0 1457.0 92.0 1477.0
face 0.30 295.0 1747.0 546.0 2035.0
face 0.30 90.0 1004.0 104.0 1020.0
