face 1.00 706.0 446.0 860.0 715.0
face 1.00 238.0 385.0 409.0 603.0
face 0.94 198.0 241.0 289.0 363.0
face 0.88 874.0 1185.0 889.0 1202.0
face 0.74 587.0 1465.0 601.0 1486.0
face 0.66 129.0 668.0 144.0 688.0
face 0.65 311.0 187.0 339.0 220.0
face 0.64 922.0 1193.0 939.0 1216.0
face 0.62 757.0 960.0 772.0 978.0
face 0.58 479.0 1239.0 506.0 1272.0
face 0.56 876.0 458.0 893.0 477.0
face 0.54 878.0 1205.0 890.0 1219.0
face 0.53 736.0 1389.0 757.0 1418.0
face 0.53 806.0 1028.0 817.0 1041.0
face 0.53 134.0 546.0 149.0 569.0
face 0.50 836.0 801.0 853.0 821.0
face 0.49 591.0 1508.0 611.0 1535.0
face 0.48 904.0 1082.0 920.0 1101.0
face 0.48 415.0 859.0 426.0 873.0
face 0.48 341.0 1392.0 357.0 1413.0
face 0.47 752.0 1050.0 766.0 1067.0
face 0.47 883.0 493.0 906.0 520.0
face 0.47 774.0 790.0 797.0 818.0
face 0.45 11.0 840.0 38.0 879.0
face 0.45 893.0 1196.0 910.0 1217.0
face 0.45 722.0 381.0 738.0 400.0
face 0.44 598.0 1480.0 613.0 1500.0
face 0.44 859.0 1402.0 876.0 1422.0
face 0.44 372.0 4.0 419.0 70.0
face 0.43 699.0 815.0 715.0 836.0
face 0.43 729.0 966.0 740.0 979.0
face 0.42 859.0 422.0 877.0 444.0
face 0.42 345.0 1164.0 472.0 1320.0
face 0.42 133.0 1096.0 150.0 1116.0
face 0.42 572.0 1404.0 584.0 1419.0
face 0.41 778.0 369.0 793.0 388.0
face 0.41 132.0 559.0 146.0 580.0
face 0.41 609.0 952.0 629.0 979.0
face 0.41 114.0 672.0 130.0 692.0
face 0.41 907.0 494.0 930.0 524.0
face 0.40 310.0 1020.0 321.0 1033.0
face 0.40 216.0 25.0 307.0 145.0
face 0.40 390.0 612.0 401.0 626.0
face 0.40 159.0 453.0 218.0 522.0
face 0.40 293.0 1462.0 305.0 1477.0
face 0.40 990.0 467.0 1001.0 481.0
face 0.40 940.0 674.0 954.0 692.0
face 0.40 707.0 1103.0 784.0 1166.0
face 0.39 581.0 1490.0 596.0 1509.0
face 0.39 95.0 615.0 106.0 628.0
face 0.39 957.0 901.0 974.0 924.0
face 0.39 358.0 635.0 374.0 652.0
face 0.38 376.0 630.0 387.0 644.0
face 0.38 424.0 917.0 436.0 930.0
face 0.38 180.0 852.0 198.0 874.0
face 0.38 733.0 787.0 745.0 802.0
face 0.38 575.0 1169.0 592.0 1190.0
face 0.38 380.0 102.0 421.0 176.0
face 0.37 316.0 1392.0 334.0 1415.0
face 0.37 895.0 1485.0 906.0 1498.0
face 0.37 899.0 1114.0 917.0 1137.0
face 0.37 203.0 961.0 220.0 984.0
face 0.37 734.0 588.0 761.0 621.0
face 0.37 147.0 1231.0 165.0 1256.0
face 0.37 373.0 652.0 385.0 667.0
face 0.36 732.0 881.0 819.0 961.0
face 0.36 173.0 911.0 185.0 924.0
face 0.36 370.0 1095.0 387.0 1118.0
face 0.36 619.0 1080.0 636.0 1099.0
face 0.36 859.0 1444.0 875.0 1465.0
face 0.36 383.0 867.0 394.0 881.0
face 0.36 348.0 677.0 366.0 697.0
face 0.36 974.0 1319.0 1023.0 1400.0
face 0.36 143.0 565.0 167.0 594.0
face 0.36 391.0 855.0 402.0 868.0
face 0.36 349.0 1400.0 365.0 1419.0
face 0.35 400.0 652.0 410.0 665.0
face 0.35 594.0 1132.0 610.0 1151.0
face 0.35 672.0 767.0 692.0 790.0
face 0.35 644.0 1451.0 660.0 1471.0
face 0.35 424.0 855.0 451.0 890.0
face 0.35 379.0 731.0 396.0 750.0
face 0.35 908.0 1056.0 925.0 1080.0
face 0.34 929.0 997.0 947.0 1019.0
face 0.34 994.0 722.0 1010.0 741.0
face 0.34 820.0 1017.0 838.0 1039.0
face 0.34 636.0 894.0 653.0 915.0
face 0.34 380.0 599.0 397.0 622.0
face 0.34 843.0 1402.0 860.0 1420.0
face 0.34 802.0 987.0 818.0 1007.0
face 0.34 332.0 615.0 350.0 640.0
face 0.34 74.0 625.0 91.0 647.0
face 0.34 317.0 276.0 330.0 289.0
face 0.34 756.0 388.0 771.0 407.0
face 0.34 342.0 1507.0 355.0 1523.0
face 0.34 644.0 1293.0 683.0 1336.0
face 0.34 151.0 843.0 165.0 861.0
face 0.34 202.0 1410.0 221.0 1433.0
face 0.34 117.0 575.0 129.0 588.0
face 0.34 823.0 877.0 836.0 892.0
face 0.33 275.0 971.0 291.0 989.0
face 0.33 906.0 1148.0 918.0 1163.0
face 0.33 702.0 939.0 717.0 960.0
face 0.33 639.0 1205.0 651.0 1220.0
face 0.33 694.0 738.0 709.0 755.0
face 0.33 343.0 987.0 357.0 1005.0
face 0.33 542.0 1155.0 569.0 1191.0
face 0.33 84.0 534.0 99.0 552.0
face 0.33 901.0 1174.0 913.0 1188.0
face 0.33 877.0 812.0 889.0 826.0
face 0.33 932.0 1151.0 944.0 1164.0
face 0.33 910.0 828.0 922.0 843.0
face 0.32 189.0 686.0 201.0 700.0
face 0.32 429.0 894.0 447.0 912.0
face 0.32 405.0 651.0 419.0 668.0
face 0.32 205.0 1403.0 218.0 1419.0
face 0.32 805.0 1046.0 816.0 1059.0
face 0.32 205.0 1080.0 216.0 1092.0
face 0.32 957.0 762.0 974.0 781.0
face 0.32 978.0 650.0 996.0 672.0
face 0.32 406.0 1109.0 417.0 1122.0
face 0.32 288.0 354.0 305.0 374.0
face 0.32 633.0 1469.0 651.0 1490.0
face 0.32 530.0 1426.0 548.0 1446.0
face 0.32 725.0 777.0 742.0 800.0
face 0.32 993.0 591.0 1003.0 603.0
face 0.32 978.0 540.0 994.0 562.0
face 0.32 902.0 1091.0 914.0 1106.0
face 0.32 719.0 773.0 730.0 786.0
face 0.32 269.0 1344.0 297.0 1384.0
face 0.32 683.0 591.0 699.0 611.0
face 0.32 1005.0 1153.0 1022.0 1173.0
face 0.32 957.0 693.0 969.0 707.0
face 0.32 456.0 134.0 489.0 174.0
face 0.31 791.0 1028.0 801.0 1041.0
face 0.31 902.0 1190.0 914.0 1203.0
face 0.31 179.0 1242.0 198.0 1263.0
face 0.31 345.0 651.0 363.0 673.0
face 0.31 782.0 844.0 793.0 858.0
face 0.31 323.0 1346.0 338.0 1363.0
face 0.31 910.0 1325.0 922.0 1340.0
face 0.31 365.0 564.0 378.0 581.0
face 0.31 942.0 1045.0 954.0 1059.0
face 0.31 619.0 977.0 636.0 998.0
face 0.31 888.0 660.0 921.0 699.0
face 0.31 718.0 790.0 730.0 802.0
face 0.31 765.0 947.0 781.0 966.0
face 0.31 390.0 626.0 405.0 646.0
face 0.31 901.0 1204.0 915.0 1219.0
face 0.31 959.0 702.0 970.0 715.0
face 0.31 926.0 806.0 938.0 819.0
face 0.31 765.0 965.0 776.0 978.0
face 0.31 637.0 1370.0 653.0 1392.0
face 0.30 611.0 1239.0 735.0 1380.0
face 0.30 624.0 824.0 669.0 874.0
face 0.30 190.0 1392.0 206.0 1413.0
face 0.30 607.0 1099.0 622.0 1120.0
face 0.30 389.0 746.0 405.0 766.0
face 0.30 741.0 990.0 757.0 1007.0
face 0.30 383.0 904.0 393.0 916.0
face 0.30 396.0 667.0 409.0 684.0
face 0.30 223.0 1261.0 235.0 1275.0
face 0.30 885.0 1172.0 897.0 1186.0
face 0.30 775.0 964.0 787.0 978.0
face 0.30 787.0 970.0 802.0 989.0
face 0.30 414.0 778.0 426.0 793.0
face 0.30 989.0 632.0 1007.0 655.0
face 0.30 741.0 1060.0 753.0 1075.0
face 0.30 237.0 1359.0 249.0 1372.0
face 0.30 389.0 861.0 403.0 877.0
face 0.30 358.0 661.0 369.0 675.0
face 0.30 317.0 1480.0 352.0 1514.0
face 0.30 750.0 973.0 762.0 986.0
face 0.30 906.0 1195.0 924.0 1215.0
face 0.30 986.0 886.0 1001.0 905.0
face 0.30 957.0 682.0 972.0 701.0
