face 1.00 389.0 528.0 431.0 581.0
face 1.00 641.0 474.0 687.0 530.0
face 1.00 325.0 483.0 363.0 529.0
face 1.00 65.0 457.0 111.0 512.0
face 1.00 855.0 422.0 889.0 463.0
face 1.00 763.0 463.0 804.0 521.0
face 1.00 54.0 313.0 90.0 357.0
face 1.00 134.0 550.0 177.0 605.0
face 1.00 196.0 428.0 240.0 487.0
face 1.00 182.0 311.0 214.0 349.0
face 1.00 247.0 498.0 291.0 556.0
face 1.00 892.0 505.0 935.0 558.0
face 1.00 39.0 417.0 76.0 462.0
face 1.00 252.0 383.0 287.0 426.0
face 1.00 12.0 367.0 47.0 410.0
face 1.00 512.0 517.0 560.0 584.0
face 1.00 46.0 516.0 88.0 569.0
face 1.00 548.0 433.0 581.0 473.0
face 1.00 639.0 323.0 670.0 360.0
face 1.00 704.0 426.0 738.0 466.0
face 1.00 364.0 410.0 401.0 453.0
face 1.00 564.0 331.0 590.0 365.0
face 1.00 292.0 318.0 323.0 360.0
face 1.00 822.0 325.0 854.0 362.0
face 1.00 941.0 485.0 978.0 528.0
face 1.00 870.0 374.0 902.0 412.0
face 1.00 491.0 400.0 524.0 440.0
face 1.00 924.0 350.0 956.0 388.0
face 1.00 962.0 421.0 997.0 462.0
face 1.00 155.0 370.0 190.0 409.0
face 1.00 761.0 363.0 792.0 399.0
face 1.00 461.0 461.0 495.0 498.0
face 1.00 630.0 436.0 664.0 475.0
face 1.00 998.0 362.0 1025.0 406.0
face 0.98 512.0 329.0 542.0 363.0
face 0.95 366.0 360.0 403.0 407.0
face 0.94 804.0 463.0 832.0 501.0
face 0.82 722.0 303.0 750.0 337.0
face 0.75 912.0 670.0 1004.0 742.0
face 0.63 1004.0 547.0 1025.0 588.0
face 0.60 -1.0 668.0 10.0 685.0
face 0.58 433.0 463.0 458.0 496.0
face 0.45 325.0 733.0 341.0 754.0
face 0.36 412.0 514.0 428.0 534.0
face 0.32 458.0 285.0 473.0 304.0
face 0.31 973.0 749.0 987.0 767.0
