face 1.00 330.0 244.0 524.0 501.0
face 1.00 545.0 143.0 599.0 213.0
face 1.00 830.0 117.0 878.0 176.0
face 1.00 862.0 184.0 917.0 253.0
face 0.99 674.0 190.0 728.0 256.0
face 0.99 783.0 184.0 837.0 254.0
face 0.87 910.0 1679.0 944.0 1727.0
face 0.70 882.0 452.0 961.0 550.0
face 0.63 951.0 181.0 1012.0 255.0
face 0.62 604.0 596.0 627.0 628.0
face 0.61 32.0 478.0 155.0 610.0
face 0.59 661.0 523.0 680.0 547.0
face 0.52 179.0 924.0 377.0 1126.0
face 0.49 953.0 625.0 976.0 656.0
face 0.46 847.0 1670.0 898.0 1726.0
face 0.35 89.0 336.0 225.0 489.0
face 0.34 865.0 1675.0 889.0 1705.0
face 0.33 426.0 733.0 551.0 878.0
face 0.32 437.0 937.0 463.0 973.0
face 0.32 0.0 672.0 13.0 693.0
face 0.32 819.0 95.0 838.0 119.0
face 0.32 605.0 583.0 653.0 637.0
face 0.31 930.0 219.0 955.0 252.0
face 0.31 387.0 1517.0 401.0 1535.0
face 0.31 573.0 686.0 764.0 907.0
