face 0.99 728.0 371.0 753.0 402.0
face 0.85 564.0 379.0 590.0 413.0
face 0.83 601.0 371.0 623.0 402.0
face 0.63 54.0 445.0 68.0 464.0
face 0.48 217.0 420.0 235.0 441.0
face 0.46 589.0 380.0 601.0 396.0
face 0.44 514.0 385.0 539.0 415.0
face 0.44 849.0 616.0 910.0 700.0
face 0.41 711.0 326.0 723.0 341.0
face 0.41 104.0 523.0 145.0 582.0
face 0.38 558.0 341.0 569.0 354.0
face 0.38 134.0 519.0 146.0 533.0
face 0.38 401.0 277.0 426.0 305.0
face 0.37 510.0 429.0 541.0 463.0
face 0.37 387.0 381.0 401.0 397.0
face 0.36 638.0 476.0 652.0 493.0
face 0.35 710.0 741.0 738.0 772.0
face 0.35 402.0 367.0 417.0 387.0
face 0.35 248.0 381.0 272.0 409.0
face 0.34 744.0 458.0 758.0 479.0
face 0.34 742.0 269.0 756.0 285.0
face 0.33 476.0 292.0 489.0 307.0
face 0.33 749.0 404.0 765.0 422.0
face 0.33 746.0 347.0 761.0 364.0
face 0.32 875.0 457.0 892.0 479.0
face 0.32 373.0 394.0 388.0 412.0
face 0.31 226.0 345.0 242.0 365.0
face 0.31 441.0 77.0 543.0 199.0
face 0.31 399.0 278.0 411.0 293.0
face 0.31 222.0 335.0 232.0 347.0
face 0.30 311.0 373.0 323.0 387.0
face 0.30 966.0 453.0 978.0 468.0
face 0.30 390.0 357.0 401.0 369.0
face 0.30 126.0 509.0 138.0 523.0
face 0.30 771.0 626.0 814.0 693.0
face 0.30 493.0 594.0 509.0 616.0
face 0.30 212.0 349.0 226.0 366.0
