face 1.00 664.0 194.0 772.0 336.0
face 1.00 226.0 98.0 365.0 296.0
face 0.67 604.0 96.0 639.0 131.0
face 0.47 632.0 607.0 688.0 676.0
face 0.46 466.0 237.0 488.0 270.0
face 0.44 410.0 725.0 437.0 759.0
face 0.41 397.0 101.0 409.0 115.0
face 0.38 632.0 287.0 650.0 309.0
face 0.37 78.0 204.0 91.0 219.0
face 0.37 383.0 250.0 436.0 303.0
face 0.36 602.0 166.0 635.0 202.0
face 0.35 565.0 130.0 581.0 152.0
face 0.33 590.0 39.0 617.0 71.0
face 0.33 32.0 208.0 67.0 243.0
face 0.33 83.0 201.0 100.0 224.0
face 0.32 380.0 91.0 434.0 155.0
face 0.31 522.0 3.0 573.0 62.0
face 0.30 0.0 245.0 11.0 259.0
