face 1.00 952.0 167.0 990.0 223.0
face 1.00 489.0 276.0 510.0 301.0
face 1.00 571.0 220.0 592.0 250.0
face 1.00 746.0 199.0 774.0 234.0
face 1.00 262.0 217.0 290.0 253.0
face 1.00 92.0 178.0 133.0 228.0
face 1.00 197.0 346.0 222.0 383.0
face 0.95 313.0 361.0 334.0 391.0
face 0.74 186.0 295.0 203.0 319.0
face 0.42 947.0 225.0 964.0 244.0
face 0.42 329.0 439.0 342.0 455.0
face 0.40 89.0 309.0 140.0 364.0
face 0.34 876.0 291.0 893.0 311.0
face 0.33 242.0 337.0 282.0 376.0
face 0.32 918.0 380.0 930.0 394.0
face 0.31 497.0 370.0 512.0 389.0
face 0.31 726.0 270.0 738.0 284.0
face 0.31 318.0 358.0 330.0 372.0
face 0.30 231.0 479.0 242.0 493.0
