face 0.90 798.0 1237.0 821.0 1265.0
face 0.89 319.0 449.0 673.0 787.0
face 0.71 412.0 184.0 703.0 496.0
face 0.63 242.0 1043.0 267.0 1072.0
face 0.60 650.0 1513.0 665.0 1530.0
face 0.56 148.0 990.0 193.0 1042.0
face 0.48 309.0 1187.0 331.0 1216.0
face 0.47 353.0 350.0 495.0 521.0
face 0.45 185.0 1017.0 230.0 1068.0
face 0.40 539.0 1284.0 565.0 1314.0
face 0.39 851.0 1065.0 869.0 1087.0
face 0.38 885.0 999.0 900.0 1020.0
face 0.37 520.0 486.0 773.0 754.0
face 0.37 699.0 1044.0 714.0 1063.0
face 0.37 565.0 1309.0 578.0 1327.0
face 0.37 662.0 1464.0 692.0 1503.0
face 0.36 396.0 1220.0 426.0 1255.0
face 0.36 469.0 1291.0 486.0 1311.0
face 0.35 484.0 1290.0 501.0 1312.0
face 0.34 581.0 1294.0 609.0 1326.0
face 0.34 700.0 1281.0 713.0 1299.0
face 0.34 251.0 1083.0 268.0 1105.0
face 0.33 823.0 1390.0 834.0 1404.0
face 0.33 246.0 1123.0 261.0 1143.0
face 0.33 810.0 1209.0 827.0 1230.0
face 0.33 211.0 1081.0 230.0 1106.0
face 0.33 641.0 1395.0 692.0 1451.0
face 0.32 648.0 1144.0 682.0 1186.0
face 0.32 507.0 1406.0 553.0 1462.0
face 0.32 316.0 1181.0 332.0 1201.0
face 0.32 863.0 1356.0 891.0 1391.0
face 0.32 208.0 1181.0 233.0 1215.0
face 0.31 602.0 1330.0 619.0 1349.0
face 0.31 472.0 1292.0 496.0 1326.0
face 0.31 474.0 1137.0 498.0 1167.0
face 0.31 317.0 1136.0 339.0 1165.0
face 0.31 509.0 1281.0 525.0 1301.0
face 0.31 445.0 1209.0 461.0 1229.0
face 0.31 422.0 1307.0 439.0 1325.0
face 0.30 854.0 1364.0 866.0 1377.0
face 0.30 718.0 1025.0 739.0 1056.0
