face 0.99 261.0 493.0 275.0 510.0
face 0.99 956.0 463.0 970.0 479.0
face 0.99 573.0 458.0 587.0 478.0
face 0.97 311.0 493.0 323.0 507.0
face 0.93 163.0 495.0 177.0 513.0
face 0.93 908.0 452.0 921.0 467.0
face 0.78 114.0 497.0 126.0 513.0
face 0.39 910.0 510.0 925.0 529.0
face 0.38 980.0 644.0 997.0 663.0
face 0.38 0.0 621.0 10.0 636.0
face 0.36 371.0 693.0 390.0 718.0
face 0.35 981.0 696.0 997.0 717.0
face 0.32 548.0 689.0 564.0 711.0
face 0.31 35.0 711.0 55.0 734.0
face 0.31 364.0 668.0 380.0 687.0
face 0.31 826.0 694.0 845.0 720.0
face 0.30 939.0 678.0 957.0 702.0
face 0.30 151.0 525.0 162.0 538.0
face 0.30 629.0 658.0 644.0 676.0
