face 1.00 335.0 628.0 377.0 676.0
face 0.98 124.0 390.0 139.0 408.0
face 0.97 604.0 471.0 634.0 506.0
face 0.97 520.0 615.0 558.0 661.0
face 0.94 776.0 473.0 794.0 497.0
face 0.93 795.0 370.0 811.0 393.0
face 0.87 182.0 355.0 192.0 368.0
face 0.86 114.0 580.0 130.0 603.0
face 0.83 842.0 284.0 855.0 300.0
face 0.79 517.0 177.0 540.0 207.0
face 0.75 639.0 348.0 650.0 362.0
face 0.72 282.0 415.0 305.0 444.0
face 0.70 791.0 330.0 801.0 343.0
face 0.68 687.0 398.0 700.0 416.0
face 0.67 503.0 527.0 530.0 565.0
face 0.67 452.0 411.0 465.0 427.0
face 0.66 335.0 389.0 346.0 403.0
face 0.66 185.0 386.0 204.0 407.0
face 0.66 746.0 652.0 771.0 684.0
face 0.65 170.0 375.0 182.0 389.0
face 0.63 806.0 334.0 816.0 346.0
face 0.63 534.0 325.0 544.0 338.0
face 0.58 623.0 540.0 647.0 569.0
face 0.58 899.0 272.0 913.0 288.0
face 0.57 191.0 340.0 202.0 352.0
face 0.56 406.0 215.0 422.0 233.0
face 0.54 285.0 393.0 297.0 409.0
face 0.51 324.0 348.0 335.0 361.0
face 0.51 32.0 357.0 43.0 371.0
face 0.50 968.0 291.0 979.0 305.0
face 0.50 853.0 343.0 863.0 355.0
face 0.50 917.0 255.0 929.0 270.0
face 0.49 719.0 314.0 732.0 333.0
face 0.49 198.0 371.0 209.0 384.0
face 0.49 302.0 352.0 312.0 364.0
face 0.48 470.0 392.0 481.0 406.0
face 0.48 801.0 573.0 819.0 596.0
face 0.47 838.0 333.0 849.0 345.0
face 0.47 824.0 612.0 885.0 672.0
face 0.46 880.0 307.0 893.0 324.0
face 0.45 314.0 581.0 345.0 615.0
face 0.45 695.0 311.0 705.0 323.0
face 0.44 698.0 204.0 714.0 226.0
face 0.43 798.0 364.0 810.0 381.0
face 0.43 558.0 269.0 568.0 281.0
face 0.42 576.0 309.0 585.0 322.0
face 0.42 485.0 406.0 497.0 421.0
face 0.42 863.0 325.0 873.0 338.0
face 0.41 834.0 209.0 852.0 230.0
face 0.41 327.0 374.0 337.0 386.0
face 0.41 898.0 353.0 913.0 372.0
face 0.41 227.0 435.0 245.0 457.0
face 0.40 892.0 396.0 907.0 414.0
face 0.40 1011.0 363.0 1023.0 382.0
face 0.40 558.0 451.0 572.0 469.0
face 0.40 366.0 341.0 377.0 354.0
face 0.39 487.0 451.0 510.0 475.0
face 0.39 959.0 590.0 971.0 604.0
face 0.39 353.0 564.0 365.0 580.0
face 0.38 270.0 373.0 284.0 393.0
face 0.38 721.0 203.0 734.0 220.0
face 0.38 861.0 212.0 877.0 230.0
face 0.38 326.0 220.0 342.0 236.0
face 0.37 560.0 658.0 586.0 684.0
face 0.37 45.0 401.0 61.0 419.0
face 0.37 406.0 365.0 417.0 378.0
face 0.37 470.0 419.0 482.0 432.0
face 0.37 246.0 196.0 261.0 214.0
face 0.37 677.0 348.0 688.0 362.0
face 0.37 357.0 397.0 370.0 415.0
face 0.36 302.0 328.0 312.0 340.0
face 0.36 911.0 286.0 921.0 299.0
face 0.36 354.0 526.0 375.0 551.0
face 0.36 176.0 308.0 186.0 320.0
face 0.36 143.0 484.0 155.0 499.0
face 0.36 204.0 396.0 220.0 416.0
face 0.36 663.0 455.0 675.0 469.0
face 0.36 770.0 597.0 784.0 615.0
face 0.35 703.0 294.0 714.0 307.0
face 0.35 343.0 533.0 356.0 548.0
face 0.35 318.0 325.0 328.0 337.0
face 0.35 766.0 436.0 777.0 450.0
face 0.35 -2.0 414.0 8.0 429.0
face 0.35 757.0 540.0 768.0 554.0
face 0.35 293.0 340.0 304.0 353.0
face 0.35 822.0 327.0 832.0 339.0
face 0.35 612.0 581.0 624.0 594.0
face 0.35 347.0 334.0 359.0 348.0
face 0.34 396.0 429.0 408.0 443.0
face 0.34 631.0 293.0 642.0 306.0
face 0.34 392.0 374.0 403.0 387.0
face 0.34 533.0 395.0 546.0 409.0
face 0.34 43.0 579.0 56.0 598.0
face 0.34 998.0 327.0 1010.0 341.0
face 0.34 333.0 420.0 347.0 438.0
face 0.34 773.0 418.0 790.0 439.0
face 0.34 374.0 386.0 389.0 404.0
face 0.34 343.0 350.0 353.0 363.0
face 0.34 83.0 394.0 97.0 412.0
face 0.34 847.0 315.0 859.0 329.0
face 0.33 198.0 358.0 208.0 371.0
face 0.33 158.0 358.0 169.0 371.0
face 0.33 645.0 303.0 656.0 317.0
face 0.33 183.0 382.0 194.0 397.0
face 0.33 918.0 221.0 929.0 234.0
face 0.33 343.0 342.0 354.0 354.0
face 0.33 278.0 364.0 290.0 378.0
face 0.33 81.0 390.0 92.0 404.0
face 0.33 415.0 356.0 426.0 370.0
face 0.33 621.0 326.0 632.0 338.0
face 0.32 757.0 342.0 768.0 355.0
face 0.32 459.0 354.0 473.0 373.0
face 0.32 488.0 261.0 500.0 275.0
face 0.32 741.0 332.0 752.0 346.0
face 0.32 767.0 604.0 779.0 619.0
face 0.32 982.0 238.0 995.0 253.0
face 0.32 591.0 350.0 601.0 363.0
face 0.32 517.0 371.0 528.0 385.0
face 0.32 294.0 372.0 306.0 386.0
face 0.32 262.0 294.0 273.0 307.0
face 0.32 398.0 381.0 408.0 394.0
face 0.32 758.0 298.0 773.0 318.0
face 0.32 591.0 382.0 605.0 399.0
face 0.32 284.0 365.0 298.0 381.0
face 0.32 361.0 343.0 371.0 355.0
face 0.32 327.0 430.0 340.0 444.0
face 0.32 416.0 350.0 427.0 363.0
face 0.32 757.0 436.0 771.0 455.0
face 0.32 575.0 286.0 585.0 297.0
face 0.32 989.0 411.0 1001.0 426.0
face 0.32 86.0 404.0 98.0 418.0
face 0.32 873.0 349.0 886.0 365.0
face 0.31 391.0 422.0 402.0 438.0
face 0.31 788.0 594.0 803.0 612.0
face 0.31 790.0 278.0 800.0 290.0
face 0.31 422.0 343.0 432.0 355.0
face 0.31 199.0 292.0 210.0 306.0
face 0.31 351.0 382.0 362.0 394.0
face 0.31 616.0 285.0 626.0 298.0
face 0.31 134.0 412.0 148.0 428.0
face 0.31 781.0 612.0 796.0 630.0
face 0.31 260.0 326.0 270.0 338.0
face 0.31 35.0 405.0 51.0 423.0
face 0.31 141.0 296.0 155.0 314.0
face 0.31 583.0 358.0 594.0 371.0
face 0.31 783.0 326.0 794.0 339.0
face 0.31 853.0 317.0 864.0 331.0
face 0.31 320.0 344.0 331.0 357.0
face 0.31 719.0 535.0 730.0 548.0
face 0.31 197.0 389.0 209.0 404.0
face 0.31 34.0 341.0 49.0 358.0
face 0.31 463.0 292.0 475.0 308.0
face 0.31 846.0 197.0 859.0 211.0
face 0.31 319.0 355.0 330.0 369.0
face 0.31 678.0 543.0 704.0 574.0
face 0.31 580.0 309.0 593.0 324.0
face 0.31 821.0 356.0 832.0 370.0
face 0.31 111.0 395.0 124.0 413.0
face 0.31 458.0 413.0 474.0 430.0
face 0.31 440.0 350.0 451.0 362.0
face 0.31 183.0 374.0 194.0 387.0
face 0.31 352.0 390.0 362.0 403.0
face 0.31 897.0 372.0 910.0 389.0
face 0.31 160.0 341.0 170.0 353.0
face 0.31 399.0 389.0 410.0 402.0
face 0.31 1014.0 332.0 1024.0 347.0
face 0.31 430.0 343.0 441.0 355.0
face 0.31 296.0 348.0 309.0 363.0
face 0.31 17.0 359.0 27.0 372.0
face 0.30 152.0 356.0 163.0 370.0
face 0.30 2.0 307.0 17.0 326.0
face 0.30 756.0 210.0 772.0 233.0
face 0.30 989.0 323.0 1004.0 341.0
face 0.30 375.0 374.0 385.0 386.0
face 0.30 269.0 387.0 281.0 402.0
face 0.30 716.0 347.0 735.0 371.0
face 0.30 641.0 309.0 652.0 322.0
face 0.30 613.0 364.0 625.0 378.0
face 0.30 222.0 397.0 234.0 411.0
face 0.30 838.0 349.0 849.0 361.0
face 0.30 771.0 392.0 791.0 415.0
face 0.30 855.0 324.0 866.0 337.0
face 0.30 778.0 202.0 796.0 224.0
face 0.30 38.0 383.0 49.0 397.0
face 0.30 150.0 375.0 160.0 387.0
face 0.30 652.0 365.0 664.0 378.0
face 0.30 527.0 374.0 538.0 387.0
face 0.30 70.0 374.0 82.0 388.0
face 0.30 446.0 350.0 457.0 364.0
face 0.30 524.0 340.0 537.0 355.0
face 0.30 666.0 171.0 685.0 191.0
face 0.30 549.0 349.0 560.0 362.0
face 0.30 902.0 237.0 913.0 250.0
face 0.30 158.0 396.0 170.0 409.0
face 0.30 257.0 546.0 275.0 570.0
