face 1.00 494.0 647.0 577.0 760.0
face 1.00 83.0 641.0 155.0 738.0
face 1.00 629.0 661.0 693.0 747.0
face 1.00 377.0 594.0 438.0 689.0
face 1.00 891.0 608.0 956.0 706.0
face 0.58 255.0 1279.0 266.0 1293.0
face 0.51 988.0 1013.0 1001.0 1029.0
face 0.49 84.0 1280.0 95.0 1294.0
face 0.49 287.0 714.0 299.0 729.0
face 0.46 258.0 1254.0 271.0 1270.0
face 0.42 288.0 680.0 306.0 701.0
face 0.42 575.0 285.0 671.0 401.0
face 0.42 1000.0 917.0 1024.0 955.0
face 0.40 358.0 1279.0 369.0 1293.0
face 0.40 726.0 1137.0 743.0 1156.0
face 0.39 805.0 683.0 816.0 696.0
face 0.38 261.0 1278.0 274.0 1293.0
face 0.37 429.0 1279.0 441.0 1293.0
face 0.36 920.0 249.0 936.0 269.0
face 0.36 782.0 510.0 793.0 524.0
face 0.36 419.0 490.0 433.0 508.0
face 0.35 280.0 1277.0 290.0 1289.0
face 0.34 671.0 515.0 686.0 533.0
face 0.34 605.0 328.0 632.0 358.0
face 0.34 744.0 720.0 765.0 744.0
face 0.34 42.0 369.0 72.0 406.0
face 0.34 798.0 668.0 809.0 681.0
face 0.33 635.0 31.0 651.0 53.0
face 0.32 169.0 1327.0 195.0 1358.0
face 0.32 30.0 981.0 57.0 1013.0
face 0.32 714.0 423.0 732.0 444.0
face 0.31 147.0 1327.0 194.0 1389.0
face 0.31 1000.0 1040.0 1023.0 1070.0
face 0.31 618.0 545.0 634.0 564.0
face 0.31 52.0 1317.0 65.0 1332.0
face 0.30 796.0 697.0 811.0 716.0
face 0.30 787.0 568.0 804.0 586.0
face 0.30 938.0 1341.0 965.0 1371.0
