face 0.87 310.0 42.0 458.0 258.0
face 0.76 963.0 483.0 976.0 499.0
face 0.50 406.0 494.0 417.0 507.0
face 0.49 38.0 555.0 54.0 576.0
face 0.45 727.0 479.0 742.0 497.0
face 0.43 999.0 423.0 1010.0 438.0
face 0.42 245.0 451.0 256.0 465.0
face 0.40 442.0 573.0 523.0 689.0
face 0.40 271.0 486.0 282.0 499.0
face 0.36 605.0 526.0 617.0 539.0
face 0.36 339.0 531.0 351.0 546.0
face 0.35 467.0 63.0 484.0 83.0
face 0.35 94.0 509.0 105.0 524.0
face 0.35 471.0 161.0 487.0 180.0
face 0.34 808.0 661.0 837.0 700.0
face 0.34 102.0 500.0 113.0 514.0
face 0.33 256.0 469.0 267.0 482.0
face 0.31 259.0 651.0 274.0 672.0
face 0.31 7.0 725.0 20.0 741.0
face 0.31 518.0 413.0 530.0 427.0
face 0.31 277.0 486.0 288.0 499.0
face 0.31 999.0 632.0 1014.0 651.0
face 0.31 293.0 288.0 304.0 301.0
