face 0.99 823.0 575.0 834.0 588.0
face 0.97 756.0 567.0 769.0 583.0
face 0.97 850.0 557.0 865.0 573.0
face 0.96 616.0 605.0 629.0 621.0
face 0.96 279.0 505.0 295.0 526.0
face 0.95 751.0 627.0 763.0 641.0
face 0.93 903.0 564.0 914.0 578.0
face 0.92 868.0 574.0 879.0 587.0
face 0.83 982.0 585.0 994.0 600.0
face 0.81 892.0 605.0 910.0 626.0
face 0.70 875.0 664.0 889.0 682.0
face 0.68 847.0 498.0 866.0 522.0
face 0.67 768.0 623.0 782.0 639.0
face 0.59 907.0 517.0 919.0 532.0
face 0.55 169.0 202.0 207.0 256.0
face 0.53 616.0 566.0 630.0 582.0
face 0.50 799.0 556.0 811.0 568.0
face 0.49 739.0 603.0 752.0 618.0
face 0.48 902.0 486.0 913.0 500.0
face 0.45 247.0 612.0 290.0 668.0
face 0.44 42.0 461.0 58.0 481.0
face 0.42 870.0 540.0 881.0 554.0
face 0.41 946.0 523.0 960.0 540.0
face 0.40 887.0 107.0 916.0 136.0
face 0.38 817.0 528.0 827.0 541.0
face 0.38 163.0 561.0 178.0 582.0
face 0.36 712.0 168.0 734.0 194.0
face 0.36 927.0 564.0 939.0 578.0
face 0.36 847.0 118.0 873.0 145.0
face 0.35 829.0 555.0 841.0 571.0
face 0.35 197.0 556.0 220.0 583.0
face 0.34 798.0 575.0 809.0 588.0
face 0.34 195.0 204.0 230.0 247.0
face 0.34 388.0 4.0 424.0 46.0
face 0.33 723.0 105.0 742.0 127.0
face 0.33 789.0 550.0 801.0 563.0
face 0.32 766.0 636.0 779.0 652.0
face 0.31 751.0 596.0 766.0 612.0
face 0.31 518.0 524.0 529.0 538.0
face 0.31 290.0 505.0 307.0 527.0
face 0.31 174.0 203.0 186.0 218.0
face 0.30 862.0 556.0 874.0 571.0
