face 0.90 319.0 510.0 657.0 824.0
face 0.60 312.0 387.0 325.0 404.0
face 0.54 882.0 415.0 902.0 439.0
face 0.53 296.0 428.0 331.0 475.0
face 0.49 175.0 770.0 202.0 801.0
face 0.46 836.0 594.0 852.0 616.0
face 0.46 214.0 692.0 304.0 838.0
face 0.44 747.0 580.0 771.0 616.0
face 0.43 595.0 330.0 628.0 370.0
face 0.41 897.0 735.0 913.0 756.0
face 0.38 319.0 523.0 443.0 652.0
face 0.38 553.0 785.0 807.0 1037.0
face 0.37 140.0 724.0 219.0 833.0
face 0.37 786.0 720.0 815.0 757.0
face 0.37 262.0 1022.0 292.0 1065.0
face 0.37 785.0 504.0 836.0 576.0
face 0.36 652.0 297.0 677.0 330.0
face 0.36 242.0 931.0 260.0 953.0
face 0.36 0.0 937.0 45.0 1014.0
face 0.33 231.0 869.0 253.0 901.0
face 0.32 827.0 1169.0 861.0 1212.0
face 0.32 955.0 483.0 970.0 501.0
face 0.31 710.0 198.0 722.0 213.0
face 0.31 842.0 692.0 859.0 712.0
face 0.31 844.0 587.0 859.0 608.0
face 0.31 694.0 1052.0 707.0 1068.0
face 0.30 306.0 214.0 545.0 482.0
face 0.30 920.0 779.0 934.0 799.0
