face 1.00 86.0 50.0 119.0 94.0
face 1.00 894.0 76.0 934.0 122.0
face 0.73 1002.0 127.0 1022.0 156.0
face 0.69 151.0 305.0 263.0 489.0
face 0.62 523.0 357.0 586.0 427.0
face 0.55 769.0 218.0 782.0 234.0
face 0.44 869.0 196.0 899.0 230.0
face 0.37 533.0 380.0 557.0 411.0
face 0.37 560.0 349.0 571.0 363.0
face 0.37 910.0 147.0 922.0 164.0
face 0.35 887.0 80.0 902.0 103.0
face 0.34 819.0 351.0 886.0 430.0
face 0.34 781.0 111.0 792.0 124.0
face 0.34 779.0 85.0 793.0 102.0
face 0.33 592.0 400.0 698.0 524.0
face 0.33 461.0 150.0 473.0 164.0
face 0.32 102.0 194.0 113.0 209.0
face 0.32 40.0 48.0 51.0 62.0
face 0.32 7.0 353.0 48.0 416.0
face 0.30 914.0 200.0 978.0 275.0
face 0.30 721.0 351.0 747.0 381.0
