face 1.00 809.0 68.0 898.0 221.0
face 1.00 116.0 447.0 220.0 613.0
face 1.00 634.0 41.0 732.0 203.0
face 1.00 292.0 844.0 401.0 1032.0
face 1.00 809.0 464.0 915.0 637.0
face 1.00 118.0 808.0 223.0 1016.0
face 1.00 635.0 430.0 740.0 614.0
face 1.00 289.0 450.0 380.0 620.0
face 1.00 243.0 89.0 315.0 199.0
face 1.00 199.0 92.0 273.0 212.0
face 0.76 714.0 870.0 837.0 1025.0
face 0.40 935.0 677.0 1023.0 794.0
face 0.36 345.0 243.0 374.0 282.0
face 0.34 173.0 152.0 232.0 218.0
face 0.34 232.0 232.0 279.0 291.0
