face 1.00 928.0 169.0 1009.0 261.0
face 0.99 6.0 121.0 24.0 146.0
face 0.99 37.0 109.0 73.0 156.0
face 0.97 588.0 99.0 639.0 168.0
face 0.94 718.0 122.0 756.0 166.0
face 0.93 736.0 143.0 802.0 224.0
face 0.93 316.0 112.0 380.0 209.0
face 0.88 867.0 192.0 924.0 256.0
face 0.70 183.0 106.0 231.0 156.0
face 0.55 538.0 147.0 554.0 165.0
face 0.44 951.0 336.0 985.0 376.0
face 0.43 846.0 515.0 858.0 530.0
face 0.42 399.0 62.0 412.0 77.0
face 0.42 446.0 145.0 496.0 205.0
face 0.37 550.0 289.0 578.0 320.0
face 0.35 689.0 182.0 704.0 199.0
face 0.35 86.0 126.0 102.0 146.0
face 0.33 532.0 139.0 551.0 159.0
face 0.31 658.0 167.0 717.0 243.0
