face 1.00 809.0 664.0 892.0 770.0
face 1.00 433.0 720.0 515.0 829.0
face 1.00 125.0 338.0 349.0 603.0
face 0.68 231.0 201.0 244.0 219.0
face 0.58 346.0 35.0 371.0 64.0
face 0.48 205.0 135.0 217.0 148.0
face 0.45 464.0 52.0 475.0 65.0
face 0.41 123.0 77.0 137.0 95.0
face 0.41 477.0 82.0 491.0 100.0
face 0.39 378.0 37.0 393.0 54.0
face 0.39 413.0 32.0 427.0 51.0
face 0.38 207.0 206.0 218.0 218.0
face 0.37 10.0 211.0 25.0 232.0
face 0.36 393.0 180.0 410.0 201.0
face 0.35 103.0 77.0 113.0 91.0
face 0.33 457.0 411.0 480.0 441.0
face 0.33 757.0 71.0 768.0 85.0
face 0.33 381.0 18.0 397.0 36.0
face 0.32 50.0 82.0 66.0 100.0
face 0.32 77.0 66.0 91.0 83.0
face 0.32 617.0 24.0 640.0 54.0
face 0.32 171.0 269.0 185.0 288.0
face 0.31 143.0 117.0 153.0 130.0
face 0.30 135.0 109.0 146.0 123.0
face 0.30 126.0 292.0 137.0 307.0
face 0.30 470.0 100.0 481.0 114.0
face 0.30 495.0 100.0 506.0 114.0
