face 1.00 647.0 270.0 720.0 363.0
face 1.00 205.0 406.0 281.0 501.0
face 1.00 594.0 29.0 664.0 127.0
face 1.00 543.0 293.0 616.0 390.0
face 1.00 404.0 137.0 462.0 223.0
face 1.00 394.0 348.0 460.0 431.0
face 1.00 779.0 366.0 844.0 451.0
face 1.00 959.0 512.0 985.0 543.0
face 1.00 41.0 470.0 66.0 499.0
face 1.00 21.0 544.0 58.0 578.0
face 0.99 861.0 521.0 888.0 553.0
face 0.99 487.0 541.0 526.0 575.0
face 0.98 958.0 428.0 985.0 459.0
face 0.97 320.0 471.0 351.0 505.0
face 0.96 587.0 480.0 608.0 511.0
face 0.95 924.0 491.0 947.0 520.0
face 0.94 58.0 439.0 79.0 464.0
face 0.94 995.0 519.0 1021.0 552.0
face 0.87 824.0 543.0 861.0 576.0
face 0.82 13.0 506.0 39.0 539.0
face 0.80 1001.0 406.0 1022.0 437.0
face 0.80 130.0 527.0 153.0 553.0
face 0.67 381.0 519.0 430.0 573.0
face 0.66 766.0 122.0 783.0 143.0
face 0.66 327.0 542.0 373.0 577.0
face 0.64 43.0 517.0 74.0 552.0
face 0.63 311.0 434.0 337.0 465.0
face 0.62 859.0 494.0 875.0 516.0
face 0.60 76.0 389.0 102.0 424.0
face 0.59 648.0 490.0 678.0 525.0
face 0.52 1004.0 491.0 1026.0 525.0
face 0.51 701.0 519.0 731.0 561.0
face 0.50 473.0 520.0 499.0 550.0
face 0.50 633.0 474.0 658.0 508.0
face 0.48 668.0 428.0 683.0 448.0
face 0.46 665.0 533.0 707.0 574.0
face 0.46 618.0 482.0 649.0 525.0
face 0.45 55.0 533.0 88.0 571.0
face 0.43 972.0 388.0 999.0 420.0
face 0.41 947.0 470.0 963.0 494.0
face 0.41 33.0 420.0 61.0 452.0
face 0.40 617.0 474.0 632.0 494.0
face 0.40 321.0 119.0 338.0 141.0
face 0.40 736.0 532.0 774.0 571.0
face 0.39 502.0 89.0 518.0 107.0
face 0.39 330.0 400.0 350.0 423.0
face 0.36 507.0 531.0 526.0 552.0
face 0.35 683.0 519.0 700.0 541.0
face 0.35 877.0 205.0 927.0 263.0
face 0.34 348.0 507.0 364.0 525.0
face 0.34 48.0 32.0 105.0 120.0
face 0.34 314.0 378.0 363.0 437.0
face 0.33 377.0 540.0 396.0 562.0
face 0.32 638.0 477.0 651.0 494.0
face 0.32 946.0 252.0 974.0 285.0
face 0.32 35.0 399.0 54.0 420.0
face 0.32 999.0 52.0 1021.0 85.0
face 0.32 653.0 428.0 666.0 442.0
face 0.31 881.0 153.0 932.0 214.0
face 0.31 943.0 326.0 959.0 347.0
