face 1.00 525.0 649.0 589.0 728.0
face 1.00 578.0 168.0 615.0 216.0
face 0.99 438.0 342.0 502.0 413.0
face 0.95 274.0 347.0 334.0 426.0
face 0.90 669.0 340.0 724.0 393.0
face 0.88 541.0 191.0 573.0 236.0
face 0.86 821.0 97.0 876.0 160.0
face 0.82 933.0 677.0 1013.0 781.0
face 0.70 781.0 334.0 844.0 418.0
face 0.68 601.0 364.0 658.0 447.0
face 0.67 329.0 746.0 379.0 809.0
face 0.60 354.0 335.0 403.0 405.0
face 0.55 49.0 5.0 266.0 182.0
face 0.51 664.0 356.0 693.0 392.0
face 0.48 538.0 735.0 575.0 774.0
face 0.46 196.0 457.0 213.0 481.0
face 0.44 814.0 119.0 842.0 157.0
face 0.43 3.0 134.0 96.0 272.0
face 0.42 846.0 69.0 870.0 99.0
face 0.42 875.0 670.0 975.0 793.0
face 0.42 748.0 534.0 802.0 600.0
face 0.39 643.0 385.0 670.0 418.0
face 0.39 142.0 338.0 194.0 411.0
face 0.38 286.0 616.0 310.0 645.0
face 0.37 370.0 326.0 405.0 368.0
face 0.37 765.0 385.0 789.0 413.0
face 0.34 268.0 650.0 338.0 733.0
face 0.33 564.0 349.0 611.0 406.0
face 0.32 773.0 205.0 827.0 264.0
face 0.32 729.0 322.0 794.0 411.0
face 0.32 907.0 505.0 953.0 561.0
face 0.32 406.0 350.0 456.0 414.0
face 0.31 34.0 662.0 160.0 808.0
face 0.31 890.0 -1.0 942.0 39.0
face 0.31 867.0 64.0 885.0 90.0
face 0.31 345.0 541.0 396.0 604.0
face 0.31 434.0 785.0 454.0 810.0
face 0.30 893.0 192.0 920.0 230.0
