face 1.00 975.0 415.0 1022.0 471.0
face 1.00 553.0 394.0 639.0 502.0
face 1.00 2.0 342.0 118.0 493.0
face 1.00 610.0 229.0 644.0 274.0
face 0.97 698.0 435.0 721.0 468.0
face 0.96 860.0 342.0 874.0 361.0
face 0.96 732.0 373.0 791.0 447.0
face 0.90 930.0 414.0 947.0 437.0
face 0.84 100.0 382.0 180.0 505.0
face 0.64 902.0 392.0 917.0 414.0
face 0.53 233.0 442.0 247.0 461.0
face 0.51 836.0 402.0 885.0 462.0
face 0.51 913.0 420.0 938.0 450.0
face 0.50 630.0 217.0 645.0 236.0
face 0.49 417.0 349.0 438.0 377.0
face 0.45 638.0 500.0 650.0 515.0
face 0.40 286.0 715.0 312.0 743.0
face 0.39 605.0 336.0 654.0 398.0
face 0.39 393.0 370.0 429.0 410.0
face 0.37 945.0 83.0 970.0 111.0
face 0.34 768.0 390.0 783.0 407.0
face 0.32 902.0 0.0 914.0 12.0
face 0.32 851.0 346.0 874.0 375.0
face 0.31 967.0 363.0 979.0 379.0
face 0.31 443.0 467.0 458.0 489.0
face 0.31 436.0 338.0 453.0 358.0
face 0.31 750.0 164.0 761.0 177.0
face 0.30 612.0 73.0 629.0 94.0
