face 0.99 379.0 320.0 400.0 347.0
face 0.99 344.0 333.0 367.0 361.0
face 0.99 429.0 302.0 444.0 322.0
face 0.98 259.0 427.0 314.0 504.0
face 0.98 687.0 339.0 724.0 383.0
face 0.98 242.0 297.0 277.0 339.0
face 0.96 844.0 431.0 901.0 506.0
face 0.86 117.0 311.0 139.0 337.0
face 0.83 735.0 338.0 802.0 423.0
face 0.81 326.0 328.0 341.0 352.0
face 0.80 648.0 305.0 668.0 331.0
face 0.79 86.0 523.0 168.0 657.0
face 0.75 197.0 325.0 225.0 363.0
face 0.64 -1.0 295.0 40.0 343.0
face 0.63 91.0 295.0 106.0 312.0
face 0.61 495.0 323.0 524.0 356.0
face 0.60 940.0 318.0 969.0 360.0
face 0.54 587.0 326.0 606.0 352.0
face 0.54 138.0 371.0 170.0 410.0
face 0.50 616.0 379.0 639.0 410.0
face 0.50 572.0 208.0 586.0 226.0
face 0.49 793.0 472.0 839.0 526.0
face 0.48 829.0 331.0 862.0 370.0
face 0.47 393.0 322.0 412.0 343.0
face 0.45 660.0 545.0 681.0 576.0
face 0.45 277.0 325.0 311.0 363.0
face 0.43 185.0 292.0 211.0 321.0
face 0.41 206.0 532.0 249.0 592.0
face 0.39 478.0 352.0 502.0 380.0
face 0.36 471.0 739.0 496.0 767.0
face 0.36 690.0 141.0 708.0 161.0
face 0.36 441.0 282.0 459.0 303.0
face 0.36 486.0 515.0 497.0 529.0
face 0.35 50.0 342.0 97.0 397.0
face 0.35 219.0 289.0 235.0 308.0
face 0.34 30.0 280.0 47.0 301.0
face 0.34 804.0 396.0 822.0 417.0
face 0.33 502.0 585.0 520.0 605.0
face 0.33 605.0 539.0 630.0 572.0
face 0.33 149.0 307.0 160.0 322.0
face 0.33 684.0 564.0 699.0 584.0
face 0.32 746.0 423.0 764.0 444.0
face 0.32 998.0 679.0 1016.0 704.0
face 0.32 163.0 307.0 178.0 326.0
face 0.32 922.0 709.0 979.0 772.0
face 0.31 977.0 359.0 1026.0 435.0
face 0.31 92.0 322.0 111.0 344.0
face 0.31 164.0 424.0 179.0 442.0
face 0.31 718.0 215.0 734.0 237.0
face 0.31 495.0 183.0 517.0 212.0
face 0.31 605.0 427.0 625.0 448.0
face 0.31 350.0 188.0 361.0 202.0
face 0.30 637.0 523.0 652.0 543.0
face 0.30 293.0 620.0 307.0 637.0
face 0.30 446.0 484.0 458.0 500.0
face 0.30 959.0 347.0 971.0 361.0
