face 1.00 676.0 188.0 724.0 249.0
face 1.00 192.0 83.0 245.0 149.0
face 1.00 330.0 81.0 395.0 153.0
face 1.00 717.0 137.0 761.0 197.0
face 1.00 108.0 71.0 186.0 171.0
face 1.00 657.0 146.0 702.0 196.0
face 1.00 451.0 99.0 515.0 184.0
face 1.00 533.0 157.0 575.0 207.0
face 0.98 916.0 138.0 985.0 253.0
face 0.95 566.0 162.0 597.0 205.0
face 0.91 929.0 84.0 984.0 145.0
face 0.90 587.0 143.0 621.0 183.0
face 0.85 288.0 138.0 320.0 171.0
face 0.65 276.0 301.0 322.0 358.0
face 0.57 338.0 633.0 361.0 663.0
face 0.48 60.0 413.0 76.0 434.0
face 0.45 643.0 219.0 669.0 252.0
face 0.37 272.0 288.0 299.0 322.0
face 0.36 29.0 596.0 41.0 611.0
face 0.32 644.0 155.0 659.0 173.0
face 0.32 782.0 130.0 843.0 209.0
face 0.30 829.0 123.0 874.0 178.0
face 0.30 2.0 195.0 18.0 216.0
