face 1.00 64.0 544.0 136.0 633.0
face 1.00 635.0 519.0 694.0 591.0
face 1.00 265.0 494.0 330.0 587.0
face 0.99 552.0 542.0 616.0 623.0
face 0.99 680.0 25.0 721.0 72.0
face 0.98 910.0 567.0 984.0 653.0
face 0.98 767.0 111.0 810.0 161.0
face 0.96 745.0 514.0 806.0 576.0
face 0.95 275.0 385.0 329.0 442.0
face 0.92 596.0 107.0 634.0 166.0
face 0.89 363.0 58.0 406.0 112.0
face 0.84 538.0 189.0 561.0 218.0
face 0.58 234.0 626.0 289.0 674.0
face 0.57 680.0 110.0 695.0 129.0
face 0.55 101.0 16.0 119.0 37.0
face 0.51 293.0 18.0 310.0 40.0
face 0.51 183.0 35.0 212.0 68.0
face 0.51 -2.0 78.0 40.0 132.0
face 0.44 470.0 554.0 501.0 604.0
face 0.42 130.0 57.0 178.0 112.0
face 0.42 722.0 647.0 738.0 668.0
face 0.38 303.0 4.0 329.0 34.0
face 0.38 935.0 540.0 986.0 611.0
face 0.37 345.0 180.0 358.0 197.0
face 0.37 731.0 403.0 748.0 424.0
face 0.37 454.0 188.0 501.0 249.0
face 0.37 892.0 -1.0 916.0 23.0
face 0.36 362.0 114.0 378.0 134.0
face 0.34 211.0 -1.0 235.0 26.0
face 0.34 709.0 249.0 727.0 273.0
face 0.33 469.0 0.0 493.0 26.0
face 0.31 465.0 70.0 516.0 128.0
face 0.31 963.0 103.0 978.0 122.0
face 0.31 3.0 192.0 22.0 216.0
face 0.30 982.0 116.0 994.0 130.0
