face 1.00 204.0 45.0 251.0 107.0
face 1.00 252.0 93.0 315.0 175.0
face 1.00 859.0 167.0 899.0 214.0
face 1.00 727.0 169.0 752.0 197.0
face 1.00 115.0 32.0 151.0 83.0
face 1.00 375.0 97.0 402.0 131.0
face 1.00 711.0 164.0 738.0 200.0
face 1.00 931.0 181.0 965.0 222.0
face 1.00 790.0 192.0 814.0 221.0
face 0.99 131.0 89.0 182.0 146.0
face 0.99 680.0 232.0 711.0 270.0
face 0.99 664.0 150.0 690.0 187.0
face 0.99 27.0 3.0 77.0 52.0
face 0.94 982.0 223.0 1005.0 251.0
face 0.86 959.0 190.0 983.0 225.0
face 0.82 604.0 177.0 617.0 193.0
face 0.78 617.0 153.0 631.0 170.0
face 0.76 813.0 201.0 829.0 219.0
face 0.71 1001.0 287.0 1024.0 331.0
face 0.70 52.0 223.0 129.0 324.0
face 0.54 909.0 162.0 926.0 182.0
face 0.40 941.0 286.0 968.0 319.0
face 0.39 61.0 45.0 106.0 101.0
face 0.38 375.0 149.0 385.0 163.0
face 0.38 804.0 218.0 822.0 240.0
face 0.37 15.0 108.0 43.0 138.0
face 0.37 877.0 402.0 941.0 490.0
face 0.36 408.0 106.0 468.0 179.0
face 0.35 564.0 159.0 580.0 181.0
face 0.34 590.0 157.0 602.0 171.0
face 0.34 580.0 146.0 597.0 168.0
face 0.33 998.0 218.0 1025.0 254.0
face 0.33 351.0 179.0 373.0 206.0
face 0.32 662.0 167.0 678.0 189.0
face 0.31 548.0 207.0 564.0 228.0
face 0.31 644.0 160.0 662.0 183.0
face 0.30 786.0 257.0 804.0 279.0
