face 1.00 396.0 272.0 454.0 341.0
face 1.00 574.0 772.0 630.0 845.0
face 1.00 205.0 217.0 349.0 400.0
face 0.98 693.0 236.0 771.0 334.0
face 0.88 1.0 246.0 62.0 379.0
face 0.85 538.0 284.0 601.0 351.0
face 0.72 176.0 82.0 192.0 100.0
face 0.59 396.0 261.0 427.0 303.0
face 0.46 618.0 132.0 642.0 160.0
face 0.45 905.0 291.0 939.0 332.0
face 0.42 684.0 968.0 715.0 1003.0
face 0.41 835.0 251.0 850.0 269.0
face 0.39 101.0 290.0 114.0 310.0
face 0.39 51.0 112.0 67.0 131.0
face 0.39 105.0 262.0 163.0 335.0
face 0.39 594.0 305.0 612.0 327.0
face 0.38 565.0 6.0 577.0 22.0
face 0.37 199.0 93.0 209.0 106.0
face 0.36 707.0 213.0 737.0 247.0
face 0.36 70.0 32.0 81.0 45.0
face 0.35 449.0 126.0 461.0 140.0
face 0.33 197.0 24.0 213.0 43.0
face 0.33 629.0 317.0 658.0 347.0
face 0.32 150.0 313.0 166.0 336.0
face 0.32 154.0 36.0 168.0 52.0
face 0.32 94.0 299.0 109.0 319.0
face 0.31 370.0 169.0 388.0 191.0
face 0.31 872.0 308.0 884.0 322.0
face 0.31 151.0 191.0 162.0 205.0
face 0.31 597.0 810.0 624.0 839.0
face 0.31 470.0 35.0 482.0 50.0
face 0.31 352.0 543.0 443.0 643.0
face 0.31 407.0 310.0 419.0 325.0
face 0.31 670.0 276.0 734.0 338.0
face 0.31 159.0 344.0 248.0 442.0
face 0.30 77.0 47.0 88.0 61.0
face 0.30 407.0 257.0 428.0 280.0
face 0.30 396.0 279.0 414.0 301.0
face 0.30 380.0 243.0 398.0 265.0
face 0.30 706.0 271.0 738.0 314.0
face 0.30 96.0 37.0 107.0 50.0
