face 1.00 339.0 57.0 361.0 87.0
face 1.00 109.0 269.0 154.0 321.0
face 1.00 339.0 279.0 392.0 341.0
face 1.00 82.0 237.0 118.0 285.0
face 1.00 704.0 319.0 750.0 379.0
face 1.00 5.0 330.0 48.0 388.0
face 1.00 787.0 566.0 857.0 652.0
face 1.00 488.0 247.0 534.0 298.0
face 1.00 895.0 340.0 944.0 406.0
face 1.00 616.0 81.0 646.0 115.0
face 1.00 753.0 178.0 787.0 219.0
face 1.00 376.0 334.0 431.0 396.0
face 1.00 247.0 556.0 310.0 638.0
face 1.00 442.0 152.0 474.0 195.0
face 1.00 473.0 173.0 507.0 217.0
face 1.00 271.0 260.0 322.0 325.0
face 1.00 577.0 61.0 606.0 92.0
face 1.00 309.0 326.0 362.0 388.0
face 1.00 357.0 229.0 400.0 272.0
face 1.00 572.0 329.0 616.0 385.0
face 1.00 208.0 282.0 257.0 346.0
face 1.00 327.0 103.0 358.0 141.0
face 1.00 730.0 79.0 761.0 115.0
face 1.00 348.0 502.0 406.0 578.0
face 1.00 878.0 311.0 913.0 359.0
face 1.00 238.0 233.0 273.0 273.0
face 1.00 858.0 116.0 883.0 147.0
face 1.00 879.0 152.0 909.0 189.0
face 1.00 607.0 162.0 643.0 204.0
face 1.00 160.0 259.0 196.0 305.0
face 1.00 824.0 479.0 893.0 553.0
face 1.00 542.0 220.0 587.0 271.0
face 1.00 444.0 374.0 485.0 432.0
face 1.00 654.0 230.0 700.0 281.0
face 1.00 847.0 218.0 889.0 262.0
face 1.00 2.0 404.0 49.0 465.0
face 1.00 274.0 194.0 302.0 231.0
face 1.00 575.0 475.0 615.0 533.0
face 1.00 861.0 64.0 888.0 94.0
face 1.00 942.0 116.0 971.0 153.0
face 1.00 109.0 145.0 137.0 180.0
face 1.00 280.0 429.0 327.0 490.0
face 1.00 551.0 561.0 623.0 668.0
face 1.00 473.0 438.0 520.0 509.0
face 1.00 278.0 330.0 318.0 380.0
face 1.00 778.0 198.0 816.0 244.0
face 1.00 171.0 189.0 212.0 236.0
face 1.00 191.0 267.0 229.0 313.0
face 1.00 332.0 428.0 394.0 494.0
face 1.00 146.0 146.0 178.0 189.0
face 0.99 921.0 196.0 953.0 238.0
face 0.99 68.0 208.0 104.0 255.0
face 0.99 474.0 296.0 517.0 353.0
face 0.99 178.0 25.0 197.0 49.0
face 0.99 847.0 167.0 878.0 204.0
face 0.99 667.0 179.0 703.0 219.0
face 0.99 745.0 145.0 769.0 175.0
face 0.99 700.0 214.0 734.0 255.0
face 0.99 37.0 218.0 70.0 260.0
face 0.99 518.0 197.0 553.0 242.0
face 0.98 34.0 78.0 60.0 109.0
face 0.98 404.0 255.0 456.0 320.0
face 0.98 485.0 127.0 512.0 160.0
face 0.98 984.0 4.0 1007.0 29.0
face 0.98 142.0 98.0 168.0 128.0
face 0.98 538.0 261.0 568.0 299.0
face 0.97 61.0 140.0 94.0 181.0
face 0.97 355.0 158.0 405.0 210.0
face 0.97 908.0 5.0 926.0 29.0
face 0.97 31.0 146.0 58.0 180.0
face 0.97 672.0 412.0 727.0 485.0
face 0.97 168.0 73.0 192.0 102.0
face 0.94 774.0 149.0 806.0 184.0
face 0.93 25.0 -1.0 46.0 19.0
face 0.93 67.0 86.0 94.0 118.0
face 0.93 899.0 227.0 925.0 260.0
face 0.92 664.0 64.0 693.0 98.0
face 0.92 609.0 410.0 665.0 468.0
face 0.91 144.0 227.0 179.0 265.0
face 0.91 578.0 135.0 608.0 172.0
face 0.90 14.0 49.0 37.0 75.0
face 0.90 245.0 94.0 270.0 129.0
face 0.90 753.0 264.0 775.0 298.0
face 0.90 119.0 351.0 172.0 415.0
face 0.89 934.0 401.0 976.0 461.0
face 0.89 140.0 477.0 186.0 556.0
face 0.88 240.0 177.0 271.0 212.0
face 0.87 734.0 444.0 787.0 520.0
face 0.87 921.0 99.0 938.0 121.0
face 0.86 212.0 12.0 226.0 29.0
face 0.85 313.0 191.0 338.0 229.0
face 0.85 0.0 233.0 30.0 279.0
face 0.84 294.0 96.0 326.0 139.0
face 0.83 586.0 106.0 612.0 140.0
face 0.80 366.0 191.0 409.0 248.0
face 0.80 687.0 119.0 714.0 155.0
face 0.79 656.0 129.0 687.0 164.0
face 0.79 828.0 429.0 868.0 477.0
face 0.75 61.0 62.0 91.0 95.0
face 0.75 27.0 411.0 77.0 466.0
face 0.74 566.0 118.0 585.0 142.0
face 0.73 1.0 76.0 18.0 99.0
face 0.71 81.0 181.0 115.0 219.0
face 0.71 713.0 76.0 731.0 98.0
face 0.70 13.0 34.0 32.0 56.0
face 0.68 464.0 19.0 500.0 80.0
face 0.68 817.0 76.0 846.0 111.0
face 0.68 279.0 164.0 310.0 200.0
face 0.66 693.0 292.0 728.0 333.0
face 0.66 283.0 510.0 299.0 530.0
face 0.66 906.0 66.0 922.0 88.0
face 0.66 78.0 399.0 130.0 469.0
face 0.65 805.0 126.0 831.0 157.0
face 0.65 829.0 185.0 860.0 219.0
face 0.65 648.0 79.0 673.0 110.0
face 0.64 662.0 505.0 723.0 565.0
face 0.63 819.0 186.0 836.0 209.0
face 0.63 2.0 136.0 25.0 174.0
face 0.62 692.0 67.0 707.0 85.0
face 0.61 1.0 489.0 42.0 553.0
face 0.60 348.0 210.0 370.0 235.0
face 0.58 932.0 31.0 947.0 48.0
face 0.57 105.0 535.0 130.0 570.0
face 0.57 458.0 115.0 474.0 137.0
face 0.54 412.0 94.0 428.0 114.0
face 0.53 660.0 40.0 675.0 60.0
face 0.52 695.0 308.0 710.0 328.0
face 0.51 270.0 152.0 298.0 183.0
face 0.51 562.0 387.0 584.0 416.0
face 0.51 331.0 34.0 345.0 55.0
face 0.51 598.0 46.0 609.0 60.0
face 0.50 517.0 143.0 528.0 158.0
face 0.50 857.0 48.0 882.0 79.0
face 0.50 463.0 271.0 485.0 295.0
face 0.50 657.0 408.0 673.0 428.0
face 0.50 332.0 155.0 361.0 191.0
face 0.49 21.0 80.0 36.0 104.0
face 0.49 813.0 101.0 842.0 141.0
face 0.49 264.0 242.0 302.0 288.0
face 0.48 211.0 93.0 226.0 112.0
face 0.46 640.0 234.0 663.0 268.0
face 0.45 701.0 273.0 747.0 320.0
face 0.45 783.0 18.0 798.0 38.0
face 0.44 46.0 601.0 67.0 629.0
face 0.44 21.0 568.0 65.0 634.0
face 0.44 622.0 512.0 634.0 526.0
face 0.44 514.0 253.0 554.0 297.0
face 0.44 408.0 428.0 456.0 491.0
face 0.43 832.0 308.0 856.0 336.0
face 0.42 217.0 212.0 246.0 250.0
face 0.42 758.0 13.0 769.0 28.0
face 0.42 34.0 37.0 49.0 56.0
face 0.41 408.0 67.0 422.0 87.0
face 0.40 617.0 580.0 649.0 620.0
face 0.40 309.0 51.0 324.0 74.0
face 0.40 242.0 250.0 285.0 306.0
face 0.40 467.0 31.0 489.0 54.0
face 0.39 689.0 10.0 705.0 29.0
face 0.39 67.0 10.0 85.0 32.0
face 0.39 641.0 130.0 658.0 153.0
face 0.38 678.0 205.0 704.0 236.0
face 0.38 430.0 454.0 443.0 470.0
face 0.38 717.0 74.0 746.0 108.0
face 0.37 781.0 100.0 797.0 119.0
face 0.36 70.0 162.0 107.0 204.0
face 0.36 863.0 174.0 882.0 198.0
face 0.36 835.0 57.0 854.0 79.0
face 0.35 164.0 147.0 202.0 189.0
face 0.35 67.0 47.0 93.0 79.0
face 0.35 746.0 29.0 761.0 46.0
face 0.34 187.0 119.0 214.0 154.0
face 0.34 825.0 193.0 844.0 215.0
face 0.33 909.0 53.0 922.0 67.0
face 0.32 91.0 529.0 140.0 593.0
face 0.32 -1.0 31.0 12.0 54.0
face 0.32 26.0 74.0 47.0 99.0
face 0.32 624.0 294.0 650.0 326.0
face 0.32 779.0 51.0 794.0 71.0
face 0.31 723.0 169.0 742.0 191.0
face 0.31 2.0 559.0 43.0 626.0
face 0.31 408.0 138.0 435.0 170.0
face 0.31 781.0 256.0 810.0 295.0
face 0.31 558.0 122.0 573.0 140.0
face 0.31 199.0 59.0 213.0 77.0
face 0.31 616.0 58.0 631.0 76.0
face 0.31 42.0 2.0 60.0 21.0
face 0.31 456.0 119.0 488.0 158.0
face 0.30 487.0 477.0 514.0 510.0
face 0.30 909.0 45.0 921.0 59.0
face 0.30 64.0 25.0 83.0 47.0
face 0.30 199.0 628.0 245.0 681.0
face 0.30 25.0 58.0 45.0 80.0
face 0.30 421.0 540.0 432.0 554.0
