face 1.00 813.0 115.0 924.0 237.0
face 1.00 444.0 121.0 600.0 299.0
face 1.00 47.0 392.0 173.0 568.0
face 0.99 28.0 536.0 66.0 583.0
face 0.99 232.0 427.0 290.0 489.0
face 0.81 811.0 314.0 837.0 351.0
face 0.74 621.0 239.0 678.0 309.0
face 0.65 59.0 205.0 73.0 222.0
face 0.52 0.0 615.0 15.0 638.0
face 0.50 514.0 17.0 530.0 38.0
face 0.50 976.0 60.0 990.0 76.0
face 0.49 0.0 506.0 24.0 535.0
face 0.39 774.0 149.0 786.0 163.0
face 0.38 920.0 85.0 954.0 130.0
face 0.36 837.0 309.0 852.0 327.0
face 0.33 772.0 165.0 784.0 178.0
face 0.33 778.0 178.0 797.0 200.0
face 0.33 673.0 271.0 689.0 293.0
face 0.33 827.0 473.0 844.0 492.0
face 0.33 808.0 318.0 820.0 333.0
face 0.32 507.0 5.0 565.0 88.0
