face 1.00 58.0 493.0 99.0 543.0
face 1.00 412.0 454.0 442.0 492.0
face 0.99 402.0 404.0 421.0 429.0
face 0.98 795.0 411.0 814.0 441.0
face 0.95 257.0 497.0 299.0 546.0
face 0.92 68.0 435.0 95.0 469.0
face 0.91 287.0 424.0 325.0 470.0
face 0.91 251.0 404.0 278.0 436.0
face 0.90 -50.0 92.0 363.0 223.0
face 0.85 361.0 420.0 383.0 446.0
face 0.75 193.0 409.0 218.0 441.0
face 0.71 148.0 479.0 210.0 531.0
face 0.68 741.0 327.0 758.0 346.0
face 0.62 687.0 296.0 704.0 319.0
face 0.58 99.0 390.0 132.0 426.0
face 0.54 917.0 351.0 935.0 372.0
face 0.52 211.0 380.0 228.0 403.0
face 0.50 335.0 351.0 356.0 379.0
face 0.44 159.0 323.0 171.0 338.0
face 0.44 148.0 420.0 183.0 459.0
face 0.40 300.0 264.0 318.0 285.0
face 0.40 858.0 333.0 874.0 353.0
face 0.39 115.0 353.0 129.0 372.0
face 0.39 354.0 292.0 370.0 312.0
face 0.38 389.0 298.0 404.0 318.0
face 0.37 880.0 442.0 904.0 474.0
face 0.37 741.0 299.0 757.0 319.0
face 0.36 154.0 288.0 177.0 320.0
face 0.35 86.0 308.0 97.0 322.0
face 0.35 926.0 251.0 973.0 313.0
face 0.35 788.0 486.0 829.0 525.0
face 0.34 82.0 379.0 100.0 400.0
face 0.33 726.0 309.0 738.0 325.0
face 0.33 411.0 356.0 427.0 375.0
face 0.33 129.0 629.0 224.0 747.0
face 0.32 124.0 328.0 144.0 350.0
face 0.32 91.0 343.0 110.0 367.0
face 0.32 737.0 590.0 855.0 745.0
face 0.31 364.0 527.0 409.0 576.0
face 0.31 330.0 306.0 347.0 327.0
face 0.31 363.0 283.0 379.0 304.0
face 0.31 839.0 195.0 863.0 226.0
face 0.31 781.0 347.0 799.0 367.0
face 0.31 367.0 536.0 391.0 564.0
face 0.30 741.0 293.0 753.0 308.0
face 0.30 821.0 285.0 837.0 303.0
face 0.30 835.0 64.0 919.0 191.0
