face 0.95 360.0 390.0 389.0 427.0
face 0.86 460.0 384.0 497.0 435.0
face 0.84 559.0 344.0 582.0 375.0
face 0.81 93.0 369.0 151.0 451.0
face 0.78 517.0 326.0 546.0 367.0
face 0.45 363.0 619.0 387.0 649.0
face 0.45 591.0 260.0 602.0 274.0
face 0.39 368.0 241.0 381.0 257.0
face 0.37 274.0 339.0 291.0 360.0
face 0.36 405.0 322.0 417.0 338.0
face 0.36 575.0 284.0 585.0 297.0
face 0.35 500.0 277.0 515.0 297.0
face 0.35 293.0 314.0 307.0 333.0
face 0.35 440.0 295.0 451.0 308.0
face 0.33 269.0 286.0 287.0 309.0
face 0.32 573.0 266.0 585.0 281.0
face 0.32 518.0 277.0 530.0 291.0
face 0.32 859.0 315.0 876.0 335.0
face 0.31 419.0 284.0 431.0 300.0
face 0.31 1005.0 245.0 1017.0 258.0
face 0.31 334.0 385.0 350.0 406.0
face 0.31 1.0 410.0 17.0 428.0
face 0.31 110.0 231.0 120.0 245.0
face 0.31 548.0 569.0 565.0 591.0
face 0.30 94.0 231.0 105.0 245.0
