face 0.98 950.0 339.0 980.0 390.0
face 0.97 648.0 316.0 675.0 353.0
face 0.85 675.0 233.0 691.0 251.0
face 0.73 64.0 260.0 77.0 277.0
face 0.73 296.0 215.0 307.0 229.0
face 0.72 310.0 225.0 322.0 241.0
face 0.72 623.0 214.0 633.0 226.0
face 0.66 89.0 268.0 105.0 287.0
face 0.63 947.0 471.0 983.0 509.0
face 0.62 686.0 265.0 702.0 283.0
face 0.60 727.0 237.0 738.0 251.0
face 0.54 622.0 237.0 637.0 255.0
face 0.51 569.0 149.0 586.0 169.0
face 0.51 826.0 276.0 842.0 296.0
face 0.51 335.0 78.0 346.0 91.0
face 0.51 973.0 238.0 985.0 251.0
face 0.51 994.0 251.0 1008.0 268.0
face 0.51 575.0 248.0 597.0 276.0
face 0.50 65.0 212.0 78.0 227.0
face 0.50 750.0 165.0 760.0 178.0
face 0.49 27.0 167.0 43.0 185.0
face 0.48 606.0 262.0 619.0 275.0
face 0.48 877.0 186.0 894.0 207.0
face 0.48 949.0 283.0 964.0 303.0
face 0.47 760.0 225.0 772.0 242.0
face 0.46 774.0 125.0 789.0 143.0
face 0.45 831.0 246.0 842.0 259.0
face 0.45 334.0 103.0 344.0 116.0
face 0.45 91.0 327.0 120.0 368.0
face 0.44 236.0 162.0 248.0 178.0
face 0.44 376.0 116.0 387.0 129.0
face 0.44 415.0 239.0 425.0 251.0
face 0.44 108.0 264.0 135.0 297.0
face 0.44 381.0 99.0 392.0 113.0
face 0.44 444.0 266.0 459.0 287.0
face 0.44 878.0 222.0 892.0 239.0
face 0.42 335.0 61.0 348.0 76.0
face 0.41 398.0 303.0 409.0 316.0
face 0.41 943.0 286.0 955.0 300.0
face 0.40 471.0 176.0 482.0 191.0
face 0.39 263.0 278.0 287.0 309.0
face 0.39 612.0 175.0 625.0 190.0
face 0.39 520.0 229.0 530.0 242.0
face 0.39 287.0 165.0 298.0 180.0
face 0.38 796.0 283.0 811.0 302.0
face 0.38 999.0 204.0 1012.0 219.0
face 0.38 230.0 293.0 242.0 307.0
face 0.37 951.0 270.0 961.0 282.0
face 0.37 133.0 303.0 145.0 317.0
face 0.37 838.0 230.0 848.0 243.0
face 0.36 785.0 236.0 801.0 256.0
face 0.36 636.0 157.0 652.0 175.0
face 0.36 877.0 294.0 897.0 323.0
face 0.35 671.0 255.0 682.0 268.0
face 0.35 481.0 292.0 509.0 328.0
face 0.35 583.0 239.0 593.0 251.0
face 0.35 460.0 244.0 475.0 263.0
face 0.35 143.0 240.0 154.0 254.0
face 0.34 988.0 206.0 1000.0 220.0
face 0.34 822.0 271.0 836.0 289.0
face 0.34 421.0 409.0 438.0 432.0
face 0.34 257.0 174.0 268.0 187.0
face 0.34 599.0 238.0 611.0 250.0
face 0.34 626.0 173.0 641.0 190.0
face 0.34 0.0 62.0 11.0 78.0
face 0.33 960.0 194.0 972.0 208.0
face 0.33 968.0 274.0 980.0 289.0
face 0.33 430.0 194.0 445.0 212.0
face 0.33 951.0 212.0 962.0 224.0
face 0.32 861.0 187.0 873.0 202.0
face 0.32 791.0 286.0 803.0 301.0
face 0.32 854.0 245.0 864.0 258.0
face 0.32 7.0 148.0 18.0 161.0
face 0.32 768.0 142.0 779.0 155.0
face 0.32 820.0 187.0 834.0 205.0
face 0.32 964.0 259.0 978.0 278.0
face 0.32 947.0 259.0 963.0 276.0
face 0.32 948.0 297.0 964.0 316.0
face 0.32 838.0 236.0 849.0 251.0
face 0.31 471.0 221.0 482.0 233.0
face 0.31 648.0 214.0 659.0 227.0
face 0.31 293.0 251.0 308.0 270.0
face 0.31 880.0 239.0 891.0 252.0
face 0.31 496.0 221.0 507.0 233.0
face 0.31 478.0 215.0 489.0 228.0
face 0.31 272.0 174.0 284.0 187.0
face 0.31 293.0 165.0 305.0 180.0
face 0.31 782.0 275.0 793.0 289.0
face 0.31 23.0 172.0 35.0 187.0
face 0.31 149.0 273.0 166.0 292.0
face 0.31 276.0 264.0 292.0 285.0
face 0.31 767.0 104.0 782.0 123.0
face 0.31 991.0 246.0 1003.0 261.0
face 0.31 944.0 213.0 954.0 225.0
face 0.31 813.0 275.0 828.0 293.0
face 0.31 605.0 237.0 617.0 251.0
face 0.31 552.0 220.0 563.0 234.0
face 0.30 777.0 324.0 791.0 341.0
face 0.30 845.0 243.0 859.0 259.0
face 0.30 791.0 190.0 802.0 203.0
face 0.30 398.0 238.0 409.0 252.0
face 0.30 703.0 222.0 713.0 235.0
face 0.30 654.0 237.0 664.0 249.0
face 0.30 918.0 204.0 929.0 218.0
face 0.30 836.0 243.0 850.0 260.0
