face 1.00 108.0 583.0 127.0 607.0
face 1.00 617.0 434.0 636.0 457.0
face 1.00 12.0 567.0 34.0 592.0
face 1.00 605.0 328.0 622.0 351.0
face 1.00 978.0 434.0 997.0 458.0
face 1.00 493.0 447.0 510.0 467.0
face 1.00 695.0 322.0 710.0 341.0
face 1.00 456.0 511.0 474.0 536.0
face 1.00 171.0 511.0 189.0 535.0
face 1.00 958.0 238.0 972.0 256.0
face 1.00 751.0 361.0 767.0 381.0
face 1.00 365.0 583.0 386.0 609.0
face 1.00 233.0 490.0 252.0 512.0
face 1.00 155.0 472.0 173.0 495.0
face 1.00 160.0 643.0 183.0 668.0
face 1.00 1002.0 580.0 1021.0 606.0
face 1.00 739.0 332.0 756.0 351.0
face 1.00 830.0 404.0 845.0 422.0
face 1.00 976.0 299.0 989.0 317.0
face 1.00 845.0 411.0 862.0 434.0
face 1.00 115.0 509.0 136.0 533.0
face 1.00 453.0 319.0 468.0 338.0
face 1.00 960.0 313.0 974.0 331.0
face 1.00 59.0 490.0 79.0 515.0
face 1.00 766.0 535.0 790.0 565.0
face 1.00 281.0 501.0 300.0 522.0
face 1.00 878.0 539.0 900.0 566.0
face 1.00 124.0 538.0 144.0 565.0
face 1.00 644.0 479.0 662.0 501.0
face 1.00 749.0 488.0 766.0 509.0
face 1.00 312.0 491.0 332.0 514.0
face 1.00 470.0 279.0 485.0 300.0
face 1.00 412.0 521.0 433.0 546.0
face 1.00 498.0 283.0 513.0 302.0
face 1.00 932.0 260.0 947.0 278.0
face 1.00 926.0 541.0 949.0 568.0
face 1.00 571.0 551.0 588.0 574.0
face 1.00 570.0 307.0 585.0 324.0
face 1.00 989.0 390.0 1006.0 413.0
face 1.00 357.0 301.0 371.0 318.0
face 1.00 246.0 474.0 264.0 497.0
face 1.00 602.0 456.0 621.0 480.0
face 1.00 606.0 244.0 619.0 261.0
face 1.00 398.0 249.0 413.0 269.0
face 1.00 667.0 235.0 680.0 251.0
face 1.00 495.0 194.0 509.0 211.0
face 1.00 80.0 458.0 102.0 484.0
face 1.00 973.0 220.0 986.0 237.0
face 1.00 500.0 314.0 515.0 334.0
face 1.00 846.0 196.0 860.0 213.0
face 1.00 465.0 480.0 485.0 506.0
face 1.00 515.0 461.0 536.0 486.0
face 1.00 862.0 179.0 876.0 197.0
face 1.00 654.0 316.0 670.0 337.0
face 1.00 782.0 485.0 805.0 513.0
face 1.00 227.0 649.0 247.0 674.0
face 1.00 895.0 407.0 912.0 428.0
face 1.00 54.0 314.0 68.0 334.0
face 1.00 12.0 415.0 28.0 436.0
face 1.00 431.0 415.0 446.0 433.0
face 1.00 796.0 268.0 810.0 285.0
face 1.00 866.0 461.0 884.0 483.0
face 1.00 989.0 264.0 1004.0 283.0
face 1.00 263.0 573.0 285.0 598.0
face 1.00 866.0 250.0 881.0 267.0
face 1.00 834.0 313.0 851.0 333.0
face 1.00 902.0 364.0 919.0 384.0
face 1.00 72.0 314.0 85.0 332.0
face 1.00 478.0 425.0 496.0 448.0
face 1.00 39.0 285.0 53.0 304.0
face 1.00 665.0 541.0 682.0 566.0
face 1.00 678.0 197.0 693.0 216.0
face 1.00 917.0 480.0 940.0 509.0
face 1.00 96.0 423.0 115.0 446.0
face 1.00 20.0 436.0 38.0 457.0
face 1.00 899.0 265.0 912.0 280.0
face 1.00 277.0 327.0 294.0 347.0
face 1.00 346.0 413.0 364.0 435.0
face 1.00 564.0 278.0 578.0 296.0
face 1.00 89.0 278.0 106.0 297.0
face 0.99 796.0 392.0 811.0 411.0
face 0.99 37.0 317.0 51.0 333.0
face 0.99 140.0 620.0 160.0 647.0
face 0.99 246.0 373.0 262.0 392.0
face 0.99 20.0 361.0 38.0 385.0
face 0.99 419.0 338.0 435.0 356.0
face 0.99 474.0 313.0 489.0 331.0
face 0.99 205.0 189.0 219.0 206.0
face 0.99 134.0 302.0 150.0 322.0
face 0.99 841.0 264.0 859.0 285.0
face 0.99 421.0 131.0 433.0 145.0
face 0.99 24.0 474.0 38.0 492.0
face 0.99 482.0 146.0 495.0 163.0
face 0.99 584.0 327.0 598.0 345.0
face 0.99 119.0 473.0 139.0 496.0
face 0.99 680.0 389.0 699.0 414.0
face 0.99 134.0 250.0 147.0 266.0
face 0.99 592.0 261.0 607.0 281.0
face 0.99 451.0 236.0 465.0 253.0
face 0.99 22.0 519.0 43.0 543.0
face 0.99 962.0 422.0 978.0 443.0
face 0.99 843.0 330.0 858.0 348.0
face 0.99 778.0 287.0 788.0 300.0
face 0.99 627.0 391.0 643.0 410.0
face 0.99 731.0 197.0 744.0 213.0
face 0.99 237.0 286.0 251.0 304.0
face 0.99 142.0 406.0 162.0 430.0
face 0.99 540.0 217.0 556.0 237.0
face 0.98 23.0 244.0 36.0 260.0
face 0.98 190.0 431.0 207.0 454.0
face 0.98 829.0 187.0 842.0 203.0
face 0.98 700.0 413.0 717.0 433.0
face 0.98 274.0 466.0 289.0 487.0
face 0.98 821.0 230.0 835.0 248.0
face 0.98 925.0 335.0 940.0 354.0
face 0.98 614.0 301.0 631.0 322.0
face 0.98 369.0 242.0 380.0 257.0
face 0.98 320.0 175.0 333.0 192.0
face 0.98 996.0 318.0 1011.0 337.0
face 0.98 888.0 192.0 903.0 209.0
face 0.98 749.0 420.0 766.0 441.0
face 0.98 654.0 263.0 670.0 284.0
face 0.98 451.0 204.0 468.0 223.0
face 0.98 722.0 250.0 735.0 268.0
face 0.98 307.0 211.0 321.0 229.0
face 0.98 56.0 297.0 71.0 317.0
face 0.97 810.0 257.0 823.0 274.0
face 0.97 457.0 138.0 470.0 154.0
face 0.97 515.0 569.0 534.0 591.0
face 0.97 941.0 92.0 955.0 108.0
face 0.97 425.0 210.0 438.0 225.0
face 0.97 202.0 311.0 216.0 330.0
face 0.97 582.0 288.0 594.0 304.0
face 0.97 897.0 307.0 912.0 326.0
face 0.97 115.0 321.0 128.0 338.0
face 0.97 882.0 234.0 896.0 251.0
face 0.97 348.0 452.0 363.0 469.0
face 0.97 685.0 447.0 700.0 469.0
face 0.97 774.0 262.0 785.0 275.0
face 0.97 241.0 228.0 255.0 244.0
face 0.97 582.0 95.0 592.0 108.0
face 0.97 300.0 166.0 312.0 182.0
face 0.97 799.0 287.0 815.0 308.0
face 0.97 339.0 215.0 351.0 229.0
face 0.97 93.0 240.0 107.0 257.0
face 0.97 731.0 233.0 743.0 250.0
face 0.97 38.0 353.0 54.0 373.0
face 0.97 46.0 372.0 63.0 392.0
face 0.96 996.0 643.0 1018.0 671.0
face 0.96 990.0 164.0 1004.0 180.0
face 0.96 890.0 382.0 906.0 403.0
face 0.96 585.0 492.0 604.0 516.0
face 0.96 411.0 229.0 424.0 245.0
face 0.96 267.0 155.0 279.0 168.0
face 0.96 743.0 109.0 755.0 123.0
face 0.96 746.0 173.0 761.0 192.0
face 0.96 814.0 108.0 824.0 121.0
face 0.96 772.0 124.0 783.0 137.0
face 0.96 -1.0 325.0 10.0 341.0
face 0.96 264.0 275.0 280.0 294.0
face 0.96 432.0 118.0 444.0 131.0
face 0.95 873.0 141.0 886.0 158.0
face 0.95 127.0 219.0 139.0 234.0
face 0.95 409.0 157.0 422.0 172.0
face 0.95 -2.0 604.0 12.0 629.0
face 0.95 342.0 397.0 356.0 413.0
face 0.95 353.0 480.0 370.0 500.0
face 0.95 173.0 239.0 185.0 254.0
face 0.95 783.0 436.0 803.0 464.0
face 0.95 551.0 179.0 563.0 193.0
face 0.95 1005.0 227.0 1020.0 244.0
face 0.94 226.0 245.0 241.0 263.0
face 0.94 746.0 248.0 758.0 263.0
face 0.94 635.0 237.0 650.0 255.0
face 0.94 155.0 282.0 173.0 305.0
face 0.94 524.0 304.0 540.0 323.0
face 0.94 378.0 259.0 393.0 278.0
face 0.93 786.0 324.0 802.0 342.0
face 0.93 941.0 225.0 956.0 242.0
face 0.93 957.0 180.0 971.0 197.0
face 0.93 295.0 652.0 316.0 677.0
face 0.93 69.0 205.0 83.0 221.0
face 0.93 786.0 571.0 803.0 591.0
face 0.93 32.0 163.0 45.0 178.0
face 0.93 678.0 142.0 689.0 155.0
face 0.92 320.0 226.0 333.0 242.0
face 0.92 870.0 224.0 887.0 246.0
face 0.92 501.0 227.0 515.0 243.0
face 0.92 716.0 91.0 727.0 105.0
face 0.92 683.0 172.0 695.0 186.0
face 0.91 376.0 425.0 392.0 443.0
face 0.91 811.0 83.0 826.0 101.0
face 0.91 387.0 117.0 398.0 131.0
face 0.91 661.0 356.0 677.0 375.0
face 0.91 758.0 152.0 773.0 173.0
face 0.91 756.0 406.0 770.0 424.0
face 0.91 185.0 212.0 196.0 226.0
face 0.91 771.0 447.0 792.0 473.0
face 0.91 334.0 512.0 353.0 534.0
face 0.91 398.0 508.0 417.0 531.0
face 0.90 743.0 74.0 753.0 87.0
face 0.90 682.0 246.0 696.0 263.0
face 0.90 200.0 297.0 214.0 316.0
face 0.90 764.0 219.0 781.0 241.0
face 0.90 407.0 477.0 424.0 499.0
face 0.90 422.0 302.0 436.0 319.0
face 0.89 416.0 446.0 433.0 468.0
face 0.89 848.0 241.0 863.0 260.0
face 0.89 633.0 410.0 648.0 429.0
face 0.89 394.0 135.0 406.0 150.0
face 0.89 355.0 158.0 367.0 172.0
face 0.88 793.0 116.0 806.0 133.0
face 0.88 278.0 141.0 289.0 154.0
face 0.88 206.0 264.0 225.0 285.0
face 0.87 527.0 213.0 540.0 230.0
face 0.87 273.0 185.0 285.0 199.0
face 0.87 285.0 163.0 296.0 178.0
face 0.87 245.0 119.0 255.0 131.0
face 0.86 784.0 92.0 795.0 106.0
face 0.86 894.0 109.0 905.0 123.0
face 0.86 1003.0 103.0 1016.0 120.0
face 0.86 416.0 279.0 431.0 298.0
face 0.86 103.0 266.0 116.0 282.0
face 0.86 355.0 222.0 367.0 236.0
face 0.86 660.0 118.0 671.0 131.0
face 0.85 682.0 474.0 700.0 496.0
face 0.85 345.0 286.0 356.0 300.0
face 0.85 580.0 244.0 592.0 259.0
face 0.85 518.0 321.0 532.0 339.0
face 0.85 196.0 251.0 213.0 273.0
face 0.85 369.0 382.0 387.0 402.0
face 0.85 896.0 170.0 908.0 184.0
face 0.84 989.0 183.0 1001.0 197.0
face 0.83 787.0 203.0 802.0 224.0
face 0.82 319.0 112.0 330.0 124.0
face 0.82 807.0 357.0 823.0 378.0
face 0.82 821.0 133.0 832.0 147.0
face 0.82 634.0 216.0 648.0 234.0
face 0.82 534.0 318.0 549.0 336.0
face 0.81 909.0 183.0 921.0 197.0
face 0.81 183.0 164.0 195.0 178.0
face 0.81 230.0 318.0 241.0 332.0
face 0.80 974.0 85.0 986.0 99.0
face 0.80 570.0 116.0 582.0 130.0
face 0.80 780.0 77.0 791.0 89.0
face 0.80 471.0 408.0 487.0 427.0
face 0.79 151.0 327.0 163.0 342.0
face 0.79 317.0 256.0 331.0 274.0
face 0.79 518.0 93.0 527.0 104.0
face 0.79 678.0 121.0 688.0 135.0
face 0.78 678.0 15.0 691.0 29.0
face 0.77 326.0 242.0 341.0 260.0
face 0.77 280.0 434.0 298.0 458.0
face 0.77 804.0 23.0 817.0 38.0
face 0.76 516.0 503.0 533.0 524.0
face 0.75 347.0 343.0 370.0 371.0
face 0.75 410.0 200.0 420.0 213.0
face 0.74 572.0 68.0 588.0 86.0
face 0.74 1011.0 419.0 1023.0 437.0
face 0.74 365.0 173.0 375.0 187.0
face 0.74 127.0 383.0 140.0 400.0
face 0.73 281.0 105.0 291.0 118.0
face 0.73 777.0 16.0 791.0 34.0
face 0.73 709.0 167.0 720.0 181.0
face 0.73 601.0 96.0 611.0 107.0
face 0.73 297.0 386.0 314.0 407.0
face 0.73 757.0 119.0 769.0 133.0
face 0.72 226.0 219.0 241.0 237.0
face 0.72 98.0 219.0 109.0 233.0
face 0.71 617.0 359.0 633.0 377.0
face 0.71 467.0 368.0 485.0 388.0
face 0.71 513.0 117.0 524.0 129.0
face 0.70 471.0 99.0 481.0 112.0
face 0.70 296.0 188.0 306.0 200.0
face 0.70 710.0 117.0 721.0 130.0
face 0.70 488.0 78.0 498.0 91.0
face 0.69 716.0 271.0 731.0 288.0
face 0.69 286.0 205.0 297.0 218.0
face 0.69 296.0 143.0 306.0 156.0
face 0.69 537.0 100.0 547.0 113.0
face 0.68 47.0 231.0 58.0 244.0
face 0.68 87.0 59.0 98.0 75.0
face 0.68 208.0 118.0 219.0 132.0
face 0.68 852.0 163.0 867.0 180.0
face 0.67 735.0 26.0 746.0 39.0
face 0.67 175.0 4.0 186.0 17.0
face 0.67 363.0 91.0 376.0 107.0
face 0.67 544.0 120.0 555.0 133.0
face 0.67 226.0 128.0 237.0 142.0
face 0.66 380.0 207.0 391.0 220.0
face 0.66 209.0 93.0 220.0 106.0
face 0.66 864.0 118.0 877.0 133.0
face 0.66 758.0 90.0 769.0 103.0
face 0.66 896.0 76.0 909.0 93.0
face 0.66 159.0 143.0 171.0 157.0
face 0.65 744.0 188.0 756.0 205.0
face 0.65 759.0 318.0 770.0 331.0
face 0.65 391.0 103.0 401.0 115.0
face 0.64 565.0 7.0 575.0 19.0
face 0.64 592.0 111.0 604.0 127.0
face 0.64 931.0 153.0 954.0 180.0
face 0.63 963.0 101.0 976.0 116.0
face 0.63 884.0 102.0 896.0 117.0
face 0.63 988.0 335.0 1001.0 350.0
face 0.62 390.0 196.0 401.0 209.0
face 0.62 635.0 93.0 648.0 108.0
face 0.62 887.0 164.0 900.0 180.0
face 0.62 621.0 85.0 631.0 98.0
face 0.62 -2.0 285.0 9.0 302.0
face 0.61 641.0 124.0 655.0 140.0
face 0.60 230.0 140.0 242.0 154.0
face 0.60 497.0 369.0 512.0 388.0
face 0.60 910.0 104.0 922.0 117.0
face 0.60 11.0 206.0 24.0 222.0
face 0.60 584.0 206.0 598.0 223.0
face 0.59 710.0 301.0 724.0 319.0
face 0.59 640.0 31.0 651.0 43.0
face 0.59 527.0 12.0 538.0 26.0
face 0.59 457.0 85.0 467.0 97.0
face 0.59 425.0 85.0 434.0 96.0
face 0.58 511.0 39.0 521.0 52.0
face 0.58 443.0 95.0 454.0 109.0
face 0.58 270.0 61.0 281.0 75.0
face 0.58 172.0 221.0 184.0 234.0
face 0.58 111.0 104.0 123.0 117.0
face 0.58 551.0 91.0 561.0 103.0
face 0.58 921.0 510.0 946.0 539.0
face 0.58 72.0 222.0 84.0 237.0
face 0.58 302.0 136.0 312.0 148.0
face 0.58 414.0 571.0 429.0 594.0
face 0.57 0.0 442.0 23.0 479.0
face 0.57 318.0 76.0 328.0 88.0
face 0.57 0.0 498.0 15.0 519.0
face 0.56 874.0 444.0 892.0 463.0
face 0.56 669.0 19.0 681.0 33.0
face 0.56 759.0 332.0 771.0 347.0
face 0.56 453.0 217.0 469.0 236.0
face 0.56 704.0 21.0 715.0 35.0
face 0.56 294.0 118.0 304.0 130.0
face 0.56 544.0 4.0 556.0 18.0
face 0.56 336.0 80.0 349.0 98.0
face 0.56 222.0 325.0 235.0 340.0
face 0.55 126.0 194.0 138.0 208.0
face 0.55 16.0 403.0 35.0 425.0
face 0.55 352.0 245.0 363.0 257.0
face 0.55 473.0 465.0 495.0 490.0
face 0.55 406.0 123.0 418.0 137.0
face 0.54 503.0 86.0 512.0 98.0
face 0.54 6.0 60.0 17.0 73.0
face 0.54 375.0 298.0 387.0 314.0
face 0.54 631.0 300.0 646.0 319.0
face 0.54 566.0 87.0 578.0 100.0
face 0.54 454.0 354.0 469.0 373.0
face 0.53 63.0 265.0 77.0 282.0
face 0.53 708.0 204.0 722.0 221.0
face 0.53 654.0 110.0 665.0 123.0
face 0.53 988.0 213.0 1001.0 229.0
face 0.52 779.0 162.0 795.0 180.0
face 0.52 446.0 299.0 461.0 316.0
face 0.52 162.0 194.0 175.0 210.0
face 0.52 422.0 107.0 433.0 121.0
face 0.52 759.0 301.0 770.0 314.0
face 0.52 846.0 102.0 858.0 116.0
face 0.51 957.0 23.0 968.0 35.0
face 0.51 512.0 2.0 523.0 16.0
face 0.51 275.0 224.0 290.0 243.0
face 0.51 821.0 357.0 835.0 375.0
face 0.51 397.0 79.0 407.0 92.0
face 0.51 647.0 78.0 657.0 90.0
face 0.50 994.0 52.0 1018.0 83.0
face 0.50 330.0 138.0 346.0 157.0
face 0.50 658.0 50.0 674.0 70.0
face 0.50 245.0 100.0 255.0 113.0
face 0.50 503.0 173.0 515.0 188.0
face 0.50 697.0 144.0 708.0 156.0
face 0.50 359.0 51.0 369.0 64.0
face 0.50 850.0 363.0 865.0 382.0
face 0.50 715.0 188.0 728.0 204.0
face 0.49 16.0 609.0 44.0 644.0
face 0.49 375.0 124.0 386.0 138.0
face 0.49 532.0 570.0 548.0 590.0
face 0.49 471.0 125.0 481.0 137.0
face 0.49 966.0 280.0 980.0 297.0
face 0.49 981.0 117.0 993.0 130.0
face 0.48 815.0 10.0 826.0 24.0
face 0.48 689.0 31.0 699.0 43.0
face 0.48 472.0 350.0 483.0 363.0
face 0.47 331.0 405.0 345.0 422.0
face 0.47 308.0 93.0 319.0 106.0
face 0.47 329.0 30.0 338.0 41.0
face 0.47 608.0 55.0 619.0 67.0
face 0.47 487.0 371.0 499.0 387.0
face 0.47 894.0 293.0 910.0 311.0
face 0.47 866.0 102.0 881.0 118.0
face 0.47 837.0 110.0 848.0 124.0
face 0.46 489.0 125.0 499.0 138.0
face 0.46 343.0 339.0 359.0 359.0
face 0.46 703.0 11.0 716.0 29.0
face 0.46 992.0 65.0 1006.0 84.0
face 0.46 1004.0 29.0 1015.0 42.0
face 0.46 353.0 135.0 365.0 150.0
face 0.46 631.0 341.0 645.0 357.0
face 0.46 60.0 183.0 74.0 201.0
face 0.46 758.0 13.0 769.0 26.0
face 0.46 309.0 196.0 321.0 210.0
face 0.46 270.0 86.0 282.0 100.0
face 0.45 366.0 36.0 377.0 49.0
face 0.45 674.0 277.0 692.0 298.0
face 0.45 526.0 64.0 536.0 75.0
face 0.45 531.0 206.0 547.0 223.0
face 0.45 244.0 156.0 256.0 170.0
face 0.44 73.0 77.0 84.0 89.0
face 0.44 150.0 520.0 167.0 541.0
face 0.44 392.0 86.0 403.0 99.0
face 0.44 709.0 45.0 721.0 60.0
face 0.44 195.0 126.0 209.0 141.0
face 0.43 332.0 126.0 344.0 140.0
face 0.43 993.0 6.0 1006.0 22.0
face 0.43 217.0 158.0 229.0 173.0
face 0.43 728.0 4.0 739.0 17.0
face 0.43 621.0 339.0 637.0 358.0
face 0.43 1.0 76.0 12.0 93.0
face 0.43 343.0 69.0 355.0 84.0
face 0.43 935.0 0.0 947.0 11.0
face 0.43 860.0 76.0 871.0 88.0
face 0.42 149.0 28.0 161.0 44.0
face 0.42 75.0 122.0 90.0 141.0
face 0.42 640.0 0.0 662.0 25.0
face 0.42 961.0 5.0 975.0 21.0
face 0.42 396.0 220.0 409.0 238.0
face 0.42 615.0 68.0 625.0 80.0
face 0.42 757.0 0.0 773.0 15.0
face 0.42 597.0 180.0 609.0 193.0
face 0.42 244.0 311.0 265.0 337.0
face 0.42 599.0 78.0 609.0 89.0
face 0.42 258.0 323.0 276.0 344.0
face 0.42 462.0 109.0 472.0 121.0
face 0.41 759.0 251.0 771.0 266.0
face 0.41 533.0 527.0 550.0 548.0
face 0.41 229.0 102.0 239.0 114.0
face 0.41 179.0 127.0 192.0 143.0
face 0.41 832.0 115.0 843.0 128.0
face 0.41 21.0 70.0 32.0 83.0
face 0.41 6.0 316.0 18.0 331.0
face 0.40 645.0 188.0 656.0 201.0
face 0.40 517.0 22.0 527.0 33.0
face 0.40 132.0 403.0 149.0 423.0
face 0.39 481.0 111.0 491.0 123.0
face 0.39 508.0 134.0 522.0 151.0
face 0.39 422.0 15.0 434.0 29.0
face 0.39 521.0 76.0 531.0 89.0
face 0.39 501.0 103.0 512.0 115.0
face 0.39 243.0 43.0 260.0 63.0
face 0.39 728.0 77.0 741.0 93.0
face 0.39 1011.0 346.0 1023.0 366.0
face 0.39 726.0 284.0 742.0 301.0
face 0.39 332.0 238.0 343.0 253.0
face 0.39 961.0 109.0 973.0 122.0
face 0.39 608.0 117.0 622.0 132.0
face 0.39 965.0 93.0 979.0 109.0
face 0.39 404.0 331.0 417.0 350.0
face 0.39 628.0 111.0 639.0 123.0
face 0.38 693.0 119.0 703.0 130.0
face 0.38 576.0 231.0 589.0 246.0
face 0.38 78.0 52.0 89.0 65.0
face 0.38 846.0 86.0 858.0 99.0
face 0.38 512.0 110.0 524.0 123.0
face 0.38 836.0 139.0 849.0 155.0
face 0.38 332.0 501.0 350.0 522.0
face 0.38 926.0 23.0 936.0 36.0
face 0.38 711.0 196.0 723.0 210.0
face 0.38 543.0 44.0 554.0 57.0
face 0.38 975.0 245.0 988.0 260.0
face 0.38 798.0 28.0 812.0 44.0
face 0.38 939.0 21.0 954.0 38.0
face 0.38 977.0 13.0 987.0 26.0
face 0.37 566.0 53.0 578.0 67.0
face 0.37 261.0 118.0 273.0 132.0
face 0.37 383.0 245.0 397.0 261.0
face 0.37 669.0 443.0 681.0 458.0
face 0.37 695.0 99.0 706.0 112.0
face 0.37 42.0 51.0 55.0 68.0
face 0.37 773.0 100.0 784.0 113.0
face 0.37 231.0 184.0 246.0 202.0
face 0.37 652.0 252.0 668.0 273.0
face 0.37 591.0 77.0 602.0 89.0
face 0.37 814.0 299.0 829.0 318.0
face 0.37 1005.0 59.0 1018.0 75.0
face 0.37 511.0 103.0 521.0 115.0
face 0.37 49.0 80.0 60.0 93.0
face 0.37 749.0 301.0 761.0 315.0
face 0.37 346.0 37.0 356.0 49.0
face 0.37 375.0 55.0 385.0 67.0
face 0.36 904.0 462.0 915.0 475.0
face 0.36 262.0 78.0 273.0 91.0
face 0.36 302.0 100.0 312.0 112.0
face 0.36 965.0 115.0 977.0 129.0
face 0.36 470.0 141.0 481.0 155.0
face 0.36 811.0 436.0 828.0 455.0
face 0.36 767.0 95.0 778.0 107.0
face 0.36 94.0 79.0 105.0 92.0
face 0.36 337.0 52.0 347.0 64.0
face 0.36 948.0 170.0 966.0 193.0
face 0.36 630.0 206.0 642.0 220.0
face 0.36 159.0 182.0 171.0 196.0
face 0.36 364.0 27.0 380.0 45.0
face 0.36 567.0 31.0 577.0 43.0
face 0.36 735.0 94.0 746.0 107.0
face 0.36 28.0 310.0 40.0 323.0
face 0.36 343.0 374.0 354.0 388.0
face 0.36 263.0 190.0 273.0 203.0
face 0.36 630.0 99.0 645.0 116.0
face 0.36 775.0 93.0 787.0 107.0
face 0.36 983.0 186.0 998.0 203.0
face 0.36 750.0 293.0 761.0 307.0
face 0.36 917.0 23.0 930.0 38.0
face 0.35 313.0 39.0 323.0 52.0
face 0.35 660.0 378.0 678.0 398.0
face 0.35 710.0 0.0 722.0 11.0
face 0.35 440.0 85.0 450.0 97.0
face 0.35 497.0 355.0 513.0 376.0
face 0.35 765.0 247.0 775.0 259.0
face 0.35 302.0 244.0 313.0 259.0
face 0.35 775.0 164.0 787.0 179.0
face 0.35 669.0 87.0 680.0 100.0
face 0.35 574.0 102.0 586.0 114.0
face 0.35 471.0 230.0 482.0 244.0
face 0.35 710.0 15.0 722.0 29.0
face 0.35 546.0 210.0 565.0 232.0
face 0.35 319.0 54.0 329.0 67.0
face 0.35 799.0 189.0 810.0 202.0
face 0.35 535.0 86.0 545.0 98.0
face 0.35 371.0 146.0 384.0 162.0
face 0.35 0.0 525.0 11.0 540.0
face 0.35 14.0 155.0 28.0 173.0
face 0.35 95.0 29.0 106.0 42.0
face 0.35 0.0 350.0 14.0 369.0
face 0.35 623.0 70.0 635.0 82.0
face 0.35 902.0 93.0 914.0 107.0
face 0.35 189.0 159.0 203.0 177.0
face 0.35 86.0 172.0 101.0 190.0
face 0.35 123.0 282.0 142.0 302.0
face 0.35 719.0 182.0 730.0 196.0
face 0.35 445.0 496.0 460.0 515.0
face 0.34 550.0 542.0 561.0 557.0
face 0.34 357.0 191.0 368.0 203.0
face 0.34 254.0 331.0 266.0 345.0
face 0.34 939.0 5.0 954.0 21.0
face 0.34 544.0 63.0 555.0 75.0
face 0.34 630.0 68.0 640.0 81.0
face 0.34 949.0 309.0 962.0 324.0
face 0.34 632.0 62.0 642.0 74.0
face 0.34 573.0 268.0 588.0 285.0
face 0.34 605.0 23.0 616.0 36.0
face 0.34 112.0 172.0 124.0 186.0
face 0.34 851.0 102.0 866.0 118.0
face 0.34 736.0 101.0 747.0 115.0
face 0.34 1.0 185.0 14.0 204.0
face 0.34 845.0 157.0 861.0 177.0
face 0.34 326.0 158.0 338.0 171.0
face 0.34 759.0 111.0 770.0 124.0
face 0.34 590.0 61.0 601.0 75.0
face 0.34 709.0 556.0 724.0 575.0
face 0.34 659.0 132.0 673.0 148.0
face 0.34 376.0 211.0 388.0 225.0
face 0.34 163.0 346.0 180.0 367.0
face 0.34 127.0 23.0 138.0 37.0
face 0.34 382.0 31.0 392.0 42.0
face 0.34 631.0 38.0 642.0 51.0
face 0.34 438.0 22.0 449.0 36.0
face 0.34 606.0 5.0 620.0 21.0
face 0.34 527.0 86.0 538.0 99.0
face 0.34 341.0 149.0 352.0 162.0
face 0.33 369.0 70.0 379.0 82.0
face 0.33 631.0 45.0 642.0 58.0
face 0.33 23.0 315.0 37.0 333.0
face 0.33 606.0 86.0 617.0 98.0
face 0.33 238.0 148.0 251.0 164.0
face 0.33 804.0 196.0 819.0 213.0
face 0.33 686.0 101.0 697.0 114.0
face 0.33 591.0 231.0 603.0 244.0
face 0.33 132.0 455.0 150.0 476.0
face 0.33 716.0 236.0 733.0 255.0
face 0.33 589.0 67.0 602.0 83.0
face 0.33 429.0 188.0 443.0 204.0
face 0.33 247.0 139.0 260.0 156.0
face 0.33 639.0 183.0 651.0 196.0
face 0.33 493.0 132.0 505.0 145.0
face 0.33 725.0 302.0 737.0 316.0
face 0.33 910.0 21.0 922.0 36.0
face 0.33 987.0 192.0 1004.0 212.0
face 0.33 175.0 316.0 187.0 330.0
face 0.33 374.0 198.0 385.0 211.0
face 0.33 528.0 93.0 539.0 106.0
face 0.33 389.0 251.0 406.0 270.0
face 0.33 544.0 30.0 555.0 43.0
