face 1.00 827.0 215.0 928.0 352.0
face 0.99 669.0 208.0 728.0 300.0
face 0.91 314.0 196.0 354.0 258.0
face 0.81 349.0 174.0 409.0 255.0
face 0.78 182.0 139.0 326.0 340.0
face 0.65 457.0 306.0 486.0 343.0
face 0.60 586.0 229.0 634.0 282.0
face 0.44 342.0 306.0 431.0 417.0
face 0.43 607.0 191.0 649.0 243.0
face 0.41 742.0 267.0 786.0 326.0
face 0.37 367.0 346.0 379.0 361.0
face 0.36 49.0 362.0 67.0 383.0
face 0.36 352.0 333.0 400.0 392.0
face 0.35 309.0 247.0 325.0 267.0
face 0.34 992.0 253.0 1012.0 277.0
face 0.32 366.0 163.0 465.0 273.0
face 0.32 754.0 229.0 807.0 314.0
