face 1.00 791.0 213.0 813.0 239.0
face 1.00 286.0 194.0 308.0 225.0
face 1.00 63.0 197.0 83.0 224.0
face 1.00 586.0 194.0 621.0 238.0
face 1.00 379.0 213.0 408.0 250.0
face 1.00 728.0 216.0 759.0 254.0
face 1.00 21.0 203.0 46.0 234.0
face 0.99 873.0 195.0 902.0 234.0
face 0.97 807.0 189.0 819.0 204.0
face 0.97 412.0 207.0 433.0 233.0
face 0.94 839.0 204.0 865.0 240.0
face 0.94 143.0 210.0 157.0 227.0
face 0.92 477.0 193.0 489.0 208.0
face 0.91 779.0 201.0 793.0 220.0
face 0.89 634.0 203.0 656.0 235.0
face 0.86 955.0 191.0 980.0 225.0
face 0.85 452.0 196.0 465.0 212.0
face 0.74 123.0 218.0 139.0 243.0
face 0.62 404.0 186.0 417.0 202.0
face 0.51 369.0 183.0 379.0 194.0
face 0.49 174.0 197.0 185.0 212.0
face 0.44 60.0 30.0 78.0 49.0
face 0.43 416.0 172.0 427.0 185.0
face 0.40 998.0 259.0 1011.0 275.0
face 0.37 542.0 187.0 553.0 201.0
face 0.37 402.0 151.0 417.0 171.0
face 0.36 677.0 198.0 689.0 212.0
face 0.36 626.0 188.0 645.0 208.0
face 0.35 360.0 198.0 370.0 211.0
face 0.35 787.0 195.0 804.0 214.0
face 0.35 696.0 203.0 708.0 219.0
face 0.33 259.0 194.0 276.0 214.0
face 0.32 868.0 205.0 885.0 227.0
face 0.32 823.0 176.0 834.0 189.0
face 0.31 158.0 102.0 171.0 118.0
face 0.31 422.0 141.0 437.0 159.0
face 0.31 537.0 223.0 561.0 253.0
face 0.31 765.0 204.0 776.0 218.0
face 0.31 533.0 196.0 544.0 209.0
face 0.30 744.0 228.0 766.0 254.0
