face 1.00 498.0 154.0 566.0 257.0
face 1.00 822.0 63.0 901.0 159.0
face 1.00 735.0 437.0 834.0 575.0
face 1.00 260.0 154.0 331.0 253.0
face 1.00 338.0 70.0 406.0 167.0
face 1.00 74.0 53.0 136.0 127.0
face 1.00 620.0 93.0 678.0 185.0
face 1.00 36.0 238.0 119.0 350.0
face 1.00 723.0 198.0 782.0 272.0
face 1.00 648.0 272.0 715.0 392.0
face 1.00 757.0 41.0 813.0 117.0
face 1.00 959.0 121.0 1029.0 222.0
face 0.99 371.0 328.0 476.0 449.0
face 0.99 925.0 45.0 982.0 118.0
face 0.99 124.0 103.0 207.0 209.0
face 0.99 273.0 14.0 331.0 84.0
face 0.99 808.0 606.0 875.0 705.0
face 0.98 427.0 514.0 515.0 653.0
face 0.98 865.0 652.0 914.0 696.0
face 0.98 576.0 556.0 681.0 704.0
face 0.97 462.0 542.0 564.0 693.0
face 0.96 398.0 117.0 443.0 180.0
face 0.96 538.0 40.0 623.0 141.0
face 0.94 925.0 599.0 1016.0 719.0
face 0.88 38.0 26.0 93.0 92.0
face 0.86 755.0 131.0 815.0 197.0
face 0.76 236.0 87.0 292.0 158.0
face 0.74 930.0 203.0 1014.0 317.0
face 0.64 648.0 184.0 713.0 253.0
face 0.61 362.0 345.0 419.0 423.0
face 0.59 702.0 673.0 758.0 722.0
face 0.59 730.0 140.0 776.0 190.0
face 0.54 477.0 630.0 534.0 706.0
face 0.42 842.0 267.0 882.0 321.0
face 0.42 266.0 455.0 333.0 528.0
face 0.42 361.0 607.0 404.0 652.0
face 0.42 122.0 272.0 144.0 301.0
face 0.42 19.0 300.0 96.0 417.0
face 0.40 236.0 535.0 359.0 695.0
face 0.39 242.0 123.0 281.0 172.0
face 0.38 896.0 479.0 933.0 516.0
face 0.37 834.0 23.0 860.0 52.0
face 0.36 982.0 -3.0 1012.0 30.0
face 0.35 791.0 246.0 817.0 277.0
face 0.34 -2.0 429.0 48.0 523.0
face 0.34 294.0 315.0 314.0 340.0
face 0.33 828.0 491.0 859.0 526.0
face 0.33 467.0 163.0 485.0 188.0
face 0.33 82.0 580.0 150.0 664.0
face 0.32 940.0 523.0 1026.0 666.0
face 0.32 205.0 12.0 266.0 84.0
face 0.32 652.0 313.0 683.0 351.0
face 0.32 165.0 628.0 192.0 665.0
face 0.32 625.0 601.0 723.0 729.0
face 0.31 730.0 223.0 749.0 246.0
face 0.31 898.0 109.0 916.0 133.0
face 0.31 658.0 36.0 689.0 76.0
face 0.30 219.0 82.0 234.0 100.0
face 0.30 277.0 28.0 308.0 63.0
