face 1.00 477.0 125.0 524.0 179.0
face 1.00 610.0 111.0 660.0 174.0
face 0.99 186.0 155.0 244.0 218.0
face 0.99 673.0 140.0 727.0 205.0
face 0.99 313.0 155.0 370.0 222.0
face 0.99 795.0 125.0 851.0 194.0
face 0.96 771.0 5.0 794.0 37.0
face 0.90 384.0 111.0 442.0 179.0
face 0.82 151.0 328.0 162.0 342.0
face 0.79 829.0 44.0 873.0 105.0
face 0.70 414.0 283.0 425.0 297.0
face 0.69 133.0 332.0 144.0 346.0
face 0.68 662.0 4.0 689.0 33.0
face 0.66 715.0 373.0 729.0 391.0
face 0.65 847.0 260.0 859.0 274.0
face 0.63 978.0 338.0 991.0 355.0
face 0.62 156.0 255.0 172.0 276.0
face 0.61 459.0 10.0 476.0 29.0
face 0.60 165.0 75.0 178.0 90.0
face 0.58 309.0 7.0 320.0 20.0
face 0.55 862.0 244.0 874.0 258.0
face 0.53 911.0 8.0 936.0 38.0
face 0.53 759.0 250.0 770.0 264.0
face 0.52 807.0 403.0 820.0 419.0
face 0.51 614.0 21.0 642.0 56.0
face 0.50 383.0 191.0 399.0 211.0
face 0.50 390.0 444.0 414.0 474.0
face 0.49 538.0 125.0 551.0 141.0
face 0.47 692.0 30.0 705.0 45.0
face 0.47 966.0 384.0 992.0 418.0
face 0.46 231.0 22.0 246.0 41.0
face 0.45 310.0 12.0 323.0 28.0
face 0.44 862.0 172.0 874.0 188.0
face 0.44 436.0 58.0 461.0 89.0
face 0.44 756.0 170.0 787.0 207.0
face 0.43 1005.0 212.0 1021.0 231.0
face 0.43 439.0 252.0 450.0 265.0
face 0.42 344.0 246.0 357.0 263.0
face 0.42 712.0 237.0 722.0 250.0
face 0.42 754.0 269.0 768.0 286.0
face 0.42 822.0 381.0 834.0 394.0
face 0.41 869.0 209.0 886.0 230.0
face 0.41 279.0 288.0 290.0 301.0
face 0.41 243.0 205.0 257.0 222.0
face 0.40 444.0 0.0 458.0 13.0
face 0.40 839.0 231.0 849.0 244.0
face 0.40 703.0 10.0 715.0 25.0
face 0.40 379.0 418.0 396.0 440.0
face 0.39 829.0 3.0 870.0 57.0
face 0.38 831.0 252.0 843.0 266.0
face 0.38 796.0 434.0 821.0 467.0
face 0.37 175.0 277.0 186.0 291.0
face 0.37 977.0 203.0 996.0 223.0
face 0.37 682.0 -1.0 699.0 15.0
face 0.37 171.0 495.0 186.0 513.0
face 0.36 338.0 10.0 354.0 29.0
face 0.36 398.0 490.0 414.0 509.0
face 0.36 314.0 16.0 330.0 35.0
face 0.36 314.0 46.0 344.0 80.0
face 0.35 520.0 22.0 531.0 35.0
face 0.35 975.0 17.0 993.0 39.0
face 0.35 180.0 457.0 197.0 478.0
face 0.35 989.0 323.0 1001.0 337.0
face 0.35 125.0 325.0 138.0 342.0
face 0.35 398.0 355.0 410.0 370.0
face 0.35 359.0 469.0 371.0 485.0
face 0.35 288.0 277.0 298.0 289.0
face 0.34 741.0 436.0 753.0 451.0
face 0.34 285.0 294.0 295.0 306.0
face 0.34 456.0 472.0 486.0 512.0
face 0.34 212.0 254.0 230.0 276.0
face 0.33 342.0 55.0 353.0 68.0
face 0.33 308.0 283.0 320.0 300.0
face 0.33 153.0 3.0 188.0 45.0
face 0.33 684.0 92.0 697.0 106.0
face 0.33 1010.0 246.0 1024.0 268.0
face 0.32 653.0 23.0 664.0 35.0
face 0.32 482.0 75.0 503.0 106.0
face 0.32 694.0 458.0 705.0 474.0
face 0.32 184.0 253.0 197.0 267.0
face 0.32 623.0 262.0 635.0 276.0
face 0.31 230.0 0.0 254.0 26.0
face 0.31 863.0 317.0 874.0 331.0
face 0.31 701.0 486.0 712.0 499.0
face 0.31 408.0 197.0 418.0 210.0
face 0.31 526.0 15.0 537.0 28.0
face 0.31 92.0 214.0 105.0 228.0
face 0.31 623.0 397.0 637.0 416.0
face 0.31 977.0 280.0 994.0 300.0
face 0.31 566.0 346.0 582.0 366.0
face 0.31 964.0 319.0 980.0 339.0
face 0.30 969.0 76.0 980.0 90.0
face 0.30 486.0 15.0 497.0 28.0
face 0.30 175.0 42.0 194.0 65.0
face 0.30 316.0 348.0 329.0 367.0
face 0.30 854.0 254.0 865.0 268.0
face 0.30 286.0 286.0 296.0 299.0
face 0.30 286.0 318.0 297.0 333.0
face 0.30 304.0 247.0 314.0 260.0
