face 1.00 124.0 309.0 163.0 365.0
face 1.00 357.0 320.0 428.0 402.0
face 1.00 183.0 257.0 218.0 313.0
face 0.95 1.0 250.0 19.0 274.0
face 0.87 147.0 234.0 167.0 260.0
face 0.74 255.0 227.0 276.0 251.0
face 0.67 173.0 231.0 191.0 254.0
face 0.52 295.0 247.0 337.0 298.0
face 0.48 514.0 564.0 571.0 630.0
face 0.44 383.0 744.0 409.0 779.0
face 0.42 218.0 212.0 235.0 232.0
face 0.40 918.0 234.0 961.0 291.0
face 0.39 89.0 238.0 105.0 258.0
face 0.38 390.0 317.0 436.0 370.0
face 0.36 827.0 355.0 933.0 489.0
face 0.34 350.0 195.0 368.0 218.0
face 0.33 37.0 238.0 51.0 254.0
face 0.33 191.0 310.0 207.0 331.0
face 0.33 426.0 792.0 493.0 876.0
face 0.32 325.0 248.0 357.0 290.0
