face 1.00 566.0 186.0 662.0 300.0
face 1.00 554.0 295.0 579.0 326.0
face 1.00 890.0 262.0 929.0 315.0
face 1.00 841.0 290.0 877.0 331.0
face 0.96 196.0 270.0 251.0 333.0
face 0.88 14.0 243.0 43.0 281.0
face 0.78 328.0 211.0 391.0 283.0
face 0.75 92.0 255.0 133.0 311.0
face 0.43 854.0 406.0 866.0 421.0
face 0.43 39.0 264.0 61.0 292.0
face 0.36 587.0 1220.0 642.0 1282.0
face 0.35 176.0 48.0 194.0 71.0
face 0.33 316.0 30.0 402.0 139.0
face 0.32 802.0 659.0 820.0 681.0
face 0.32 767.0 259.0 808.0 305.0
face 0.32 972.0 1276.0 987.0 1294.0
face 0.31 15.0 495.0 41.0 530.0
face 0.31 781.0 1130.0 832.0 1186.0
face 0.31 486.0 508.0 577.0 612.0
face 0.30 381.0 219.0 398.0 244.0
