face 1.00 293.0 575.0 399.0 678.0
face 1.00 630.0 386.0 717.0 484.0
face 1.00 884.0 557.0 995.0 674.0
face 1.00 597.0 491.0 699.0 628.0
face 1.00 402.0 298.0 493.0 429.0
face 1.00 217.0 62.0 255.0 106.0
face 1.00 179.0 156.0 227.0 218.0
face 1.00 1.0 393.0 89.0 498.0
face 1.00 445.0 115.0 486.0 166.0
face 1.00 464.0 179.0 520.0 246.0
face 1.00 167.0 0.0 199.0 38.0
face 1.00 175.0 389.0 249.0 481.0
face 1.00 233.0 121.0 276.0 175.0
face 1.00 888.0 158.0 935.0 218.0
face 1.00 810.0 137.0 848.0 182.0
face 1.00 881.0 331.0 958.0 416.0
face 1.00 478.0 86.0 513.0 126.0
face 1.00 73.0 220.0 123.0 282.0
face 1.00 617.0 64.0 654.0 104.0
face 1.00 223.0 262.0 286.0 350.0
face 1.00 44.0 184.0 81.0 243.0
face 1.00 557.0 283.0 628.0 364.0
face 1.00 44.0 289.0 81.0 338.0
face 1.00 116.0 524.0 218.0 625.0
face 1.00 926.0 200.0 979.0 262.0
face 1.00 291.0 36.0 322.0 75.0
face 0.99 206.0 109.0 234.0 145.0
face 0.99 207.0 227.0 261.0 295.0
face 0.99 95.0 299.0 157.0 374.0
face 0.99 469.0 20.0 499.0 53.0
face 0.98 789.0 120.0 822.0 162.0
face 0.98 558.0 186.0 584.0 221.0
face 0.98 972.0 214.0 1023.0 306.0
face 0.98 559.0 81.0 595.0 120.0
face 0.97 307.0 74.0 340.0 110.0
face 0.96 109.0 74.0 151.0 126.0
face 0.96 505.0 210.0 557.0 275.0
face 0.95 264.0 19.0 289.0 53.0
face 0.95 3.0 123.0 60.0 190.0
face 0.94 329.0 165.0 378.0 222.0
face 0.90 431.0 35.0 455.0 63.0
face 0.90 943.0 76.0 995.0 134.0
face 0.89 380.0 154.0 418.0 204.0
face 0.88 811.0 39.0 839.0 76.0
face 0.88 742.0 153.0 789.0 213.0
face 0.86 602.0 238.0 664.0 303.0
face 0.85 998.0 127.0 1021.0 158.0
face 0.84 915.0 -1.0 942.0 29.0
face 0.82 980.0 449.0 1025.0 548.0
face 0.81 393.0 106.0 433.0 154.0
face 0.80 17.0 173.0 35.0 197.0
face 0.79 955.0 146.0 1013.0 218.0
face 0.78 399.0 184.0 455.0 249.0
face 0.75 0.0 71.0 33.0 112.0
face 0.74 667.0 50.0 691.0 77.0
face 0.74 163.0 326.0 176.0 342.0
face 0.74 592.0 92.0 637.0 150.0
face 0.71 748.0 19.0 771.0 46.0
face 0.70 641.0 246.0 673.0 281.0
face 0.68 232.0 8.0 261.0 45.0
face 0.62 984.0 94.0 1017.0 151.0
face 0.61 868.0 22.0 899.0 62.0
face 0.60 503.0 99.0 532.0 137.0
face 0.60 760.0 93.0 795.0 134.0
face 0.59 76.0 41.0 109.0 82.0
face 0.59 383.0 62.0 424.0 104.0
face 0.59 58.0 143.0 98.0 195.0
face 0.58 342.0 32.0 370.0 69.0
face 0.57 568.0 43.0 585.0 65.0
face 0.56 952.0 182.0 1003.0 255.0
face 0.56 476.0 48.0 494.0 71.0
face 0.55 104.0 602.0 192.0 684.0
face 0.55 3.0 247.0 26.0 281.0
face 0.54 549.0 389.0 590.0 457.0
face 0.54 241.0 182.0 288.0 239.0
face 0.54 302.0 2.0 318.0 21.0
face 0.53 262.0 67.0 298.0 114.0
face 0.52 823.0 258.0 855.0 308.0
face 0.52 740.0 157.0 766.0 187.0
face 0.51 557.0 420.0 612.0 480.0
face 0.50 761.0 201.0 778.0 221.0
face 0.50 130.0 172.0 174.0 229.0
face 0.49 121.0 429.0 172.0 478.0
face 0.49 600.0 56.0 638.0 96.0
face 0.47 274.0 282.0 318.0 343.0
face 0.46 942.0 14.0 973.0 52.0
face 0.45 950.0 163.0 977.0 195.0
face 0.44 754.0 187.0 775.0 210.0
face 0.42 881.0 86.0 916.0 125.0
face 0.42 781.0 39.0 809.0 75.0
face 0.41 488.0 39.0 517.0 75.0
face 0.40 203.0 55.0 238.0 96.0
face 0.40 107.0 571.0 119.0 587.0
face 0.40 0.0 160.0 26.0 206.0
face 0.39 338.0 134.0 384.0 189.0
face 0.39 122.0 324.0 180.0 389.0
face 0.39 448.0 63.0 473.0 93.0
face 0.39 754.0 189.0 791.0 232.0
face 0.39 821.0 54.0 848.0 94.0
face 0.39 738.0 60.0 787.0 123.0
face 0.39 589.0 52.0 606.0 73.0
face 0.39 264.0 2.0 291.0 29.0
face 0.37 813.0 43.0 827.0 60.0
face 0.37 794.0 74.0 810.0 97.0
face 0.37 681.0 591.0 770.0 685.0
face 0.36 819.0 319.0 839.0 350.0
face 0.35 634.0 243.0 656.0 266.0
face 0.34 974.0 84.0 1002.0 118.0
face 0.34 982.0 124.0 1020.0 184.0
face 0.34 21.0 1.0 53.0 37.0
face 0.34 122.0 109.0 143.0 133.0
face 0.34 375.0 234.0 432.0 297.0
face 0.33 797.0 24.0 815.0 45.0
face 0.33 109.0 1.0 157.0 59.0
face 0.32 376.0 269.0 405.0 304.0
face 0.32 593.0 141.0 654.0 204.0
face 0.31 910.0 100.0 922.0 116.0
face 0.31 388.0 127.0 427.0 180.0
face 0.31 722.0 454.0 739.0 475.0
face 0.31 664.0 85.0 701.0 126.0
face 0.30 456.0 163.0 492.0 208.0
