face 1.00 603.0 169.0 668.0 262.0
face 1.00 17.0 99.0 77.0 182.0
face 1.00 853.0 85.0 874.0 113.0
face 0.91 920.0 101.0 939.0 123.0
face 0.78 300.0 155.0 355.0 236.0
face 0.57 602.0 430.0 707.0 522.0
face 0.56 88.0 536.0 200.0 677.0
face 0.45 237.0 15.0 254.0 37.0
face 0.40 305.0 183.0 328.0 220.0
face 0.37 703.0 109.0 715.0 124.0
face 0.37 213.0 150.0 225.0 163.0
face 0.36 211.0 337.0 264.0 393.0
face 0.35 581.0 120.0 610.0 153.0
face 0.35 0.0 118.0 27.0 153.0
face 0.34 288.0 28.0 302.0 44.0
face 0.33 33.0 548.0 135.0 681.0
face 0.33 240.0 134.0 251.0 148.0
face 0.32 503.0 35.0 515.0 49.0
face 0.31 762.0 110.0 787.0 140.0
face 0.31 910.0 254.0 922.0 268.0
face 0.31 990.0 107.0 1001.0 121.0
