face 1.00 336.0 279.0 417.0 384.0
face 1.00 216.0 293.0 262.0 358.0
face 1.00 710.0 257.0 743.0 302.0
face 1.00 44.0 253.0 92.0 306.0
face 1.00 829.0 235.0 864.0 285.0
face 1.00 186.0 247.0 216.0 286.0
face 1.00 903.0 262.0 961.0 328.0
face 1.00 216.0 240.0 254.0 283.0
face 1.00 505.0 235.0 541.0 302.0
face 1.00 631.0 243.0 691.0 309.0
face 1.00 447.0 220.0 478.0 275.0
face 1.00 544.0 301.0 632.0 409.0
face 0.99 706.0 220.0 730.0 250.0
face 0.99 105.0 298.0 157.0 354.0
face 0.99 744.0 273.0 782.0 325.0
face 0.94 148.0 255.0 174.0 284.0
face 0.92 767.0 260.0 826.0 326.0
face 0.89 1000.0 277.0 1025.0 331.0
face 0.71 730.0 234.0 756.0 267.0
face 0.66 3.0 277.0 47.0 329.0
face 0.63 871.0 37.0 895.0 67.0
face 0.51 201.0 246.0 232.0 283.0
face 0.48 112.0 239.0 136.0 266.0
face 0.46 309.0 230.0 344.0 270.0
face 0.40 965.0 239.0 978.0 256.0
face 0.37 261.0 163.0 276.0 181.0
face 0.37 150.0 238.0 165.0 255.0
face 0.37 758.0 147.0 785.0 179.0
face 0.36 259.0 206.0 275.0 226.0
face 0.35 969.0 557.0 988.0 580.0
face 0.33 347.0 96.0 365.0 117.0
face 0.33 912.0 415.0 931.0 443.0
face 0.32 77.0 46.0 95.0 68.0
face 0.32 118.0 397.0 129.0 411.0
face 0.31 698.0 229.0 718.0 255.0
face 0.30 286.0 86.0 298.0 100.0
