face 1.00 432.0 317.0 478.0 388.0
face 1.00 249.0 312.0 293.0 374.0
face 1.00 613.0 336.0 659.0 394.0
face 1.00 54.0 289.0 94.0 334.0
face 1.00 136.0 322.0 173.0 369.0
face 1.00 739.0 443.0 789.0 496.0
face 1.00 985.0 -4.0 1023.0 49.0
face 0.94 0.0 312.0 21.0 349.0
face 0.65 39.0 410.0 69.0 445.0
face 0.41 778.0 127.0 798.0 154.0
face 0.41 896.0 566.0 909.0 581.0
face 0.41 73.0 320.0 100.0 352.0
face 0.36 520.0 126.0 544.0 158.0
face 0.36 706.0 137.0 722.0 157.0
face 0.35 307.0 568.0 321.0 586.0
face 0.33 381.0 684.0 440.0 742.0
face 0.32 674.0 519.0 698.0 547.0
face 0.31 276.0 508.0 291.0 525.0
