face 1.00 516.0 187.0 560.0 242.0
face 1.00 473.0 228.0 501.0 266.0
face 1.00 855.0 239.0 877.0 264.0
face 1.00 984.0 217.0 1017.0 258.0
face 0.98 672.0 251.0 689.0 270.0
face 0.90 62.0 267.0 77.0 284.0
face 0.89 172.0 237.0 208.0 295.0
face 0.79 694.0 260.0 705.0 273.0
face 0.78 498.0 235.0 515.0 255.0
face 0.72 186.0 218.0 206.0 244.0
face 0.66 4.0 196.0 38.0 238.0
face 0.56 523.0 132.0 537.0 150.0
face 0.56 100.0 254.0 116.0 273.0
face 0.53 249.0 262.0 263.0 277.0
face 0.47 30.0 241.0 45.0 263.0
face 0.44 277.0 255.0 292.0 272.0
face 0.43 807.0 252.0 819.0 266.0
face 0.41 742.0 262.0 796.0 328.0
face 0.39 636.0 409.0 657.0 436.0
face 0.39 632.0 254.0 645.0 269.0
face 0.37 519.0 150.0 530.0 164.0
face 0.36 823.0 244.0 835.0 258.0
face 0.36 766.0 329.0 870.0 447.0
face 0.36 119.0 242.0 133.0 259.0
face 0.34 271.0 259.0 285.0 275.0
face 0.34 369.0 241.0 389.0 263.0
face 0.33 354.0 416.0 373.0 442.0
face 0.33 360.0 348.0 378.0 369.0
face 0.33 916.0 397.0 979.0 468.0
face 0.33 543.0 150.0 555.0 165.0
face 0.32 178.0 216.0 213.0 264.0
face 0.32 730.0 244.0 747.0 265.0
face 0.32 655.0 388.0 670.0 407.0
face 0.31 663.0 253.0 675.0 267.0
face 0.31 271.0 350.0 282.0 364.0
face 0.31 141.0 242.0 157.0 264.0
face 0.31 54.0 254.0 66.0 267.0
face 0.31 879.0 132.0 895.0 153.0
face 0.30 1014.0 402.0 1024.0 419.0
face 0.30 261.0 260.0 276.0 276.0
