face 1.00 442.0 141.0 490.0 201.0
face 1.00 249.0 100.0 381.0 311.0
face 1.00 692.0 125.0 829.0 298.0
face 1.00 524.0 181.0 555.0 220.0
face 0.99 94.0 221.0 122.0 254.0
face 0.96 554.0 183.0 576.0 213.0
face 0.92 0.0 219.0 30.0 254.0
face 0.80 607.0 155.0 637.0 195.0
face 0.60 152.0 216.0 176.0 241.0
face 0.58 486.0 199.0 506.0 223.0
face 0.50 20.0 265.0 49.0 298.0
face 0.41 70.0 241.0 87.0 263.0
face 0.37 956.0 213.0 968.0 227.0
face 0.34 552.0 246.0 588.0 295.0
face 0.31 608.0 194.0 621.0 211.0
face 0.31 939.0 222.0 954.0 241.0
