face 1.00 938.0 640.0 1009.0 725.0
face 0.99 153.0 534.0 231.0 650.0
face 0.67 340.0 560.0 382.0 618.0
face 0.51 10.0 1094.0 87.0 1221.0
face 0.46 804.0 255.0 826.0 283.0
face 0.41 444.0 698.0 457.0 715.0
face 0.41 336.0 684.0 351.0 704.0
face 0.41 141.0 263.0 196.0 317.0
face 0.38 880.0 710.0 934.0 766.0
face 0.38 64.0 665.0 114.0 731.0
face 0.38 53.0 308.0 100.0 360.0
face 0.37 375.0 658.0 389.0 678.0
face 0.37 523.0 320.0 631.0 420.0
face 0.36 52.0 113.0 69.0 137.0
face 0.36 266.0 312.0 289.0 339.0
face 0.35 649.0 407.0 677.0 445.0
face 0.35 7.0 638.0 31.0 664.0
face 0.34 390.0 667.0 421.0 703.0
face 0.34 198.0 667.0 213.0 687.0
face 0.34 248.0 224.0 274.0 257.0
face 0.32 293.0 296.0 311.0 317.0
face 0.32 321.0 309.0 345.0 338.0
face 0.32 227.0 249.0 245.0 270.0
face 0.30 895.0 793.0 910.0 812.0
face 0.30 100.0 571.0 124.0 603.0
face 0.30 418.0 643.0 434.0 664.0
