face 1.00 47.0 479.0 92.0 534.0
face 1.00 23.0 295.0 47.0 324.0
face 1.00 185.0 315.0 208.0 343.0
face 1.00 392.0 333.0 417.0 361.0
face 1.00 533.0 301.0 554.0 328.0
face 1.00 118.0 339.0 146.0 373.0
face 1.00 491.0 316.0 518.0 349.0
face 1.00 461.0 373.0 497.0 417.0
face 1.00 565.0 287.0 585.0 312.0
face 1.00 282.0 335.0 314.0 371.0
face 1.00 120.0 296.0 142.0 322.0
face 1.00 447.0 268.0 465.0 290.0
face 1.00 597.0 326.0 624.0 359.0
face 1.00 978.0 304.0 1000.0 332.0
face 1.00 330.0 300.0 350.0 325.0
face 1.00 806.0 320.0 836.0 354.0
face 1.00 247.0 255.0 262.0 275.0
face 1.00 966.0 349.0 1000.0 392.0
face 1.00 538.0 440.0 582.0 495.0
face 1.00 38.0 592.0 122.0 672.0
face 1.00 352.0 473.0 399.0 525.0
face 1.00 218.0 330.0 243.0 361.0
face 1.00 73.0 311.0 96.0 340.0
face 1.00 681.0 268.0 698.0 289.0
face 1.00 764.0 299.0 785.0 326.0
face 1.00 726.0 340.0 760.0 379.0
face 1.00 839.0 283.0 857.0 306.0
face 1.00 677.0 305.0 703.0 339.0
face 1.00 183.0 372.0 221.0 416.0
face 1.00 129.0 273.0 146.0 293.0
face 1.00 95.0 279.0 113.0 301.0
face 1.00 55.0 278.0 75.0 302.0
face 1.00 656.0 278.0 676.0 303.0
face 1.00 917.0 291.0 936.0 316.0
face 1.00 681.0 410.0 716.0 455.0
face 1.00 360.0 271.0 377.0 291.0
face 1.00 1007.0 260.0 1023.0 279.0
face 1.00 782.0 275.0 798.0 297.0
face 1.00 399.0 299.0 422.0 329.0
face 1.00 968.0 262.0 981.0 278.0
face 1.00 861.0 263.0 877.0 283.0
face 1.00 894.0 304.0 912.0 327.0
face 1.00 149.0 272.0 166.0 293.0
face 1.00 651.0 245.0 664.0 261.0
face 1.00 900.0 371.0 935.0 411.0
face 1.00 398.0 247.0 410.0 261.0
face 0.99 294.0 274.0 309.0 291.0
face 0.99 898.0 234.0 911.0 250.0
face 0.99 277.0 292.0 295.0 315.0
face 0.99 -1.0 280.0 15.0 302.0
face 0.99 100.0 245.0 115.0 263.0
face 0.99 770.0 249.0 785.0 266.0
face 0.99 701.0 253.0 714.0 268.0
face 0.99 620.0 255.0 633.0 272.0
face 0.99 66.0 185.0 81.0 203.0
face 0.99 427.0 256.0 441.0 273.0
face 0.99 452.0 300.0 471.0 321.0
face 0.99 134.0 231.0 148.0 250.0
face 0.99 328.0 264.0 344.0 285.0
face 0.98 802.0 416.0 846.0 469.0
face 0.98 814.0 263.0 830.0 282.0
face 0.97 531.0 278.0 547.0 298.0
face 0.96 461.0 248.0 475.0 266.0
face 0.96 604.0 269.0 623.0 292.0
face 0.96 154.0 236.0 171.0 255.0
face 0.96 883.0 253.0 897.0 270.0
face 0.95 509.0 242.0 521.0 257.0
face 0.94 726.0 293.0 744.0 314.0
face 0.93 739.0 277.0 754.0 296.0
face 0.92 535.0 229.0 545.0 241.0
face 0.92 101.0 197.0 113.0 210.0
face 0.92 524.0 237.0 534.0 249.0
face 0.91 308.0 232.0 319.0 245.0
face 0.91 572.0 242.0 582.0 256.0
face 0.91 511.0 260.0 529.0 282.0
face 0.91 494.0 231.0 503.0 242.0
face 0.89 282.0 250.0 292.0 262.0
face 0.88 485.0 256.0 499.0 272.0
face 0.87 925.0 323.0 958.0 360.0
face 0.86 357.0 231.0 369.0 245.0
face 0.86 45.0 182.0 60.0 198.0
face 0.86 19.0 194.0 31.0 211.0
face 0.85 196.0 271.0 220.0 297.0
face 0.85 549.0 232.0 559.0 244.0
face 0.84 987.0 249.0 1002.0 268.0
face 0.84 321.0 366.0 354.0 406.0
face 0.83 826.0 303.0 842.0 323.0
face 0.83 186.0 232.0 197.0 246.0
face 0.83 374.0 251.0 387.0 267.0
face 0.83 627.0 313.0 646.0 335.0
face 0.80 703.0 236.0 714.0 249.0
face 0.80 73.0 264.0 88.0 285.0
face 0.80 906.0 263.0 924.0 285.0
face 0.78 540.0 246.0 550.0 258.0
face 0.78 958.0 548.0 1019.0 625.0
face 0.78 542.0 212.0 552.0 224.0
face 0.78 717.0 229.0 729.0 244.0
face 0.76 25.0 262.0 41.0 284.0
face 0.75 35.0 182.0 50.0 198.0
face 0.75 317.0 221.0 328.0 234.0
face 0.75 221.0 213.0 231.0 225.0
face 0.74 333.0 216.0 344.0 229.0
face 0.74 701.0 224.0 712.0 237.0
face 0.73 292.0 231.0 302.0 243.0
face 0.73 760.0 238.0 771.0 252.0
face 0.72 631.0 222.0 643.0 237.0
face 0.72 263.0 253.0 276.0 269.0
face 0.70 839.0 242.0 854.0 258.0
face 0.70 587.0 230.0 601.0 246.0
face 0.69 424.0 239.0 434.0 251.0
face 0.68 983.0 285.0 997.0 301.0
face 0.68 519.0 204.0 529.0 217.0
face 0.68 157.0 213.0 166.0 225.0
face 0.66 577.0 215.0 588.0 228.0
face 0.66 179.0 172.0 192.0 188.0
face 0.66 274.0 228.0 284.0 240.0
face 0.66 957.0 243.0 969.0 258.0
face 0.64 912.0 222.0 922.0 234.0
face 0.63 365.0 251.0 381.0 268.0
face 0.62 128.0 180.0 142.0 196.0
face 0.62 975.0 243.0 986.0 258.0
face 0.61 6.0 180.0 17.0 193.0
face 0.59 458.0 230.0 470.0 245.0
face 0.59 271.0 274.0 285.0 291.0
face 0.59 920.0 236.0 933.0 252.0
face 0.58 220.0 230.0 233.0 244.0
face 0.57 726.0 253.0 740.0 271.0
face 0.57 95.0 180.0 110.0 196.0
face 0.57 665.0 199.0 675.0 211.0
face 0.56 741.0 221.0 752.0 233.0
face 0.56 607.0 214.0 617.0 226.0
face 0.56 846.0 346.0 862.0 364.0
face 0.56 400.0 226.0 410.0 239.0
face 0.54 373.0 230.0 383.0 242.0
face 0.54 570.0 316.0 584.0 333.0
face 0.53 -1.0 354.0 14.0 379.0
face 0.53 599.0 236.0 611.0 250.0
face 0.52 933.0 263.0 944.0 276.0
face 0.52 574.0 228.0 585.0 243.0
face 0.51 572.0 274.0 588.0 294.0
face 0.50 231.0 236.0 243.0 250.0
face 0.50 358.0 251.0 372.0 268.0
face 0.50 166.0 230.0 178.0 245.0
face 0.50 902.0 213.0 913.0 225.0
face 0.49 1011.0 299.0 1025.0 320.0
face 0.49 447.0 208.0 458.0 221.0
face 0.49 262.0 236.0 273.0 248.0
face 0.49 612.0 384.0 629.0 408.0
face 0.47 152.0 187.0 166.0 205.0
face 0.47 151.0 490.0 222.0 558.0
face 0.47 671.0 224.0 681.0 236.0
face 0.47 871.0 226.0 885.0 242.0
face 0.47 676.0 251.0 691.0 269.0
face 0.47 23.0 182.0 34.0 194.0
face 0.47 878.0 212.0 893.0 231.0
face 0.46 643.0 66.0 659.0 88.0
face 0.46 425.0 222.0 435.0 234.0
face 0.46 74.0 179.0 90.0 199.0
face 0.46 488.0 221.0 498.0 232.0
face 0.45 318.0 253.0 333.0 270.0
face 0.45 606.0 246.0 617.0 259.0
face 0.44 989.0 223.0 1001.0 237.0
face 0.44 606.0 221.0 617.0 234.0
face 0.44 671.0 229.0 683.0 244.0
face 0.44 998.0 422.0 1010.0 436.0
face 0.44 407.0 227.0 418.0 240.0
face 0.44 321.0 207.0 331.0 219.0
face 0.43 950.0 230.0 961.0 243.0
face 0.43 964.0 216.0 975.0 229.0
face 0.43 54.0 374.0 69.0 392.0
face 0.43 176.0 215.0 186.0 228.0
face 0.42 200.0 230.0 211.0 243.0
face 0.42 380.0 390.0 405.0 420.0
face 0.42 354.0 216.0 365.0 230.0
face 0.41 670.0 199.0 681.0 211.0
face 0.41 814.0 212.0 830.0 232.0
face 0.41 910.0 242.0 927.0 261.0
face 0.41 406.0 382.0 417.0 396.0
face 0.41 366.0 228.0 379.0 243.0
face 0.41 913.0 274.0 931.0 295.0
face 0.41 663.0 244.0 675.0 259.0
face 0.41 263.0 190.0 273.0 203.0
face 0.40 896.0 213.0 907.0 226.0
face 0.40 413.0 230.0 423.0 242.0
face 0.40 319.0 214.0 329.0 227.0
face 0.40 59.0 249.0 77.0 269.0
face 0.39 857.0 204.0 867.0 217.0
face 0.39 559.0 239.0 570.0 251.0
face 0.39 935.0 292.0 947.0 307.0
face 0.39 924.0 231.0 936.0 244.0
face 0.39 630.0 244.0 643.0 259.0
face 0.39 485.0 237.0 497.0 250.0
face 0.39 246.0 215.0 257.0 227.0
face 0.38 606.0 230.0 617.0 243.0
face 0.38 367.0 220.0 378.0 234.0
face 0.38 1003.0 212.0 1016.0 229.0
face 0.38 690.0 566.0 715.0 593.0
face 0.38 1006.0 238.0 1020.0 254.0
face 0.38 742.0 245.0 753.0 258.0
face 0.38 429.0 237.0 441.0 251.0
face 0.38 278.0 197.0 289.0 210.0
face 0.38 561.0 207.0 570.0 218.0
face 0.37 374.0 236.0 385.0 250.0
face 0.37 910.0 204.0 921.0 217.0
face 0.37 679.0 206.0 689.0 218.0
face 0.37 230.0 199.0 241.0 211.0
face 0.37 732.0 282.0 750.0 304.0
face 0.37 426.0 244.0 441.0 263.0
face 0.37 743.0 205.0 754.0 218.0
face 0.37 567.0 229.0 579.0 242.0
face 0.36 1004.0 307.0 1025.0 339.0
face 0.36 885.0 206.0 896.0 219.0
face 0.36 381.0 198.0 391.0 210.0
face 0.36 669.0 242.0 683.0 260.0
face 0.36 845.0 307.0 862.0 328.0
face 0.36 393.0 570.0 412.0 591.0
face 0.35 663.0 324.0 676.0 339.0
face 0.35 684.0 250.0 699.0 268.0
face 0.35 830.0 181.0 844.0 198.0
face 0.35 319.0 228.0 330.0 242.0
face 0.35 763.0 281.0 781.0 302.0
face 0.35 456.0 222.0 467.0 235.0
face 0.35 472.0 207.0 482.0 218.0
face 0.35 1014.0 229.0 1024.0 244.0
face 0.35 496.0 440.0 513.0 461.0
face 0.35 918.0 387.0 930.0 404.0
face 0.35 942.0 235.0 955.0 252.0
face 0.35 256.0 230.0 266.0 242.0
face 0.35 950.0 235.0 964.0 253.0
face 0.34 624.0 213.0 634.0 226.0
face 0.34 943.0 246.0 954.0 259.0
face 0.34 430.0 228.0 440.0 241.0
face 0.34 851.0 299.0 867.0 320.0
face 0.34 454.0 207.0 464.0 219.0
face 0.34 875.0 265.0 893.0 284.0
face 0.34 511.0 230.0 522.0 243.0
face 0.34 648.0 229.0 658.0 242.0
face 0.34 254.0 207.0 264.0 219.0
face 0.34 623.0 206.0 633.0 218.0
face 0.34 733.0 235.0 747.0 251.0
face 0.34 726.0 246.0 738.0 259.0
face 0.34 989.0 236.0 1002.0 251.0
face 0.34 446.0 350.0 457.0 364.0
face 0.34 637.0 215.0 648.0 227.0
face 0.34 910.0 252.0 923.0 268.0
face 0.33 439.0 212.0 450.0 224.0
face 0.33 117.0 243.0 132.0 261.0
face 0.33 484.0 245.0 497.0 262.0
face 0.33 865.0 2.0 881.0 22.0
face 0.33 726.0 235.0 738.0 250.0
face 0.33 263.0 246.0 275.0 260.0
face 0.33 789.0 254.0 804.0 270.0
face 0.33 711.0 222.0 722.0 236.0
face 0.33 931.0 545.0 976.0 604.0
face 0.33 784.0 399.0 795.0 412.0
face 0.33 444.0 389.0 456.0 404.0
face 0.33 422.0 359.0 433.0 372.0
face 0.33 509.0 411.0 534.0 444.0
face 0.33 917.0 251.0 930.0 266.0
face 0.33 827.0 404.0 841.0 420.0
face 0.33 775.0 166.0 786.0 179.0
face 0.33 101.0 175.0 114.0 190.0
face 0.32 295.0 215.0 305.0 226.0
face 0.32 288.0 214.0 298.0 226.0
face 0.32 793.0 210.0 809.0 230.0
face 0.32 518.0 223.0 529.0 235.0
face 0.32 284.0 634.0 301.0 654.0
face 0.32 757.0 222.0 768.0 234.0
face 0.32 486.0 591.0 552.0 670.0
face 0.32 326.0 237.0 338.0 251.0
face 0.32 608.0 207.0 618.0 219.0
face 0.32 241.0 214.0 251.0 226.0
face 0.32 459.0 322.0 474.0 341.0
face 0.32 686.0 206.0 697.0 219.0
face 0.32 420.0 388.0 434.0 404.0
face 0.32 295.0 176.0 306.0 189.0
face 0.31 444.0 137.0 457.0 153.0
face 0.31 952.0 246.0 963.0 259.0
face 0.31 751.0 213.0 761.0 226.0
face 0.31 254.0 221.0 265.0 235.0
face 0.31 949.0 298.0 963.0 317.0
face 0.31 655.0 222.0 665.0 234.0
face 0.31 240.0 221.0 251.0 234.0
face 0.31 871.0 214.0 883.0 228.0
face 0.31 759.0 190.0 769.0 202.0
face 0.31 692.0 247.0 704.0 261.0
face 0.31 749.0 207.0 760.0 219.0
face 0.31 139.0 219.0 156.0 238.0
face 0.31 647.0 205.0 657.0 217.0
face 0.31 886.0 197.0 898.0 210.0
face 0.31 395.0 435.0 423.0 463.0
face 0.31 247.0 229.0 257.0 241.0
face 0.31 273.0 207.0 283.0 219.0
face 0.31 720.0 207.0 730.0 218.0
face 0.31 462.0 214.0 472.0 226.0
face 0.31 151.0 206.0 163.0 220.0
face 0.31 188.0 260.0 204.0 279.0
face 0.31 960.0 220.0 973.0 235.0
face 0.31 238.0 230.0 249.0 243.0
face 0.31 695.0 213.0 706.0 226.0
face 0.31 149.0 217.0 163.0 234.0
face 0.31 239.0 174.0 250.0 188.0
face 0.31 656.0 215.0 666.0 226.0
face 0.31 878.0 237.0 889.0 250.0
face 0.31 214.0 181.0 226.0 195.0
face 0.31 223.0 181.0 234.0 194.0
face 0.31 869.0 244.0 883.0 260.0
face 0.31 182.0 206.0 192.0 219.0
face 0.31 990.0 330.0 1006.0 349.0
face 0.31 364.0 448.0 382.0 472.0
face 0.31 479.0 206.0 489.0 218.0
face 0.31 204.0 252.0 220.0 271.0
face 0.31 408.0 207.0 418.0 218.0
face 0.31 245.0 173.0 259.0 190.0
face 0.31 494.0 421.0 506.0 435.0
face 0.31 966.0 276.0 978.0 291.0
face 0.31 981.0 214.0 994.0 228.0
face 0.31 375.0 215.0 385.0 226.0
face 0.31 288.0 236.0 300.0 249.0
face 0.31 374.0 222.0 384.0 234.0
face 0.31 142.0 213.0 155.0 227.0
face 0.31 760.0 197.0 771.0 209.0
face 0.31 248.0 208.0 259.0 220.0
face 0.31 662.0 214.0 672.0 226.0
face 0.31 472.0 213.0 482.0 225.0
face 0.30 872.0 197.0 882.0 208.0
face 0.30 759.0 213.0 769.0 226.0
face 0.30 590.0 223.0 601.0 237.0
face 0.30 846.0 395.0 860.0 411.0
face 0.30 131.0 437.0 150.0 457.0
face 0.30 554.0 358.0 569.0 374.0
face 0.30 134.0 197.0 147.0 211.0
face 0.30 624.0 198.0 635.0 210.0
face 0.30 141.0 206.0 153.0 219.0
face 0.30 538.0 417.0 556.0 437.0
face 0.30 519.0 230.0 530.0 243.0
face 0.30 720.0 213.0 731.0 226.0
face 0.30 647.0 213.0 657.0 226.0
face 0.30 454.0 181.0 464.0 193.0
face 0.30 332.0 243.0 346.0 260.0
face 0.30 189.0 274.0 207.0 294.0
face 0.30 926.0 213.0 937.0 226.0
face 0.30 654.0 229.0 665.0 242.0
face 0.30 846.0 206.0 856.0 218.0
face 0.30 696.0 206.0 706.0 218.0
