face 1.00 584.0 163.0 622.0 213.0
face 1.00 450.0 158.0 487.0 200.0
face 0.98 716.0 187.0 751.0 228.0
face 0.98 293.0 148.0 332.0 190.0
face 0.97 709.0 130.0 734.0 158.0
face 0.85 828.0 127.0 856.0 163.0
face 0.76 952.0 187.0 985.0 235.0
face 0.70 399.0 271.0 419.0 296.0
face 0.60 592.0 113.0 617.0 141.0
face 0.56 243.0 123.0 261.0 148.0
face 0.48 299.0 74.0 323.0 106.0
face 0.45 9.0 228.0 90.0 339.0
face 0.45 139.0 158.0 156.0 180.0
face 0.43 896.0 419.0 956.0 484.0
face 0.42 495.0 156.0 507.0 169.0
face 0.40 163.0 105.0 182.0 126.0
face 0.39 349.0 151.0 374.0 179.0
face 0.38 315.0 152.0 334.0 180.0
face 0.38 66.0 111.0 96.0 145.0
face 0.37 766.0 321.0 956.0 534.0
face 0.36 970.0 420.0 986.0 440.0
face 0.36 273.0 112.0 290.0 133.0
face 0.34 892.0 42.0 908.0 62.0
face 0.33 646.0 270.0 671.0 298.0
face 0.33 805.0 78.0 836.0 108.0
face 0.32 293.0 149.0 312.0 175.0
face 0.32 997.0 292.0 1025.0 337.0
face 0.31 362.0 137.0 396.0 175.0
face 0.31 86.0 265.0 117.0 298.0
face 0.31 417.0 291.0 445.0 324.0
face 0.31 699.0 56.0 716.0 80.0
face 0.30 908.0 109.0 926.0 133.0
