face 1.00 631.0 457.0 666.0 495.0
face 0.96 633.0 295.0 644.0 308.0
face 0.92 636.0 397.0 656.0 424.0
face 0.88 850.0 374.0 894.0 435.0
face 0.83 519.0 353.0 539.0 377.0
face 0.79 798.0 263.0 822.0 290.0
face 0.68 583.0 394.0 616.0 428.0
face 0.66 552.0 287.0 563.0 301.0
face 0.59 262.0 222.0 273.0 236.0
face 0.54 637.0 476.0 902.0 744.0
face 0.51 713.0 337.0 732.0 359.0
face 0.48 895.0 339.0 907.0 354.0
face 0.46 322.0 407.0 362.0 464.0
face 0.44 364.0 466.0 383.0 490.0
face 0.42 374.0 189.0 386.0 203.0
face 0.38 924.0 183.0 936.0 197.0
face 0.37 283.0 136.0 302.0 161.0
face 0.37 67.0 128.0 81.0 147.0
face 0.36 700.0 337.0 716.0 355.0
face 0.34 227.0 87.0 253.0 117.0
face 0.33 543.0 453.0 567.0 483.0
face 0.33 609.0 461.0 626.0 480.0
face 0.33 542.0 367.0 557.0 383.0
face 0.32 677.0 341.0 694.0 359.0
face 0.32 526.0 371.0 538.0 386.0
face 0.32 418.0 450.0 432.0 469.0
face 0.31 614.0 351.0 625.0 364.0
face 0.30 293.0 356.0 304.0 370.0
