face 1.00 544.0 168.0 588.0 225.0
face 1.00 893.0 238.0 956.0 318.0
face 1.00 704.0 197.0 756.0 268.0
face 1.00 604.0 141.0 640.0 185.0
face 1.00 544.0 105.0 562.0 132.0
face 1.00 581.0 75.0 609.0 110.0
face 0.99 516.0 66.0 533.0 88.0
face 0.99 516.0 122.0 537.0 149.0
face 0.96 59.0 92.0 86.0 127.0
face 0.95 90.0 81.0 106.0 100.0
face 0.93 562.0 55.0 583.0 82.0
face 0.93 426.0 87.0 444.0 109.0
face 0.91 627.0 75.0 659.0 119.0
face 0.90 499.0 154.0 528.0 194.0
face 0.79 208.0 81.0 230.0 105.0
face 0.79 179.0 119.0 194.0 136.0
face 0.78 615.0 66.0 629.0 84.0
face 0.73 255.0 67.0 267.0 82.0
face 0.72 551.0 67.0 562.0 82.0
face 0.60 535.0 73.0 549.0 90.0
face 0.54 224.0 99.0 247.0 129.0
face 0.51 403.0 89.0 416.0 106.0
face 0.46 57.0 12.0 77.0 41.0
face 0.44 471.0 158.0 487.0 176.0
face 0.41 525.0 60.0 538.0 75.0
face 0.39 142.0 188.0 155.0 204.0
face 0.37 564.0 99.0 582.0 119.0
face 0.37 756.0 107.0 772.0 130.0
face 0.34 203.0 69.0 218.0 86.0
face 0.33 327.0 129.0 363.0 176.0
face 0.33 356.0 91.0 373.0 111.0
face 0.33 685.0 69.0 699.0 88.0
face 0.32 469.0 435.0 486.0 454.0
face 0.32 501.0 460.0 518.0 481.0
face 0.32 686.0 79.0 702.0 102.0
face 0.32 509.0 62.0 522.0 77.0
face 0.31 286.0 38.0 297.0 51.0
face 0.31 252.0 40.0 267.0 58.0
face 0.31 502.0 65.0 517.0 82.0
face 0.31 391.0 62.0 403.0 75.0
face 0.31 312.0 96.0 336.0 125.0
face 0.30 638.0 173.0 650.0 189.0
face 0.30 181.0 85.0 192.0 99.0
