face 1.00 670.0 396.0 727.0 465.0
face 1.00 483.0 437.0 530.0 502.0
face 1.00 250.0 474.0 301.0 543.0
face 0.66 200.0 735.0 215.0 756.0
face 0.57 859.0 354.0 886.0 385.0
face 0.49 23.0 193.0 288.0 426.0
face 0.48 448.0 384.0 472.0 414.0
face 0.41 464.0 534.0 490.0 567.0
face 0.39 850.0 557.0 863.0 574.0
face 0.35 814.0 91.0 830.0 109.0
face 0.34 194.0 593.0 221.0 628.0
face 0.34 985.0 551.0 1004.0 572.0
face 0.33 878.0 442.0 906.0 477.0
face 0.33 603.0 498.0 619.0 519.0
face 0.32 421.0 253.0 434.0 267.0
face 0.32 989.0 533.0 1001.0 547.0
face 0.31 892.0 476.0 909.0 496.0
face 0.31 334.0 699.0 349.0 717.0
face 0.31 340.0 537.0 357.0 556.0
