face 1.00 917.0 324.0 975.0 396.0
face 1.00 372.0 320.0 424.0 389.0
face 1.00 172.0 297.0 229.0 361.0
face 1.00 44.0 300.0 106.0 377.0
face 1.00 827.0 327.0 873.0 394.0
face 1.00 769.0 287.0 807.0 329.0
face 0.99 592.0 310.0 642.0 363.0
face 0.98 638.0 312.0 691.0 396.0
face 0.98 289.0 280.0 344.0 348.0
face 0.98 397.0 264.0 435.0 311.0
face 0.97 485.0 309.0 540.0 374.0
face 0.96 667.0 586.0 712.0 640.0
face 0.95 682.0 276.0 726.0 332.0
face 0.93 419.0 341.0 461.0 397.0
face 0.72 23.0 334.0 84.0 406.0
face 0.69 633.0 534.0 647.0 551.0
face 0.61 896.0 342.0 918.0 372.0
face 0.61 907.0 312.0 940.0 355.0
face 0.52 404.0 501.0 439.0 535.0
face 0.52 225.0 293.0 241.0 314.0
face 0.39 623.0 603.0 635.0 618.0
face 0.37 180.0 193.0 196.0 212.0
face 0.34 140.0 349.0 159.0 374.0
face 0.33 506.0 283.0 523.0 307.0
face 0.32 308.0 244.0 324.0 264.0
face 0.32 455.0 340.0 477.0 370.0
face 0.30 116.0 340.0 138.0 368.0
