face 1.00 375.0 455.0 468.0 581.0
face 1.00 288.0 338.0 327.0 389.0
face 1.00 483.0 383.0 523.0 435.0
face 1.00 222.0 350.0 272.0 405.0
face 1.00 189.0 288.0 225.0 331.0
face 1.00 2.0 423.0 40.0 469.0
face 1.00 225.0 242.0 260.0 285.0
face 1.00 875.0 365.0 907.0 405.0
face 1.00 152.0 409.0 199.0 465.0
face 1.00 783.0 1108.0 851.0 1191.0
face 0.86 853.0 225.0 876.0 253.0
face 0.85 109.0 352.0 127.0 377.0
face 0.83 1004.0 364.0 1023.0 387.0
face 0.79 512.0 495.0 523.0 509.0
face 0.75 923.0 516.0 955.0 559.0
face 0.63 383.0 334.0 428.0 388.0
face 0.62 492.0 523.0 566.0 610.0
face 0.50 300.0 270.0 330.0 316.0
face 0.50 842.0 1189.0 894.0 1249.0
face 0.47 957.0 379.0 973.0 398.0
face 0.42 894.0 1148.0 982.0 1255.0
face 0.41 978.0 375.0 995.0 397.0
face 0.41 989.0 584.0 1007.0 605.0
face 0.40 64.0 468.0 162.0 588.0
face 0.39 983.0 339.0 998.0 357.0
face 0.39 54.0 917.0 77.0 948.0
face 0.38 967.0 404.0 991.0 437.0
face 0.38 168.0 618.0 260.0 729.0
face 0.37 566.0 406.0 601.0 446.0
face 0.36 612.0 395.0 631.0 416.0
face 0.36 548.0 421.0 566.0 446.0
face 0.35 21.0 404.0 53.0 444.0
face 0.35 986.0 518.0 1008.0 547.0
face 0.35 888.0 330.0 906.0 350.0
face 0.35 658.0 368.0 674.0 388.0
face 0.35 943.0 332.0 958.0 349.0
face 0.34 512.0 335.0 537.0 362.0
face 0.34 229.0 -1.0 289.0 55.0
face 0.34 124.0 920.0 177.0 979.0
face 0.34 597.0 1420.0 651.0 1481.0
face 0.33 107.0 153.0 129.0 187.0
face 0.33 808.0 790.0 835.0 822.0
face 0.33 565.0 432.0 626.0 498.0
face 0.32 458.0 1280.0 475.0 1304.0
face 0.32 772.0 350.0 814.0 393.0
face 0.32 920.0 365.0 947.0 397.0
face 0.32 103.0 203.0 127.0 235.0
face 0.31 669.0 371.0 685.0 389.0
face 0.31 927.0 397.0 939.0 412.0
face 0.31 258.0 939.0 349.0 1063.0
face 0.31 315.0 48.0 332.0 69.0
face 0.30 1010.0 331.0 1023.0 351.0
