face 1.00 391.0 398.0 457.0 490.0
face 1.00 623.0 331.0 692.0 414.0
face 1.00 880.0 278.0 947.0 363.0
face 1.00 815.0 196.0 872.0 280.0
face 1.00 744.0 437.0 819.0 524.0
face 1.00 238.0 394.0 293.0 462.0
face 1.00 682.0 235.0 702.0 261.0
face 0.99 490.0 465.0 566.0 550.0
face 0.97 292.0 550.0 341.0 616.0
face 0.96 73.0 399.0 133.0 471.0
face 0.67 892.0 191.0 907.0 212.0
face 0.63 663.0 70.0 684.0 98.0
face 0.54 340.0 357.0 378.0 394.0
face 0.53 349.0 632.0 462.0 766.0
face 0.53 957.0 451.0 990.0 490.0
face 0.52 188.0 342.0 212.0 368.0
face 0.50 277.0 365.0 305.0 398.0
face 0.44 662.0 520.0 702.0 580.0
face 0.44 510.0 691.0 533.0 722.0
face 0.41 963.0 214.0 1027.0 320.0
face 0.38 85.0 404.0 114.0 441.0
face 0.37 691.0 214.0 715.0 241.0
face 0.36 603.0 246.0 631.0 283.0
face 0.34 902.0 227.0 914.0 242.0
face 0.33 664.0 206.0 689.0 238.0
face 0.33 654.0 222.0 679.0 256.0
face 0.32 870.0 371.0 882.0 385.0
face 0.32 234.0 577.0 249.0 595.0
face 0.31 771.0 195.0 786.0 213.0
face 0.31 22.0 526.0 46.0 554.0
face 0.31 947.0 317.0 961.0 334.0
face 0.30 897.0 620.0 937.0 679.0
