face 1.00 165.0 590.0 224.0 667.0
face 1.00 860.0 506.0 883.0 538.0
face 1.00 233.0 558.0 281.0 616.0
face 0.97 226.0 490.0 256.0 527.0
face 0.87 961.0 595.0 985.0 628.0
face 0.83 736.0 559.0 775.0 599.0
face 0.67 769.0 534.0 788.0 561.0
face 0.66 922.0 537.0 945.0 564.0
face 0.63 132.0 508.0 178.0 557.0
face 0.52 762.0 505.0 776.0 522.0
face 0.50 894.0 539.0 922.0 571.0
face 0.48 709.0 514.0 737.0 555.0
face 0.43 282.0 492.0 310.0 530.0
face 0.43 980.0 575.0 997.0 596.0
face 0.42 497.0 533.0 585.0 655.0
face 0.39 394.0 604.0 413.0 625.0
face 0.39 834.0 528.0 850.0 547.0
face 0.38 885.0 593.0 923.0 641.0
face 0.35 786.0 503.0 804.0 524.0
face 0.35 684.0 216.0 701.0 237.0
face 0.32 767.0 485.0 781.0 501.0
face 0.32 914.0 628.0 967.0 680.0
face 0.31 789.0 493.0 804.0 512.0
face 0.31 935.0 271.0 946.0 285.0
face 0.31 816.0 516.0 831.0 536.0
face 0.31 159.0 515.0 204.0 557.0
