face 0.83 450.0 440.0 596.0 589.0
face 0.68 407.0 143.0 419.0 157.0
face 0.65 749.0 141.0 767.0 161.0
face 0.63 463.0 131.0 476.0 146.0
face 0.58 611.0 137.0 633.0 162.0
face 0.46 674.0 147.0 690.0 166.0
face 0.44 11.0 111.0 98.0 223.0
face 0.40 332.0 132.0 349.0 150.0
face 0.40 569.0 137.0 587.0 160.0
face 0.38 260.0 135.0 272.0 150.0
face 0.37 589.0 140.0 601.0 155.0
face 0.37 368.0 220.0 383.0 239.0
face 0.37 444.0 142.0 458.0 159.0
face 0.36 550.0 140.0 562.0 155.0
face 0.35 302.0 139.0 315.0 154.0
face 0.34 220.0 474.0 268.0 529.0
face 0.33 58.0 175.0 77.0 197.0
face 0.33 591.0 445.0 615.0 476.0
face 0.32 512.0 180.0 539.0 212.0
face 0.31 606.0 132.0 622.0 151.0
face 0.31 654.0 126.0 665.0 140.0
face 0.31 719.0 142.0 730.0 155.0
face 0.30 380.0 139.0 397.0 158.0
