face 1.00 717.0 155.0 786.0 244.0
face 1.00 426.0 116.0 477.0 176.0
face 1.00 203.0 171.0 222.0 191.0
face 0.98 250.0 174.0 279.0 207.0
face 0.97 844.0 139.0 868.0 168.0
face 0.95 713.0 186.0 739.0 222.0
face 0.92 938.0 122.0 957.0 143.0
face 0.91 201.0 134.0 219.0 156.0
face 0.83 979.0 263.0 1012.0 302.0
face 0.77 585.0 26.0 602.0 46.0
face 0.66 777.0 173.0 805.0 205.0
face 0.60 336.0 173.0 348.0 187.0
face 0.55 538.0 133.0 569.0 168.0
face 0.50 110.0 223.0 160.0 277.0
face 0.48 654.0 199.0 674.0 225.0
face 0.46 475.0 124.0 494.0 148.0
face 0.44 114.0 246.0 139.0 276.0
face 0.39 3.0 69.0 21.0 89.0
face 0.37 397.0 92.0 409.0 106.0
face 0.36 614.0 133.0 638.0 163.0
face 0.35 946.0 116.0 964.0 138.0
face 0.35 119.0 211.0 149.0 240.0
face 0.34 359.0 171.0 372.0 188.0
face 0.33 381.0 171.0 396.0 190.0
face 0.32 390.0 191.0 402.0 205.0
face 0.32 948.0 148.0 966.0 167.0
face 0.31 165.0 118.0 177.0 131.0
face 0.31 29.0 203.0 43.0 222.0
face 0.31 409.0 172.0 433.0 201.0
face 0.30 48.0 184.0 58.0 197.0
face 0.30 938.0 386.0 956.0 409.0
face 0.30 819.0 494.0 853.0 533.0
face 0.30 25.0 191.0 36.0 204.0
