face 1.00 844.0 210.0 882.0 257.0
face 1.00 73.0 205.0 117.0 262.0
face 1.00 281.0 243.0 312.0 281.0
face 1.00 590.0 207.0 630.0 254.0
face 0.98 186.0 214.0 217.0 269.0
face 0.98 531.0 256.0 562.0 292.0
face 0.94 989.0 257.0 1013.0 284.0
face 0.92 395.0 238.0 429.0 276.0
face 0.72 751.0 215.0 777.0 250.0
face 0.68 475.0 221.0 503.0 254.0
face 0.61 256.0 341.0 271.0 360.0
face 0.57 45.0 667.0 57.0 681.0
face 0.55 681.0 558.0 705.0 585.0
face 0.54 365.0 245.0 392.0 279.0
face 0.48 279.0 319.0 319.0 372.0
face 0.48 1013.0 150.0 1023.0 164.0
face 0.44 463.0 229.0 475.0 244.0
face 0.43 257.0 242.0 272.0 260.0
face 0.38 627.0 281.0 642.0 298.0
face 0.37 514.0 265.0 529.0 284.0
face 0.36 696.0 240.0 710.0 260.0
face 0.32 459.0 241.0 473.0 258.0
face 0.32 333.0 391.0 348.0 412.0
face 0.31 554.0 232.0 576.0 261.0
face 0.31 466.0 231.0 484.0 253.0
face 0.30 254.0 195.0 268.0 212.0
