face 1.00 484.0 165.0 525.0 213.0
face 1.00 878.0 178.0 918.0 227.0
face 1.00 821.0 134.0 867.0 194.0
face 1.00 679.0 137.0 738.0 218.0
face 1.00 216.0 141.0 272.0 205.0
face 1.00 640.0 159.0 683.0 216.0
face 1.00 455.0 200.0 486.0 239.0
face 0.99 0.0 212.0 25.0 254.0
face 0.99 988.0 207.0 1019.0 261.0
face 0.97 932.0 206.0 956.0 237.0
face 0.78 417.0 192.0 449.0 230.0
face 0.77 917.0 284.0 976.0 358.0
face 0.69 702.0 188.0 726.0 215.0
face 0.47 163.0 161.0 210.0 213.0
face 0.39 92.0 215.0 131.0 261.0
face 0.39 208.0 189.0 222.0 207.0
face 0.38 68.0 91.0 99.0 143.0
face 0.37 828.0 387.0 847.0 410.0
face 0.37 488.0 636.0 513.0 665.0
face 0.35 771.0 206.0 789.0 230.0
face 0.34 764.0 590.0 782.0 612.0
face 0.33 954.0 228.0 990.0 267.0
face 0.33 162.0 171.0 178.0 192.0
face 0.33 542.0 307.0 575.0 346.0
face 0.31 170.0 216.0 201.0 247.0
face 0.31 985.0 218.0 1004.0 242.0
face 0.31 924.0 730.0 942.0 751.0
face 0.31 450.0 561.0 475.0 590.0
face 0.30 203.0 418.0 219.0 440.0
