face 1.00 42.0 264.0 86.0 322.0
face 1.00 123.0 245.0 165.0 297.0
face 1.00 700.0 185.0 759.0 258.0
face 1.00 505.0 215.0 563.0 293.0
face 1.00 260.0 239.0 314.0 299.0
face 1.00 576.0 238.0 653.0 329.0
face 0.92 454.0 227.0 476.0 257.0
face 0.75 211.0 240.0 237.0 273.0
face 0.70 678.0 221.0 692.0 239.0
face 0.62 327.0 207.0 384.0 289.0
face 0.52 380.0 435.0 435.0 492.0
face 0.43 564.0 823.0 597.0 858.0
face 0.40 572.0 314.0 669.0 455.0
face 0.36 236.0 406.0 368.0 525.0
face 0.36 342.0 86.0 374.0 124.0
face 0.36 634.0 403.0 652.0 425.0
face 0.36 446.0 3.0 473.0 38.0
face 0.34 311.0 416.0 416.0 511.0
face 0.33 518.0 523.0 576.0 572.0
face 0.32 612.0 194.0 628.0 214.0
face 0.31 586.0 546.0 605.0 570.0
face 0.31 449.0 217.0 470.0 241.0
face 0.30 798.0 404.0 855.0 476.0
