face 0.65 674.0 321.0 691.0 341.0
face 0.61 521.0 259.0 535.0 276.0
face 0.56 606.0 267.0 617.0 280.0
face 0.52 405.0 278.0 426.0 303.0
face 0.52 686.0 278.0 711.0 311.0
face 0.52 334.0 239.0 349.0 256.0
face 0.50 509.0 389.0 520.0 404.0
face 0.47 343.0 252.0 357.0 270.0
face 0.45 688.0 262.0 700.0 276.0
face 0.45 487.0 243.0 498.0 256.0
face 0.43 341.0 378.0 356.0 397.0
face 0.41 479.0 367.0 491.0 382.0
face 0.40 130.0 290.0 145.0 312.0
face 0.40 102.0 266.0 117.0 285.0
face 0.40 327.0 259.0 339.0 275.0
face 0.40 550.0 321.0 566.0 342.0
face 0.37 792.0 493.0 803.0 507.0
face 0.37 476.0 309.0 489.0 325.0
face 0.37 358.0 270.0 377.0 296.0
face 0.36 475.0 267.0 489.0 283.0
face 0.36 502.0 270.0 514.0 284.0
face 0.35 48.0 230.0 60.0 244.0
face 0.35 586.0 611.0 606.0 632.0
face 0.34 421.0 309.0 433.0 324.0
face 0.34 431.0 387.0 445.0 405.0
face 0.34 590.0 275.0 604.0 292.0
face 0.34 468.0 246.0 479.0 260.0
face 0.34 193.0 258.0 210.0 280.0
face 0.34 317.0 253.0 332.0 269.0
face 0.33 191.0 287.0 202.0 299.0
face 0.33 677.0 285.0 693.0 304.0
face 0.32 643.0 270.0 656.0 285.0
face 0.32 895.0 507.0 907.0 521.0
face 0.32 252.0 238.0 269.0 260.0
face 0.31 335.0 300.0 357.0 330.0
face 0.31 390.0 300.0 401.0 314.0
face 0.31 630.0 271.0 641.0 284.0
face 0.31 510.0 381.0 522.0 397.0
face 0.31 286.0 364.0 299.0 381.0
face 0.31 333.0 277.0 348.0 294.0
face 0.31 333.0 262.0 344.0 275.0
face 0.30 118.0 268.0 132.0 286.0
face 0.30 350.0 230.0 364.0 246.0
face 0.30 174.0 265.0 189.0 285.0
face 0.30 374.0 254.0 385.0 267.0
face 0.30 432.0 374.0 443.0 387.0
