face 0.99 599.0 82.0 615.0 102.0
face 0.72 168.0 411.0 227.0 475.0
face 0.64 435.0 196.0 485.0 261.0
face 0.61 764.0 80.0 815.0 143.0
face 0.54 357.0 491.0 382.0 523.0
face 0.45 435.0 65.0 452.0 86.0
face 0.37 169.0 150.0 255.0 253.0
face 0.36 341.0 353.0 363.0 383.0
face 0.35 803.0 618.0 853.0 673.0
face 0.35 309.0 294.0 368.0 377.0
face 0.32 349.0 534.0 375.0 568.0
face 0.31 640.0 271.0 747.0 400.0
face 0.31 650.0 269.0 683.0 303.0
face 0.30 205.0 604.0 253.0 654.0
face 0.30 718.0 332.0 746.0 364.0
