face 1.00 304.0 476.0 420.0 643.0
face 1.00 658.0 478.0 714.0 553.0
face 1.00 855.0 335.0 885.0 374.0
face 0.99 843.0 445.0 938.0 577.0
face 0.94 765.0 522.0 805.0 567.0
face 0.60 268.0 391.0 282.0 409.0
face 0.43 7.0 479.0 75.0 567.0
face 0.39 983.0 482.0 1026.0 562.0
face 0.37 368.0 244.0 380.0 256.0
face 0.35 749.0 231.0 806.0 300.0
face 0.32 380.0 263.0 391.0 276.0
face 0.31 121.0 432.0 180.0 502.0
face 0.31 893.0 598.0 905.0 612.0
face 0.30 190.0 335.0 202.0 350.0
face 0.30 318.0 261.0 330.0 276.0
