face 1.00 779.0 461.0 801.0 487.0
face 1.00 615.0 496.0 642.0 525.0
face 1.00 687.0 465.0 708.0 493.0
face 1.00 580.0 454.0 604.0 485.0
face 1.00 735.0 421.0 757.0 447.0
face 1.00 322.0 429.0 343.0 453.0
face 1.00 819.0 392.0 834.0 411.0
face 1.00 360.0 452.0 386.0 486.0
face 1.00 212.0 469.0 239.0 498.0
face 1.00 285.0 536.0 317.0 578.0
face 1.00 633.0 416.0 649.0 437.0
face 1.00 678.0 555.0 715.0 600.0
face 1.00 754.0 471.0 782.0 507.0
face 1.00 503.0 540.0 537.0 576.0
face 1.00 973.0 428.0 991.0 451.0
face 0.99 570.0 417.0 587.0 437.0
face 0.99 938.0 461.0 955.0 486.0
face 0.99 395.0 532.0 424.0 571.0
face 0.99 130.0 501.0 154.0 533.0
face 0.99 985.0 368.0 996.0 381.0
face 0.99 94.0 393.0 111.0 413.0
face 0.98 81.0 452.0 108.0 482.0
face 0.98 784.0 386.0 798.0 404.0
face 0.98 872.0 390.0 891.0 413.0
face 0.98 455.0 411.0 470.0 431.0
face 0.97 686.0 407.0 703.0 427.0
face 0.97 188.0 523.0 219.0 557.0
face 0.97 804.0 430.0 825.0 455.0
face 0.97 593.0 387.0 607.0 404.0
face 0.96 72.0 347.0 86.0 364.0
face 0.96 352.0 403.0 367.0 421.0
face 0.95 538.0 415.0 554.0 431.0
face 0.94 859.0 420.0 880.0 443.0
face 0.94 174.0 382.0 190.0 401.0
face 0.93 546.0 388.0 559.0 404.0
face 0.92 803.0 367.0 816.0 382.0
face 0.92 669.0 382.0 682.0 397.0
face 0.91 475.0 374.0 486.0 388.0
face 0.90 18.0 549.0 46.0 587.0
face 0.90 974.0 351.0 986.0 364.0
face 0.90 23.0 360.0 34.0 373.0
face 0.89 526.0 333.0 537.0 346.0
face 0.88 982.0 341.0 991.0 354.0
face 0.87 884.0 479.0 910.0 518.0
face 0.86 21.0 400.0 36.0 417.0
face 0.86 206.0 356.0 217.0 369.0
face 0.85 462.0 356.0 474.0 371.0
face 0.84 162.0 406.0 181.0 428.0
face 0.83 706.0 349.0 718.0 366.0
face 0.82 860.0 460.0 884.0 490.0
face 0.81 295.0 365.0 304.0 377.0
face 0.81 101.0 518.0 127.0 551.0
face 0.80 337.0 477.0 356.0 500.0
face 0.78 295.0 402.0 309.0 419.0
face 0.77 126.0 404.0 140.0 420.0
face 0.76 952.0 342.0 962.0 354.0
face 0.75 697.0 380.0 713.0 399.0
face 0.73 714.0 374.0 726.0 389.0
face 0.72 450.0 394.0 468.0 414.0
face 0.71 347.0 543.0 361.0 560.0
face 0.71 1010.0 368.0 1024.0 388.0
face 0.70 264.0 372.0 277.0 389.0
face 0.70 729.0 398.0 749.0 422.0
face 0.70 731.0 352.0 745.0 368.0
face 0.70 619.0 413.0 633.0 430.0
face 0.69 767.0 399.0 779.0 414.0
face 0.69 412.0 402.0 426.0 420.0
face 0.69 182.0 356.0 192.0 368.0
face 0.68 723.0 480.0 740.0 501.0
face 0.68 632.0 351.0 643.0 365.0
face 0.67 207.0 374.0 219.0 387.0
face 0.67 426.0 371.0 438.0 386.0
face 0.66 141.0 436.0 156.0 455.0
face 0.63 70.0 449.0 86.0 471.0
face 0.62 201.0 393.0 225.0 421.0
face 0.62 513.0 363.0 523.0 376.0
face 0.62 109.0 454.0 123.0 473.0
face 0.62 249.0 287.0 259.0 299.0
face 0.62 21.0 379.0 35.0 395.0
face 0.61 833.0 586.0 873.0 651.0
face 0.61 861.0 325.0 872.0 338.0
face 0.60 395.0 489.0 413.0 509.0
face 0.60 254.0 356.0 266.0 369.0
face 0.59 369.0 350.0 381.0 364.0
face 0.59 446.0 341.0 457.0 353.0
face 0.58 342.0 419.0 357.0 436.0
face 0.58 417.0 360.0 427.0 373.0
face 0.57 587.0 363.0 605.0 383.0
face 0.56 611.0 394.0 626.0 412.0
face 0.56 551.0 343.0 561.0 355.0
face 0.55 0.0 430.0 21.0 458.0
face 0.55 958.0 354.0 969.0 367.0
face 0.55 1005.0 459.0 1021.0 477.0
face 0.55 222.0 357.0 237.0 373.0
face 0.54 421.0 366.0 434.0 381.0
face 0.54 305.0 402.0 322.0 421.0
face 0.54 1.0 342.0 13.0 359.0
face 0.53 664.0 347.0 674.0 360.0
face 0.51 382.0 363.0 394.0 378.0
face 0.51 872.0 350.0 883.0 365.0
face 0.50 271.0 404.0 282.0 417.0
face 0.50 808.0 348.0 818.0 360.0
face 0.50 783.0 350.0 796.0 365.0
face 0.50 79.0 388.0 90.0 403.0
face 0.49 533.0 350.0 543.0 362.0
face 0.48 255.0 343.0 265.0 355.0
face 0.48 74.0 403.0 88.0 421.0
face 0.48 325.0 363.0 338.0 379.0
face 0.48 737.0 365.0 750.0 381.0
face 0.48 412.0 342.0 422.0 353.0
face 0.48 991.0 351.0 1001.0 363.0
face 0.48 268.0 365.0 281.0 380.0
face 0.47 620.0 341.0 630.0 354.0
face 0.47 814.0 339.0 825.0 353.0
face 0.46 119.0 667.0 145.0 695.0
face 0.44 400.0 359.0 411.0 371.0
face 0.43 846.0 356.0 857.0 369.0
face 0.43 403.0 383.0 418.0 400.0
face 0.42 645.0 378.0 659.0 397.0
face 0.41 958.0 335.0 968.0 347.0
face 0.41 564.0 318.0 575.0 330.0
face 0.41 214.0 389.0 230.0 407.0
face 0.41 262.0 385.0 276.0 403.0
face 0.41 148.0 351.0 163.0 368.0
face 0.40 965.0 319.0 974.0 330.0
face 0.40 886.0 342.0 900.0 358.0
face 0.40 999.0 292.0 1009.0 305.0
face 0.40 543.0 335.0 553.0 347.0
face 0.40 277.0 358.0 287.0 371.0
face 0.40 269.0 335.0 279.0 347.0
face 0.40 329.0 395.0 348.0 416.0
face 0.39 655.0 365.0 666.0 379.0
face 0.38 453.0 374.0 464.0 386.0
face 0.38 462.0 619.0 474.0 633.0
face 0.38 656.0 320.0 666.0 332.0
face 0.38 638.0 315.0 648.0 328.0
face 0.38 630.0 335.0 640.0 347.0
face 0.37 993.0 326.0 1003.0 338.0
face 0.37 428.0 332.0 438.0 345.0
face 0.37 708.0 428.0 723.0 447.0
face 0.37 525.0 379.0 540.0 397.0
face 0.37 639.0 366.0 650.0 379.0
face 0.37 920.0 340.0 930.0 353.0
face 0.36 15.0 382.0 27.0 396.0
face 0.36 679.0 350.0 689.0 363.0
face 0.36 176.0 357.0 187.0 370.0
face 0.36 419.0 402.0 435.0 421.0
face 0.36 558.0 380.0 570.0 394.0
face 0.36 897.0 473.0 915.0 501.0
face 0.36 494.0 373.0 504.0 385.0
face 0.36 433.0 351.0 443.0 362.0
face 0.36 391.0 390.0 402.0 404.0
face 0.35 486.0 389.0 497.0 402.0
face 0.35 911.0 357.0 922.0 370.0
face 0.35 606.0 414.0 617.0 428.0
face 0.35 439.0 358.0 448.0 370.0
face 0.35 916.0 419.0 933.0 437.0
face 0.35 357.0 356.0 367.0 369.0
face 0.35 390.0 332.0 400.0 345.0
face 0.34 577.0 327.0 586.0 338.0
face 0.34 168.0 341.0 179.0 353.0
face 0.34 512.0 381.0 523.0 394.0
face 0.34 399.0 351.0 409.0 363.0
face 0.34 494.0 367.0 504.0 379.0
face 0.34 62.0 353.0 77.0 372.0
face 0.34 252.0 388.0 268.0 406.0
face 0.34 214.0 358.0 226.0 371.0
face 0.34 173.0 363.0 187.0 379.0
face 0.34 550.0 357.0 561.0 372.0
face 0.34 126.0 372.0 137.0 386.0
face 0.34 157.0 317.0 169.0 332.0
face 0.34 992.0 333.0 1003.0 345.0
face 0.34 550.0 348.0 562.0 363.0
face 0.33 702.0 374.0 714.0 388.0
face 0.33 646.0 365.0 660.0 382.0
face 0.33 229.0 351.0 243.0 367.0
face 0.33 546.0 419.0 563.0 438.0
face 0.33 261.0 358.0 272.0 371.0
face 0.33 352.0 350.0 363.0 363.0
face 0.33 918.0 357.0 933.0 374.0
face 0.33 537.0 449.0 560.0 478.0
face 0.33 113.0 426.0 128.0 443.0
face 0.33 87.0 342.0 97.0 354.0
face 0.33 407.0 393.0 423.0 413.0
face 0.33 685.0 379.0 700.0 396.0
face 0.33 178.0 374.0 195.0 393.0
face 0.33 998.0 319.0 1008.0 332.0
face 0.33 502.0 348.0 512.0 361.0
face 0.33 900.0 342.0 914.0 358.0
face 0.33 112.0 332.0 123.0 345.0
face 0.33 677.0 380.0 689.0 395.0
face 0.33 213.0 380.0 228.0 397.0
face 0.32 479.0 389.0 491.0 403.0
face 0.32 503.0 382.0 514.0 395.0
face 0.32 728.0 323.0 742.0 339.0
face 0.32 463.0 343.0 474.0 355.0
face 0.32 390.0 358.0 401.0 371.0
face 0.32 761.0 349.0 772.0 362.0
face 0.32 1011.0 310.0 1023.0 326.0
face 0.32 59.0 402.0 78.0 421.0
face 0.32 230.0 363.0 241.0 377.0
face 0.32 952.0 356.0 963.0 370.0
face 0.32 221.0 383.0 234.0 398.0
face 0.32 1007.0 327.0 1018.0 340.0
face 0.32 153.0 372.0 163.0 385.0
face 0.32 870.0 343.0 880.0 356.0
face 0.32 647.0 349.0 657.0 361.0
face 0.32 838.0 333.0 848.0 344.0
face 0.32 568.0 533.0 580.0 550.0
face 0.32 279.0 350.0 289.0 363.0
face 0.32 1013.0 334.0 1023.0 348.0
face 0.32 823.0 356.0 837.0 371.0
face 0.32 502.0 389.0 513.0 402.0
face 0.32 140.0 409.0 154.0 427.0
face 0.31 654.0 372.0 665.0 386.0
face 0.31 479.0 349.0 489.0 361.0
face 0.31 191.0 342.0 201.0 354.0
face 0.31 248.0 357.0 259.0 370.0
face 0.31 280.0 342.0 290.0 354.0
face 0.31 222.0 371.0 236.0 388.0
face 0.31 696.0 333.0 706.0 345.0
face 0.31 175.0 350.0 186.0 363.0
face 0.31 101.0 355.0 117.0 374.0
face 0.31 549.0 413.0 561.0 428.0
face 0.31 263.0 340.0 273.0 353.0
face 0.31 670.0 398.0 681.0 411.0
face 0.31 495.0 358.0 505.0 370.0
face 0.31 183.0 468.0 209.0 497.0
face 0.31 182.0 546.0 197.0 563.0
face 0.31 17.0 343.0 28.0 355.0
face 0.31 952.0 327.0 962.0 339.0
face 0.31 493.0 381.0 505.0 395.0
face 0.31 414.0 370.0 428.0 387.0
face 0.31 390.0 341.0 400.0 353.0
face 0.31 710.0 343.0 721.0 357.0
face 0.31 184.0 342.0 194.0 354.0
face 0.31 991.0 342.0 1002.0 355.0
face 0.31 795.0 449.0 813.0 470.0
face 0.31 559.0 334.0 569.0 346.0
face 0.31 1013.0 467.0 1024.0 484.0
face 0.31 664.0 308.0 673.0 320.0
face 0.31 389.0 366.0 401.0 379.0
face 0.31 452.0 379.0 467.0 397.0
face 0.31 934.0 358.0 948.0 375.0
face 0.31 519.0 326.0 529.0 338.0
face 0.31 398.0 374.0 409.0 387.0
face 0.31 630.0 364.0 645.0 381.0
face 0.31 590.0 335.0 600.0 347.0
face 0.31 559.0 349.0 572.0 365.0
face 0.30 999.0 341.0 1010.0 354.0
face 0.30 287.0 397.0 298.0 410.0
face 0.30 239.0 366.0 250.0 379.0
face 0.30 927.0 326.0 938.0 339.0
face 0.30 842.0 350.0 853.0 363.0
face 0.30 1006.0 349.0 1017.0 362.0
face 0.30 406.0 410.0 421.0 430.0
face 0.30 847.0 345.0 857.0 356.0
face 0.30 832.0 332.0 843.0 344.0
face 0.30 497.0 343.0 509.0 357.0
face 0.30 447.0 367.0 458.0 379.0
face 0.30 336.0 401.0 359.0 423.0
face 0.30 455.0 350.0 466.0 363.0
face 0.30 405.0 363.0 417.0 377.0
face 0.30 390.0 373.0 401.0 386.0
face 0.30 110.0 350.0 122.0 364.0
face 0.30 36.0 372.0 49.0 389.0
face 0.30 534.0 327.0 544.0 340.0
face 0.30 127.0 292.0 138.0 305.0
face 0.30 854.0 342.0 864.0 354.0
face 0.30 279.0 390.0 290.0 403.0
face 0.30 236.0 356.0 248.0 371.0
face 0.30 398.0 387.0 410.0 403.0
face 0.30 29.0 375.0 42.0 391.0
face 0.30 487.0 383.0 498.0 396.0
face 0.30 902.0 326.0 913.0 338.0
face 0.30 157.0 349.0 169.0 363.0
face 0.30 608.0 468.0 633.0 496.0
face 0.30 332.0 408.0 350.0 429.0
