face 0.95 136.0 434.0 149.0 449.0
face 0.94 403.0 390.0 416.0 405.0
face 0.89 492.0 397.0 508.0 416.0
face 0.86 764.0 387.0 778.0 402.0
face 0.70 221.0 429.0 237.0 450.0
face 0.69 838.0 390.0 849.0 403.0
face 0.64 339.0 396.0 351.0 412.0
face 0.63 445.0 397.0 456.0 411.0
face 0.60 21.0 404.0 34.0 419.0
face 0.57 55.0 407.0 67.0 422.0
face 0.56 384.0 395.0 396.0 410.0
face 0.55 464.0 395.0 476.0 408.0
face 0.51 661.0 392.0 672.0 405.0
face 0.50 190.0 426.0 205.0 442.0
face 0.47 547.0 383.0 560.0 400.0
face 0.47 247.0 421.0 261.0 438.0
face 0.47 687.0 407.0 698.0 421.0
face 0.47 149.0 427.0 162.0 444.0
face 0.46 862.0 387.0 873.0 400.0
face 0.46 921.0 390.0 933.0 405.0
face 0.43 278.0 403.0 289.0 417.0
face 0.43 808.0 396.0 819.0 409.0
face 0.43 318.0 390.0 330.0 404.0
face 0.42 999.0 387.0 1014.0 403.0
face 0.40 204.0 421.0 219.0 437.0
face 0.39 821.0 406.0 837.0 426.0
face 0.39 902.0 390.0 913.0 404.0
face 0.38 828.0 175.0 858.0 210.0
face 0.37 424.0 390.0 436.0 404.0
face 0.36 197.0 422.0 210.0 437.0
face 0.36 579.0 395.0 591.0 410.0
face 0.36 869.0 380.0 882.0 397.0
face 0.35 870.0 374.0 881.0 387.0
face 0.35 167.0 431.0 178.0 443.0
face 0.35 237.0 436.0 250.0 453.0
face 0.35 486.0 398.0 499.0 413.0
face 0.35 861.0 408.0 876.0 426.0
face 0.34 87.0 430.0 98.0 444.0
face 0.33 111.0 429.0 125.0 446.0
face 0.33 669.0 391.0 682.0 406.0
face 0.33 894.0 380.0 906.0 394.0
face 0.33 526.0 398.0 539.0 414.0
face 0.32 213.0 422.0 225.0 435.0
face 0.32 156.0 427.0 171.0 443.0
face 0.32 480.0 397.0 491.0 411.0
face 0.32 70.0 501.0 85.0 521.0
face 0.32 703.0 137.0 718.0 156.0
face 0.31 547.0 392.0 562.0 413.0
face 0.31 533.0 390.0 545.0 403.0
face 0.31 287.0 405.0 298.0 417.0
face 0.31 109.0 420.0 123.0 437.0
face 0.31 799.0 388.0 811.0 402.0
face 0.31 893.0 388.0 909.0 407.0
face 0.31 324.0 396.0 339.0 412.0
face 0.31 416.0 285.0 452.0 330.0
face 0.30 215.0 436.0 227.0 451.0
face 0.30 1002.0 416.0 1021.0 438.0
face 0.30 576.0 390.0 587.0 404.0
