face 1.00 278.0 223.0 301.0 251.0
face 1.00 494.0 179.0 509.0 199.0
face 1.00 383.0 186.0 404.0 210.0
face 0.99 129.0 241.0 157.0 274.0
face 0.82 1.0 262.0 15.0 284.0
face 0.68 20.0 238.0 36.0 258.0
face 0.66 360.0 193.0 375.0 214.0
face 0.63 37.0 241.0 79.0 296.0
face 0.59 109.0 237.0 123.0 257.0
face 0.54 959.0 95.0 971.0 110.0
face 0.54 522.0 165.0 537.0 183.0
face 0.50 465.0 152.0 482.0 174.0
face 0.50 145.0 223.0 162.0 245.0
face 0.48 181.0 262.0 195.0 280.0
face 0.47 565.0 205.0 594.0 238.0
face 0.45 165.0 256.0 179.0 273.0
face 0.44 289.0 205.0 301.0 221.0
face 0.40 422.0 192.0 454.0 233.0
face 0.39 884.0 111.0 922.0 154.0
face 0.38 95.0 231.0 122.0 264.0
face 0.38 804.0 264.0 928.0 432.0
face 0.38 253.0 244.0 265.0 258.0
face 0.37 557.0 168.0 573.0 191.0
face 0.36 225.0 233.0 241.0 255.0
face 0.34 977.0 156.0 993.0 175.0
face 0.33 246.0 208.0 271.0 235.0
face 0.31 883.0 120.0 902.0 145.0
