face 1.00 463.0 202.0 502.0 255.0
face 1.00 392.0 196.0 417.0 230.0
face 1.00 253.0 172.0 303.0 237.0
face 1.00 695.0 221.0 741.0 277.0
face 1.00 236.0 129.0 267.0 177.0
face 1.00 535.0 213.0 569.0 255.0
face 1.00 923.0 271.0 961.0 315.0
face 0.99 929.0 227.0 955.0 260.0
face 0.98 859.0 247.0 875.0 267.0
face 0.95 546.0 143.0 602.0 222.0
face 0.92 762.0 225.0 781.0 249.0
face 0.85 758.0 255.0 782.0 288.0
face 0.85 534.0 191.0 551.0 214.0
face 0.64 816.0 232.0 836.0 253.0
face 0.57 995.0 242.0 1014.0 264.0
face 0.57 211.0 119.0 229.0 143.0
face 0.56 846.0 292.0 872.0 323.0
face 0.55 702.0 13.0 760.0 98.0
face 0.50 476.0 282.0 493.0 304.0
face 0.50 1014.0 253.0 1025.0 270.0
face 0.47 663.0 144.0 674.0 157.0
face 0.45 947.0 271.0 980.0 306.0
face 0.41 983.0 252.0 1009.0 280.0
face 0.38 975.0 251.0 989.0 270.0
face 0.36 915.0 231.0 933.0 254.0
face 0.34 74.0 132.0 91.0 152.0
face 0.34 740.0 502.0 772.0 539.0
face 0.34 790.0 238.0 804.0 255.0
face 0.33 227.0 141.0 245.0 165.0
face 0.33 439.0 224.0 450.0 236.0
face 0.33 747.0 251.0 763.0 270.0
face 0.32 889.0 243.0 906.0 262.0
face 0.32 415.0 186.0 430.0 206.0
face 0.31 422.0 222.0 432.0 234.0
face 0.31 663.0 153.0 679.0 175.0
face 0.31 205.0 128.0 223.0 152.0
face 0.30 211.0 156.0 225.0 172.0
face 0.30 763.0 204.0 778.0 222.0
face 0.30 487.0 179.0 517.0 218.0
face 0.30 6.0 80.0 28.0 109.0
