face 1.00 286.0 233.0 339.0 311.0
face 1.00 31.0 402.0 86.0 479.0
face 1.00 306.0 603.0 346.0 678.0
face 1.00 455.0 279.0 515.0 348.0
face 0.98 638.0 482.0 682.0 562.0
face 0.97 118.0 595.0 135.0 616.0
face 0.97 790.0 183.0 854.0 264.0
face 0.95 83.0 423.0 133.0 483.0
face 0.90 139.0 398.0 189.0 469.0
face 0.74 720.0 523.0 744.0 558.0
face 0.58 3.0 612.0 21.0 642.0
face 0.46 740.0 373.0 780.0 412.0
face 0.45 771.0 291.0 817.0 367.0
face 0.43 145.0 484.0 176.0 522.0
face 0.39 728.0 383.0 747.0 403.0
face 0.36 988.0 576.0 1008.0 600.0
face 0.35 766.0 382.0 791.0 412.0
face 0.35 883.0 339.0 908.0 369.0
face 0.34 26.0 599.0 113.0 687.0
face 0.34 793.0 106.0 811.0 128.0
face 0.34 416.0 561.0 464.0 615.0
face 0.30 971.0 272.0 986.0 291.0
