face 1.00 425.0 607.0 450.0 639.0
face 1.00 977.0 512.0 998.0 537.0
face 0.99 263.0 582.0 288.0 611.0
face 0.99 1003.0 500.0 1018.0 520.0
face 0.98 760.0 577.0 775.0 597.0
face 0.95 77.0 605.0 107.0 636.0
face 0.94 800.0 528.0 815.0 546.0
face 0.84 670.0 544.0 697.0 576.0
face 0.80 838.0 577.0 866.0 613.0
face 0.75 772.0 542.0 788.0 561.0
face 0.63 454.0 580.0 482.0 612.0
face 0.58 948.0 487.0 970.0 511.0
face 0.58 395.0 512.0 417.0 540.0
face 0.55 736.0 484.0 766.0 521.0
face 0.55 775.0 543.0 802.0 576.0
face 0.53 235.0 607.0 251.0 627.0
face 0.52 781.0 533.0 792.0 547.0
face 0.51 174.0 471.0 186.0 485.0
face 0.48 708.0 508.0 725.0 529.0
face 0.47 60.0 646.0 75.0 664.0
face 0.44 683.0 513.0 701.0 533.0
face 0.42 725.0 610.0 753.0 646.0
face 0.40 236.0 470.0 248.0 484.0
face 0.39 770.0 439.0 785.0 455.0
face 0.38 313.0 581.0 326.0 598.0
face 0.38 887.0 507.0 899.0 522.0
face 0.38 926.0 438.0 938.0 451.0
face 0.38 115.0 444.0 130.0 465.0
face 0.37 230.0 515.0 242.0 529.0
face 0.37 280.0 527.0 303.0 556.0
face 0.36 798.0 518.0 810.0 532.0
face 0.36 702.0 539.0 715.0 556.0
face 0.35 313.0 316.0 332.0 338.0
face 0.35 547.0 599.0 593.0 654.0
face 0.35 454.0 325.0 466.0 339.0
face 0.35 278.0 607.0 300.0 638.0
face 0.34 521.0 21.0 532.0 35.0
face 0.34 246.0 594.0 261.0 615.0
face 0.33 798.0 501.0 810.0 514.0
face 0.33 963.0 489.0 980.0 510.0
face 0.33 387.0 614.0 415.0 644.0
face 0.32 755.0 530.0 771.0 551.0
face 0.32 65.0 523.0 79.0 541.0
face 0.32 774.0 508.0 789.0 526.0
face 0.32 404.0 608.0 421.0 633.0
face 0.31 789.0 506.0 804.0 523.0
face 0.31 1001.0 476.0 1012.0 489.0
face 0.31 999.0 571.0 1010.0 585.0
face 0.31 780.0 517.0 792.0 530.0
face 0.30 678.0 668.0 693.0 684.0
face 0.30 360.0 518.0 371.0 531.0
face 0.30 286.0 548.0 298.0 562.0
face 0.30 107.0 551.0 125.0 571.0
face 0.30 710.0 524.0 722.0 539.0
face 0.30 845.0 524.0 858.0 539.0
face 0.30 973.0 491.0 986.0 506.0
face 0.30 797.0 508.0 809.0 522.0
face 0.30 791.0 516.0 803.0 530.0
face 0.30 901.0 507.0 917.0 528.0
