face 0.98 280.0 112.0 306.0 144.0
face 0.96 74.0 182.0 90.0 203.0
face 0.86 515.0 97.0 536.0 125.0
face 0.75 682.0 61.0 710.0 96.0
face 0.49 521.0 84.0 539.0 105.0
face 0.49 224.0 107.0 244.0 129.0
face 0.41 380.0 379.0 406.0 407.0
face 0.37 925.0 222.0 939.0 243.0
face 0.37 23.0 214.0 58.0 252.0
face 0.35 98.0 115.0 153.0 181.0
face 0.34 118.0 188.0 165.0 240.0
face 0.33 968.0 53.0 979.0 65.0
face 0.33 176.0 590.0 203.0 621.0
face 0.31 317.0 329.0 334.0 350.0
face 0.31 542.0 252.0 554.0 265.0
face 0.31 84.0 126.0 99.0 146.0
face 0.31 612.0 35.0 629.0 57.0
face 0.30 495.0 4.0 511.0 25.0
face 0.30 310.0 150.0 341.0 185.0
face 0.30 627.0 123.0 644.0 143.0
