face 1.00 256.0 99.0 278.0 125.0
face 1.00 718.0 133.0 754.0 178.0
face 1.00 200.0 81.0 223.0 110.0
face 1.00 313.0 83.0 336.0 114.0
face 1.00 383.0 149.0 423.0 196.0
face 1.00 647.0 173.0 693.0 229.0
face 1.00 90.0 112.0 120.0 146.0
face 1.00 922.0 159.0 961.0 207.0
face 1.00 278.0 115.0 305.0 151.0
face 1.00 455.0 132.0 496.0 179.0
face 1.00 772.0 130.0 806.0 172.0
face 1.00 557.0 130.0 591.0 174.0
face 1.00 267.0 73.0 290.0 101.0
face 1.00 868.0 90.0 893.0 124.0
face 1.00 31.0 68.0 56.0 99.0
face 1.00 847.0 142.0 879.0 186.0
face 1.00 18.0 98.0 44.0 129.0
face 1.00 341.0 115.0 373.0 152.0
face 1.00 376.0 97.0 401.0 129.0
face 1.00 66.0 61.0 89.0 90.0
face 1.00 736.0 91.0 758.0 117.0
face 1.00 80.0 90.0 103.0 115.0
face 1.00 160.0 81.0 184.0 108.0
face 1.00 521.0 118.0 549.0 154.0
face 1.00 217.0 65.0 237.0 88.0
face 1.00 339.0 89.0 362.0 119.0
face 0.99 477.0 60.0 499.0 89.0
face 0.99 933.0 125.0 970.0 169.0
face 0.98 874.0 207.0 919.0 256.0
face 0.98 291.0 67.0 313.0 95.0
face 0.98 386.0 73.0 406.0 96.0
face 0.98 604.0 84.0 627.0 111.0
face 0.97 638.0 103.0 664.0 133.0
face 0.97 432.0 70.0 451.0 95.0
face 0.97 582.0 54.0 608.0 87.0
face 0.97 661.0 61.0 684.0 88.0
face 0.96 710.0 110.0 738.0 141.0
face 0.96 801.0 20.0 816.0 39.0
face 0.96 919.0 71.0 946.0 104.0
face 0.95 567.0 52.0 583.0 74.0
face 0.95 210.0 117.0 230.0 142.0
face 0.94 226.0 82.0 250.0 113.0
face 0.94 521.0 66.0 537.0 85.0
face 0.92 0.0 88.0 17.0 117.0
face 0.92 408.0 110.0 433.0 141.0
face 0.90 961.0 69.0 981.0 94.0
face 0.90 923.0 49.0 943.0 76.0
face 0.89 521.0 89.0 542.0 113.0
face 0.89 985.0 145.0 1026.0 211.0
face 0.88 96.0 56.0 109.0 75.0
face 0.88 752.0 192.0 785.0 230.0
face 0.88 -3.0 409.0 88.0 580.0
face 0.87 820.0 73.0 855.0 112.0
face 0.87 543.0 77.0 563.0 99.0
face 0.86 301.0 156.0 341.0 202.0
face 0.86 637.0 52.0 656.0 74.0
face 0.85 254.0 47.0 267.0 63.0
face 0.85 323.0 60.0 337.0 78.0
face 0.85 648.0 88.0 675.0 121.0
face 0.85 746.0 49.0 762.0 69.0
face 0.84 386.0 51.0 402.0 71.0
face 0.82 718.0 79.0 736.0 101.0
face 0.82 761.0 45.0 777.0 64.0
face 0.80 833.0 179.0 869.0 232.0
face 0.80 843.0 47.0 861.0 71.0
face 0.79 492.0 92.0 516.0 123.0
face 0.79 999.0 88.0 1019.0 116.0
face 0.78 134.0 103.0 158.0 133.0
face 0.78 949.0 51.0 966.0 72.0
face 0.77 419.0 35.0 433.0 52.0
face 0.76 16.0 61.0 33.0 79.0
face 0.75 665.0 49.0 682.0 71.0
face 0.75 787.0 60.0 803.0 80.0
face 0.74 701.0 13.0 712.0 27.0
face 0.73 246.0 82.0 270.0 108.0
face 0.73 1.0 130.0 28.0 171.0
face 0.70 487.0 260.0 512.0 294.0
face 0.69 158.0 47.0 171.0 64.0
face 0.66 381.0 31.0 391.0 44.0
face 0.66 185.0 58.0 202.0 78.0
face 0.66 550.0 103.0 580.0 137.0
face 0.65 334.0 43.0 345.0 57.0
face 0.64 563.0 30.0 577.0 46.0
face 0.64 186.0 115.0 211.0 147.0
face 0.62 247.0 62.0 259.0 76.0
face 0.62 548.0 32.0 562.0 49.0
face 0.61 470.0 34.0 481.0 49.0
face 0.60 132.0 86.0 153.0 116.0
face 0.60 806.0 48.0 823.0 67.0
face 0.59 306.0 48.0 322.0 67.0
face 0.58 611.0 62.0 636.0 90.0
face 0.58 751.0 25.0 766.0 44.0
face 0.58 782.0 5.0 793.0 20.0
face 0.57 777.0 78.0 810.0 115.0
face 0.55 903.0 556.0 916.0 574.0
face 0.55 498.0 13.0 511.0 29.0
face 0.54 703.0 51.0 719.0 70.0
face 0.52 520.0 20.0 530.0 32.0
face 0.51 703.0 79.0 724.0 104.0
face 0.51 127.0 68.0 139.0 81.0
face 0.50 822.0 3.0 849.0 31.0
face 0.50 75.0 44.0 89.0 61.0
face 0.50 160.0 449.0 221.0 498.0
face 0.49 905.0 117.0 937.0 155.0
face 0.47 106.0 74.0 119.0 92.0
face 0.47 543.0 52.0 556.0 69.0
face 0.47 894.0 22.0 916.0 50.0
face 0.46 814.0 121.0 841.0 153.0
face 0.46 218.0 190.0 260.0 247.0
face 0.46 871.0 13.0 882.0 27.0
face 0.46 1.0 47.0 13.0 66.0
face 0.46 885.0 49.0 909.0 75.0
face 0.46 21.0 45.0 32.0 58.0
face 0.45 690.0 32.0 704.0 51.0
face 0.44 157.0 472.0 257.0 569.0
face 0.43 607.0 421.0 623.0 442.0
face 0.43 715.0 68.0 733.0 88.0
face 0.42 725.0 0.0 756.0 34.0
face 0.42 110.0 46.0 123.0 60.0
face 0.41 651.0 10.0 667.0 30.0
face 0.41 422.0 135.0 451.0 172.0
face 0.41 15.0 22.0 26.0 35.0
face 0.41 330.0 403.0 383.0 480.0
face 0.41 474.0 103.0 504.0 138.0
face 0.41 43.0 35.0 54.0 50.0
face 0.40 532.0 53.0 547.0 69.0
face 0.40 516.0 41.0 531.0 60.0
face 0.39 458.0 58.0 473.0 75.0
face 0.39 130.0 4.0 145.0 22.0
face 0.39 508.0 75.0 524.0 95.0
face 0.39 524.0 148.0 542.0 170.0
face 0.39 685.0 104.0 710.0 137.0
face 0.39 224.0 190.0 248.0 218.0
face 0.38 562.0 4.0 576.0 21.0
face 0.38 551.0 12.0 563.0 27.0
face 0.37 709.0 30.0 720.0 43.0
face 0.37 36.0 53.0 49.0 68.0
face 0.37 234.0 37.0 248.0 55.0
face 0.36 174.0 106.0 201.0 138.0
face 0.36 822.0 9.0 835.0 26.0
face 0.36 218.0 0.0 242.0 25.0
face 0.36 109.0 60.0 123.0 78.0
face 0.36 356.0 21.0 368.0 34.0
face 0.36 454.0 102.0 488.0 141.0
face 0.36 365.0 36.0 377.0 50.0
face 0.36 129.0 393.0 226.0 479.0
face 0.36 149.0 36.0 161.0 50.0
face 0.36 917.0 14.0 929.0 29.0
face 0.36 707.0 4.0 724.0 22.0
face 0.35 316.0 44.0 331.0 62.0
face 0.35 915.0 358.0 981.0 424.0
face 0.35 397.0 24.0 412.0 44.0
face 0.35 418.0 229.0 468.0 296.0
face 0.35 719.0 54.0 731.0 68.0
face 0.34 501.0 50.0 518.0 69.0
face 0.34 369.0 53.0 384.0 72.0
face 0.34 576.0 378.0 598.0 415.0
face 0.34 535.0 145.0 566.0 182.0
face 0.34 592.0 38.0 603.0 51.0
face 0.34 788.0 78.0 800.0 92.0
face 0.34 369.0 22.0 379.0 34.0
face 0.34 675.0 169.0 702.0 205.0
face 0.34 723.0 59.0 738.0 76.0
face 0.34 51.0 79.0 68.0 101.0
face 0.34 342.0 39.0 357.0 56.0
face 0.34 846.0 37.0 858.0 51.0
face 0.33 406.0 36.0 418.0 50.0
face 0.33 863.0 32.0 874.0 46.0
face 0.33 221.0 12.0 233.0 25.0
face 0.33 747.0 6.0 766.0 30.0
face 0.33 543.0 29.0 555.0 44.0
face 0.33 401.0 1.0 421.0 22.0
face 0.33 654.0 37.0 665.0 50.0
face 0.32 444.0 365.0 549.0 482.0
face 0.32 939.0 66.0 956.0 87.0
face 0.32 477.0 42.0 493.0 61.0
face 0.32 4.0 10.0 16.0 26.0
face 0.32 605.0 0.0 617.0 12.0
face 0.32 694.0 75.0 712.0 96.0
face 0.32 822.0 227.0 834.0 243.0
face 0.32 37.0 22.0 48.0 35.0
face 0.32 534.0 36.0 545.0 49.0
face 0.32 437.0 36.0 451.0 51.0
face 0.31 935.0 21.0 947.0 34.0
face 0.31 173.0 37.0 185.0 51.0
face 0.31 414.0 41.0 429.0 61.0
face 0.31 318.0 28.0 330.0 42.0
face 0.31 328.0 45.0 339.0 58.0
face 0.31 251.0 149.0 283.0 189.0
face 0.31 518.0 63.0 531.0 78.0
face 0.31 582.0 97.0 597.0 117.0
face 0.31 280.0 31.0 291.0 43.0
face 0.31 979.0 -1.0 1023.0 45.0
face 0.31 207.0 37.0 218.0 50.0
face 0.31 59.0 117.0 87.0 149.0
face 0.31 245.0 22.0 255.0 35.0
face 0.31 843.0 26.0 858.0 45.0
face 0.31 669.0 18.0 683.0 36.0
face 0.30 486.0 10.0 498.0 25.0
face 0.30 610.0 52.0 629.0 73.0
face 0.30 365.0 42.0 381.0 63.0
face 0.30 563.0 84.0 578.0 102.0
face 0.30 238.0 29.0 252.0 46.0
face 0.30 969.0 97.0 987.0 118.0
face 0.30 425.0 51.0 444.0 70.0
face 0.30 907.0 17.0 925.0 38.0
face 0.30 557.0 21.0 570.0 35.0
face 0.30 495.0 6.0 506.0 21.0
