face 1.00 455.0 382.0 477.0 408.0
face 1.00 574.0 412.0 599.0 446.0
face 1.00 427.0 443.0 448.0 471.0
face 0.99 383.0 329.0 447.0 416.0
face 0.99 575.0 471.0 630.0 548.0
face 0.97 77.0 383.0 179.0 509.0
face 0.70 1003.0 393.0 1023.0 420.0
face 0.62 766.0 365.0 798.0 412.0
face 0.58 854.0 399.0 913.0 481.0
face 0.50 728.0 212.0 742.0 231.0
face 0.46 51.0 428.0 79.0 465.0
face 0.43 588.0 216.0 600.0 232.0
face 0.38 541.0 220.0 565.0 251.0
face 0.35 472.0 528.0 507.0 569.0
face 0.34 445.0 444.0 460.0 462.0
face 0.33 444.0 428.0 459.0 445.0
face 0.32 42.0 434.0 59.0 454.0
face 0.31 829.0 293.0 841.0 308.0
face 0.30 928.0 306.0 942.0 323.0
