face 1.00 948.0 178.0 983.0 217.0
face 1.00 714.0 164.0 754.0 210.0
face 1.00 957.0 111.0 980.0 141.0
face 1.00 993.0 148.0 1013.0 176.0
face 0.98 935.0 159.0 952.0 183.0
face 0.98 234.0 183.0 264.0 219.0
face 0.98 314.0 182.0 344.0 218.0
face 0.95 654.0 158.0 678.0 185.0
face 0.95 786.0 137.0 813.0 171.0
face 0.89 866.0 141.0 892.0 178.0
face 0.70 177.0 205.0 207.0 239.0
face 0.63 114.0 225.0 133.0 247.0
face 0.57 355.0 219.0 402.0 274.0
face 0.57 96.0 181.0 118.0 209.0
face 0.55 439.0 209.0 481.0 257.0
face 0.55 432.0 110.0 456.0 146.0
face 0.51 749.0 216.0 764.0 235.0
face 0.51 262.0 180.0 291.0 215.0
face 0.47 751.0 367.0 765.0 384.0
face 0.46 981.0 123.0 995.0 141.0
face 0.45 181.0 159.0 198.0 181.0
face 0.45 864.0 123.0 877.0 140.0
face 0.37 637.0 143.0 649.0 159.0
face 0.37 902.0 53.0 913.0 67.0
face 0.35 257.0 297.0 280.0 329.0
face 0.35 563.0 220.0 609.0 276.0
face 0.33 666.0 156.0 686.0 177.0
face 0.32 -1.0 315.0 11.0 332.0
face 0.31 697.0 185.0 713.0 206.0
face 0.31 741.0 179.0 754.0 195.0
face 0.31 460.0 201.0 475.0 221.0
face 0.31 165.0 364.0 179.0 380.0
face 0.31 591.0 142.0 603.0 156.0
face 0.30 756.0 119.0 771.0 140.0
face 0.30 471.0 547.0 483.0 562.0
