face 1.00 126.0 341.0 150.0 369.0
face 1.00 62.0 368.0 77.0 387.0
face 1.00 565.0 330.0 590.0 360.0
face 0.99 505.0 344.0 524.0 372.0
face 0.99 207.0 363.0 222.0 381.0
face 0.99 470.0 356.0 488.0 376.0
face 0.72 738.0 285.0 756.0 308.0
face 0.68 402.0 360.0 419.0 380.0
face 0.59 181.0 354.0 200.0 375.0
face 0.58 868.0 337.0 884.0 362.0
face 0.53 106.0 347.0 123.0 370.0
face 0.51 642.0 144.0 656.0 163.0
face 0.49 231.0 365.0 243.0 379.0
face 0.47 838.0 275.0 850.0 289.0
face 0.44 751.0 276.0 763.0 290.0
face 0.43 707.0 132.0 722.0 149.0
face 0.43 153.0 348.0 178.0 379.0
face 0.38 928.0 244.0 1015.0 348.0
face 0.38 93.0 494.0 111.0 516.0
face 0.36 498.0 75.0 566.0 146.0
face 0.36 23.0 326.0 34.0 340.0
face 0.35 583.0 455.0 617.0 499.0
face 0.35 874.0 263.0 904.0 300.0
face 0.34 737.0 405.0 791.0 472.0
face 0.33 300.0 199.0 313.0 216.0
face 0.33 671.0 48.0 759.0 164.0
face 0.32 223.0 363.0 238.0 380.0
face 0.31 202.0 51.0 216.0 68.0
face 0.31 500.0 86.0 611.0 198.0
face 0.31 410.0 363.0 428.0 382.0
face 0.30 921.0 412.0 940.0 433.0
