face 1.00 129.0 180.0 582.0 515.0
face 0.94 621.0 1274.0 729.0 1402.0
face 0.90 755.0 61.0 802.0 118.0
face 0.89 457.0 1070.0 588.0 1238.0
face 0.82 206.0 56.0 486.0 356.0
face 0.75 818.0 436.0 843.0 468.0
face 0.70 480.0 817.0 695.0 1023.0
face 0.66 20.0 394.0 136.0 554.0
face 0.62 800.0 410.0 915.0 552.0
face 0.60 188.0 712.0 208.0 738.0
face 0.58 616.0 994.0 714.0 1125.0
face 0.45 831.0 936.0 883.0 1004.0
face 0.42 473.0 561.0 501.0 594.0
face 0.38 206.0 484.0 270.0 572.0
face 0.37 193.0 730.0 210.0 753.0
face 0.33 523.0 488.0 594.0 558.0
face 0.32 557.0 507.0 585.0 541.0
face 0.32 972.0 1276.0 987.0 1294.0
