face 1.00 816.0 231.0 867.0 317.0
face 0.98 903.0 127.0 916.0 143.0
face 0.89 831.0 115.0 842.0 129.0
face 0.87 816.0 128.0 827.0 142.0
face 0.85 997.0 117.0 1008.0 130.0
face 0.71 894.0 111.0 905.0 124.0
face 0.69 863.0 117.0 874.0 131.0
face 0.68 838.0 224.0 869.0 277.0
face 0.66 926.0 109.0 937.0 123.0
face 0.53 790.0 109.0 801.0 124.0
face 0.49 583.0 197.0 629.0 244.0
face 0.49 800.0 126.0 811.0 140.0
face 0.46 584.0 209.0 599.0 230.0
face 0.39 229.0 22.0 254.0 50.0
face 0.38 805.0 118.0 815.0 130.0
face 0.36 974.0 51.0 1021.0 112.0
face 0.34 736.0 5.0 750.0 23.0
face 0.32 887.0 132.0 899.0 146.0
face 0.32 1013.0 171.0 1024.0 187.0
face 0.31 485.0 251.0 500.0 271.0
face 0.31 992.0 139.0 1006.0 155.0
face 0.30 924.0 47.0 947.0 75.0
