face 1.00 156.0 145.0 186.0 185.0
face 1.00 634.0 391.0 651.0 411.0
face 1.00 806.0 543.0 832.0 575.0
face 1.00 965.0 450.0 980.0 469.0
face 0.98 942.0 374.0 957.0 395.0
face 0.98 134.0 254.0 211.0 380.0
face 0.97 889.0 459.0 905.0 480.0
face 0.96 749.0 370.0 764.0 390.0
face 0.96 382.0 398.0 399.0 419.0
face 0.95 909.0 430.0 925.0 452.0
face 0.94 691.0 412.0 706.0 432.0
face 0.94 757.0 449.0 773.0 468.0
face 0.94 769.0 564.0 794.0 594.0
face 0.93 903.0 475.0 919.0 495.0
face 0.90 486.0 386.0 506.0 408.0
face 0.87 477.0 410.0 492.0 428.0
face 0.86 758.0 322.0 773.0 340.0
face 0.83 967.0 345.0 985.0 368.0
face 0.83 995.0 348.0 1014.0 371.0
face 0.81 408.0 418.0 422.0 434.0
face 0.81 852.0 518.0 868.0 539.0
face 0.76 587.0 384.0 602.0 404.0
face 0.75 390.0 363.0 403.0 379.0
face 0.71 925.0 491.0 940.0 511.0
face 0.71 712.0 406.0 724.0 421.0
face 0.69 459.0 365.0 474.0 383.0
face 0.68 887.0 543.0 911.0 578.0
face 0.68 850.0 556.0 870.0 585.0
face 0.68 782.0 463.0 801.0 486.0
face 0.67 981.0 486.0 1002.0 509.0
face 0.65 554.0 363.0 569.0 381.0
face 0.62 640.0 348.0 655.0 368.0
face 0.61 322.0 373.0 335.0 391.0
face 0.58 437.0 406.0 453.0 424.0
face 0.57 418.0 391.0 433.0 412.0
face 0.56 965.0 621.0 981.0 642.0
face 0.55 743.0 476.0 758.0 495.0
face 0.55 381.0 461.0 392.0 475.0
face 0.54 477.0 525.0 492.0 544.0
face 0.53 677.0 404.0 691.0 424.0
face 0.53 303.0 362.0 317.0 380.0
face 0.52 788.0 437.0 804.0 458.0
face 0.52 738.0 400.0 752.0 419.0
face 0.51 411.0 438.0 430.0 460.0
face 0.48 551.0 197.0 561.0 210.0
face 0.47 993.0 468.0 1008.0 489.0
face 0.47 966.0 410.0 983.0 432.0
face 0.47 532.0 399.0 548.0 418.0
face 0.47 730.0 516.0 750.0 537.0
face 0.46 616.0 429.0 631.0 446.0
face 0.46 852.0 484.0 867.0 506.0
face 0.45 720.0 426.0 737.0 445.0
face 0.45 811.0 322.0 828.0 343.0
face 0.45 914.0 509.0 931.0 529.0
face 0.44 770.0 595.0 794.0 624.0
face 0.44 662.0 320.0 677.0 337.0
face 0.43 971.0 188.0 996.0 218.0
face 0.42 509.0 338.0 523.0 356.0
face 0.42 1014.0 477.0 1025.0 494.0
face 0.41 938.0 465.0 953.0 483.0
face 0.41 856.0 30.0 891.0 92.0
face 0.40 438.0 432.0 450.0 446.0
face 0.40 742.0 611.0 777.0 653.0
face 0.40 603.0 323.0 619.0 340.0
face 0.39 800.0 300.0 812.0 313.0
face 0.39 3.0 171.0 25.0 203.0
face 0.38 664.0 509.0 696.0 557.0
face 0.38 937.0 575.0 952.0 594.0
face 0.38 455.0 421.0 467.0 435.0
face 0.38 614.0 389.0 626.0 403.0
face 0.36 904.0 656.0 917.0 675.0
face 0.36 709.0 388.0 721.0 402.0
face 0.36 648.0 327.0 659.0 340.0
face 0.36 215.0 151.0 225.0 165.0
face 0.36 15.0 212.0 26.0 226.0
face 0.36 862.0 621.0 874.0 635.0
face 0.35 753.0 509.0 764.0 523.0
face 0.35 234.0 399.0 293.0 463.0
face 0.35 770.0 411.0 785.0 429.0
face 0.34 683.0 495.0 702.0 518.0
face 0.34 812.0 452.0 829.0 472.0
face 0.34 454.0 387.0 468.0 405.0
face 0.34 735.0 430.0 746.0 444.0
face 0.34 642.0 432.0 663.0 458.0
face 0.33 431.0 411.0 442.0 426.0
face 0.33 719.0 459.0 735.0 479.0
face 0.33 811.0 202.0 827.0 219.0
face 0.33 929.0 653.0 942.0 670.0
face 0.32 447.0 342.0 459.0 356.0
face 0.32 956.0 479.0 970.0 497.0
face 0.32 862.0 178.0 877.0 197.0
face 0.32 787.0 184.0 803.0 205.0
face 0.32 943.0 508.0 958.0 526.0
face 0.32 908.0 172.0 923.0 193.0
face 0.32 435.0 546.0 468.0 586.0
face 0.31 714.0 474.0 729.0 494.0
face 0.31 536.0 342.0 547.0 355.0
face 0.31 816.0 294.0 827.0 307.0
face 0.31 597.0 319.0 610.0 334.0
face 0.31 847.0 612.0 859.0 627.0
face 0.31 940.0 523.0 955.0 540.0
face 0.31 5.0 178.0 18.0 194.0
face 0.31 718.0 299.0 730.0 313.0
face 0.31 532.0 180.0 548.0 199.0
face 0.30 676.0 211.0 693.0 231.0
face 0.30 872.0 595.0 891.0 617.0
face 0.30 639.0 427.0 655.0 448.0
face 0.30 798.0 643.0 813.0 663.0
face 0.30 342.0 358.0 356.0 375.0
face 0.30 248.0 166.0 258.0 179.0
