face 0.99 871.0 269.0 885.0 286.0
face 0.98 926.0 197.0 937.0 211.0
face 0.98 650.0 118.0 660.0 132.0
face 0.97 795.0 5.0 809.0 21.0
face 0.97 379.0 94.0 390.0 107.0
face 0.96 89.0 119.0 99.0 130.0
face 0.96 701.0 78.0 712.0 91.0
face 0.94 194.0 592.0 210.0 612.0
face 0.94 203.0 453.0 216.0 471.0
face 0.94 214.0 -1.0 238.0 25.0
face 0.94 605.0 146.0 616.0 160.0
face 0.94 489.0 585.0 505.0 605.0
face 0.93 725.0 21.0 734.0 33.0
face 0.93 467.0 84.0 477.0 97.0
face 0.93 587.0 92.0 597.0 105.0
face 0.92 743.0 117.0 754.0 130.0
face 0.92 907.0 215.0 919.0 230.0
face 0.91 910.0 308.0 922.0 321.0
face 0.90 753.0 168.0 764.0 182.0
face 0.89 848.0 323.0 859.0 337.0
face 0.89 742.0 223.0 756.0 240.0
face 0.89 54.0 198.0 66.0 212.0
face 0.89 875.0 44.0 887.0 58.0
face 0.88 280.0 345.0 294.0 365.0
face 0.87 111.0 254.0 126.0 272.0
face 0.86 984.0 82.0 998.0 101.0
face 0.85 64.0 22.0 74.0 35.0
face 0.85 845.0 213.0 855.0 224.0
face 0.84 618.0 167.0 628.0 179.0
face 0.84 741.0 59.0 752.0 72.0
face 0.84 973.0 389.0 984.0 402.0
face 0.83 1008.0 349.0 1023.0 368.0
face 0.83 342.0 220.0 353.0 234.0
face 0.82 245.0 66.0 256.0 80.0
face 0.82 722.0 174.0 735.0 189.0
face 0.80 118.0 79.0 129.0 92.0
face 0.80 388.0 395.0 402.0 412.0
face 0.79 922.0 237.0 935.0 254.0
face 0.78 878.0 232.0 888.0 245.0
face 0.78 454.0 575.0 465.0 589.0
face 0.77 572.0 128.0 586.0 145.0
face 0.77 354.0 8.0 365.0 24.0
face 0.76 435.0 71.0 445.0 83.0
face 0.75 615.0 103.0 627.0 116.0
face 0.75 30.0 155.0 47.0 175.0
face 0.75 428.0 102.0 439.0 116.0
face 0.75 450.0 142.0 461.0 157.0
face 0.75 191.0 382.0 202.0 397.0
face 0.74 205.0 37.0 227.0 65.0
face 0.73 524.0 414.0 536.0 428.0
face 0.72 693.0 60.0 703.0 72.0
face 0.72 642.0 186.0 654.0 200.0
face 0.72 112.0 28.0 123.0 42.0
face 0.70 643.0 87.0 655.0 102.0
face 0.70 700.0 578.0 716.0 599.0
face 0.69 892.0 163.0 905.0 178.0
face 0.69 77.0 432.0 90.0 448.0
face 0.68 206.0 23.0 216.0 34.0
face 0.68 526.0 34.0 536.0 47.0
face 0.67 775.0 1.0 786.0 12.0
face 0.66 329.0 157.0 340.0 170.0
face 0.66 247.0 165.0 260.0 180.0
face 0.65 198.0 85.0 212.0 102.0
face 0.65 47.0 126.0 59.0 140.0
face 0.65 177.0 150.0 190.0 167.0
face 0.65 730.0 615.0 754.0 643.0
face 0.64 846.0 4.0 858.0 19.0
face 0.64 553.0 35.0 565.0 48.0
face 0.64 935.0 94.0 946.0 107.0
face 0.63 410.0 112.0 425.0 130.0
face 0.62 618.0 28.0 632.0 45.0
face 0.62 151.0 19.0 163.0 34.0
face 0.61 483.0 44.0 496.0 59.0
face 0.59 100.0 503.0 114.0 523.0
face 0.59 124.0 47.0 134.0 60.0
face 0.57 856.0 16.0 867.0 30.0
face 0.57 740.0 190.0 755.0 209.0
face 0.56 727.0 54.0 737.0 66.0
face 0.56 255.0 96.0 266.0 110.0
face 0.55 222.0 71.0 233.0 85.0
face 0.55 356.0 123.0 367.0 136.0
face 0.54 383.0 5.0 395.0 21.0
face 0.54 830.0 92.0 841.0 105.0
face 0.54 609.0 59.0 619.0 73.0
face 0.53 408.0 172.0 422.0 189.0
face 0.53 118.0 283.0 130.0 299.0
face 0.52 712.0 61.0 722.0 73.0
face 0.51 342.0 44.0 353.0 58.0
face 0.51 240.0 35.0 251.0 49.0
face 0.51 543.0 134.0 553.0 146.0
face 0.51 267.0 149.0 283.0 167.0
face 0.50 682.0 93.0 694.0 108.0
face 0.50 236.0 196.0 252.0 217.0
face 0.50 883.0 475.0 899.0 496.0
face 0.49 915.0 260.0 926.0 274.0
face 0.48 392.0 86.0 403.0 99.0
face 0.47 770.0 160.0 787.0 179.0
face 0.46 1012.0 78.0 1023.0 93.0
face 0.46 462.0 580.0 473.0 594.0
face 0.46 495.0 43.0 509.0 58.0
face 0.46 184.0 60.0 196.0 73.0
face 0.45 877.0 76.0 888.0 89.0
face 0.45 295.0 189.0 306.0 202.0
face 0.45 402.0 72.0 413.0 83.0
face 0.44 102.0 557.0 116.0 578.0
face 0.44 192.0 4.0 202.0 18.0
face 0.44 147.0 299.0 161.0 315.0
face 0.44 860.0 307.0 872.0 321.0
face 0.43 712.0 142.0 722.0 155.0
face 0.43 432.0 525.0 446.0 543.0
face 0.43 671.0 51.0 681.0 64.0
face 0.42 318.0 209.0 333.0 227.0
face 0.42 394.0 551.0 409.0 571.0
face 0.42 116.0 177.0 135.0 200.0
face 0.42 375.0 45.0 386.0 58.0
face 0.42 540.0 380.0 555.0 400.0
face 0.41 85.0 30.0 95.0 42.0
face 0.41 483.0 321.0 499.0 342.0
face 0.41 417.0 69.0 427.0 81.0
face 0.41 823.0 303.0 834.0 316.0
face 0.40 936.0 110.0 947.0 123.0
face 0.40 351.0 142.0 362.0 156.0
face 0.40 998.0 244.0 1008.0 258.0
face 0.40 926.0 60.0 937.0 72.0
face 0.40 318.0 170.0 330.0 185.0
face 0.40 790.0 522.0 804.0 539.0
face 0.40 431.0 135.0 441.0 147.0
face 0.39 175.0 234.0 186.0 249.0
face 0.39 346.0 35.0 359.0 52.0
face 0.39 259.0 22.0 271.0 37.0
face 0.39 391.0 597.0 404.0 614.0
face 0.38 597.0 485.0 610.0 500.0
face 0.38 712.0 134.0 725.0 149.0
face 0.38 799.0 498.0 813.0 515.0
face 0.38 326.0 30.0 337.0 44.0
face 0.38 279.0 14.0 290.0 27.0
face 0.38 255.0 456.0 279.0 487.0
face 0.38 381.0 62.0 391.0 74.0
face 0.38 72.0 84.0 81.0 96.0
face 0.38 309.0 50.0 323.0 66.0
face 0.38 551.0 56.0 568.0 77.0
face 0.37 667.0 132.0 682.0 151.0
face 0.37 735.0 134.0 747.0 148.0
face 0.37 356.0 221.0 368.0 236.0
face 0.37 119.0 211.0 141.0 242.0
face 0.37 611.0 512.0 627.0 532.0
face 0.37 32.0 95.0 42.0 108.0
face 0.36 293.0 139.0 308.0 160.0
face 0.36 408.0 86.0 418.0 99.0
face 0.36 743.0 21.0 754.0 33.0
face 0.36 894.0 43.0 906.0 56.0
face 0.36 979.0 19.0 993.0 35.0
face 0.36 133.0 4.0 144.0 17.0
face 0.36 414.0 102.0 424.0 116.0
face 0.36 987.0 47.0 1002.0 68.0
face 0.36 749.0 46.0 761.0 59.0
face 0.36 309.0 499.0 321.0 514.0
face 0.36 888.0 15.0 898.0 28.0
face 0.36 522.0 69.0 536.0 85.0
face 0.36 717.0 154.0 731.0 171.0
face 0.36 143.0 101.0 154.0 115.0
face 0.36 647.0 0.0 659.0 11.0
face 0.36 583.0 111.0 594.0 124.0
face 0.36 614.0 86.0 626.0 98.0
face 0.36 704.0 6.0 715.0 20.0
face 0.36 318.0 47.0 329.0 61.0
face 0.36 806.0 149.0 817.0 163.0
face 0.35 471.0 19.0 483.0 34.0
face 0.35 795.0 32.0 814.0 54.0
face 0.35 845.0 268.0 859.0 286.0
face 0.35 982.0 -1.0 997.0 15.0
face 0.35 925.0 284.0 956.0 322.0
face 0.35 244.0 30.0 255.0 44.0
face 0.35 331.0 301.0 349.0 323.0
face 0.35 373.0 159.0 383.0 172.0
face 0.35 398.0 191.0 409.0 204.0
face 0.35 30.0 105.0 43.0 123.0
face 0.35 790.0 178.0 813.0 208.0
face 0.34 477.0 125.0 490.0 140.0
face 0.34 146.0 4.0 165.0 25.0
face 0.34 758.0 249.0 773.0 267.0
face 0.34 277.0 451.0 292.0 473.0
face 0.34 629.0 575.0 645.0 596.0
face 0.34 844.0 354.0 860.0 372.0
face 0.34 550.0 22.0 562.0 36.0
face 0.34 671.0 118.0 685.0 133.0
face 0.34 445.0 445.0 460.0 464.0
face 0.34 949.0 165.0 960.0 177.0
face 0.34 688.0 21.0 698.0 34.0
face 0.34 514.0 491.0 531.0 513.0
face 0.34 277.0 404.0 289.0 418.0
face 0.34 684.0 427.0 697.0 443.0
face 0.33 436.0 209.0 450.0 228.0
face 0.33 708.0 12.0 719.0 26.0
face 0.33 625.0 188.0 635.0 200.0
face 0.33 855.0 61.0 865.0 74.0
face 0.33 946.0 348.0 958.0 363.0
face 0.33 392.0 167.0 403.0 180.0
face 0.33 964.0 566.0 982.0 588.0
face 0.33 836.0 291.0 850.0 308.0
face 0.33 711.0 527.0 722.0 541.0
face 0.33 686.0 77.0 697.0 90.0
face 0.33 23.0 67.0 34.0 81.0
face 0.32 686.0 86.0 697.0 100.0
face 0.32 758.0 595.0 771.0 610.0
face 0.32 319.0 28.0 331.0 42.0
face 0.32 930.0 492.0 946.0 511.0
face 0.32 936.0 253.0 947.0 267.0
face 0.32 144.0 79.0 154.0 92.0
face 0.32 942.0 144.0 953.0 157.0
face 0.32 397.0 92.0 409.0 105.0
face 0.32 367.0 6.0 378.0 19.0
face 0.32 614.0 131.0 630.0 150.0
face 0.32 206.0 501.0 218.0 516.0
face 0.32 829.0 78.0 843.0 95.0
face 0.32 728.0 243.0 741.0 259.0
face 0.32 479.0 104.0 493.0 121.0
face 0.32 959.0 1.0 970.0 13.0
face 0.32 747.0 474.0 765.0 495.0
face 0.32 560.0 353.0 575.0 372.0
face 0.32 678.0 69.0 689.0 82.0
face 0.32 952.0 219.0 971.0 241.0
face 0.32 373.0 77.0 385.0 90.0
face 0.32 934.0 166.0 945.0 178.0
face 0.32 817.0 220.0 828.0 233.0
face 0.32 494.0 31.0 505.0 44.0
face 0.32 358.0 60.0 369.0 74.0
face 0.31 748.0 147.0 762.0 163.0
face 0.31 430.0 86.0 441.0 99.0
face 0.31 829.0 212.0 840.0 226.0
face 0.31 943.0 181.0 954.0 195.0
face 0.31 551.0 87.0 562.0 100.0
face 0.31 459.0 27.0 476.0 45.0
face 0.31 845.0 54.0 857.0 69.0
face 0.31 391.0 589.0 404.0 604.0
face 0.31 317.0 141.0 328.0 155.0
face 0.31 564.0 626.0 579.0 648.0
face 0.31 718.0 165.0 731.0 181.0
face 0.31 292.0 71.0 308.0 93.0
face 0.31 118.0 60.0 130.0 74.0
face 0.31 632.0 37.0 642.0 50.0
face 0.31 470.0 142.0 481.0 154.0
face 0.31 941.0 246.0 952.0 260.0
face 0.31 759.0 20.0 769.0 34.0
face 0.31 751.0 14.0 761.0 27.0
face 0.31 317.0 36.0 332.0 54.0
face 0.31 638.0 37.0 649.0 50.0
face 0.31 111.0 62.0 122.0 74.0
face 0.31 734.0 588.0 746.0 602.0
face 0.31 703.0 173.0 715.0 188.0
face 0.31 916.0 327.0 929.0 342.0
face 0.31 375.0 583.0 387.0 597.0
face 0.31 53.0 103.0 64.0 115.0
face 0.31 735.0 53.0 746.0 66.0
face 0.31 72.0 110.0 82.0 122.0
face 0.31 591.0 158.0 602.0 170.0
face 0.31 445.0 92.0 456.0 106.0
face 0.30 854.0 222.0 865.0 235.0
face 0.30 502.0 484.0 516.0 503.0
face 0.30 717.0 61.0 728.0 73.0
face 0.30 830.0 237.0 844.0 254.0
face 0.30 774.0 62.0 785.0 75.0
face 0.30 687.0 54.0 698.0 67.0
face 0.30 880.0 483.0 892.0 498.0
face 0.30 960.0 470.0 971.0 483.0
face 0.30 294.0 445.0 306.0 460.0
face 0.30 623.0 14.0 634.0 27.0
face 0.30 758.0 236.0 769.0 250.0
face 0.30 551.0 544.0 567.0 564.0
face 0.30 863.0 526.0 876.0 542.0
face 0.30 744.0 29.0 755.0 41.0
face 0.30 709.0 21.0 720.0 33.0
face 0.30 192.0 21.0 202.0 33.0
face 0.30 102.0 61.0 113.0 73.0
face 0.30 741.0 181.0 767.0 213.0
face 0.30 653.0 39.0 664.0 51.0
