face 1.00 923.0 422.0 969.0 482.0
face 1.00 38.0 461.0 97.0 529.0
face 1.00 503.0 402.0 610.0 587.0
face 1.00 227.0 454.0 277.0 525.0
face 1.00 980.0 419.0 997.0 439.0
face 1.00 259.0 470.0 303.0 530.0
face 0.95 136.0 465.0 157.0 489.0
face 0.90 96.0 467.0 112.0 487.0
face 0.61 358.0 460.0 370.0 476.0
face 0.49 179.0 615.0 236.0 686.0
face 0.49 903.0 436.0 918.0 455.0
face 0.49 484.0 318.0 503.0 343.0
face 0.49 973.0 196.0 1021.0 265.0
face 0.46 1010.0 420.0 1023.0 439.0
face 0.46 743.0 227.0 756.0 242.0
face 0.44 872.0 322.0 885.0 338.0
face 0.42 781.0 238.0 799.0 262.0
face 0.38 719.0 674.0 749.0 718.0
face 0.36 1011.0 432.0 1024.0 454.0
face 0.35 747.0 319.0 762.0 337.0
face 0.34 998.0 459.0 1010.0 474.0
face 0.34 894.0 446.0 904.0 460.0
face 0.34 638.0 445.0 650.0 459.0
face 0.33 107.0 466.0 124.0 486.0
face 0.32 997.0 214.0 1012.0 233.0
face 0.31 872.0 293.0 886.0 310.0
face 0.31 -1.0 660.0 23.0 710.0
face 0.31 782.0 470.0 794.0 484.0
face 0.30 382.0 350.0 407.0 392.0
face 0.30 559.0 219.0 609.0 280.0
face 0.30 653.0 535.0 665.0 549.0
