face 1.00 663.0 1053.0 741.0 1154.0
face 1.00 152.0 804.0 235.0 908.0
face 1.00 813.0 652.0 880.0 740.0
face 1.00 476.0 752.0 549.0 862.0
face 1.00 503.0 660.0 568.0 740.0
face 1.00 453.0 1121.0 523.0 1217.0
face 1.00 900.0 1121.0 991.0 1234.0
face 1.00 547.0 256.0 642.0 414.0
face 1.00 582.0 864.0 628.0 924.0
face 1.00 373.0 270.0 475.0 426.0
face 1.00 374.0 587.0 433.0 660.0
face 1.00 628.0 118.0 733.0 237.0
face 1.00 17.0 404.0 115.0 533.0
face 1.00 390.0 803.0 456.0 883.0
face 0.84 604.0 636.0 668.0 713.0
face 0.79 688.0 473.0 728.0 551.0
face 0.79 869.0 1041.0 903.0 1085.0
face 0.78 673.0 853.0 715.0 911.0
face 0.72 632.0 678.0 694.0 752.0
face 0.55 890.0 617.0 917.0 647.0
face 0.53 211.0 150.0 313.0 276.0
face 0.43 34.0 831.0 78.0 888.0
face 0.41 497.0 15.0 560.0 86.0
face 0.40 436.0 315.0 455.0 336.0
face 0.40 697.0 722.0 721.0 757.0
face 0.39 120.0 522.0 165.0 585.0
face 0.38 539.0 1041.0 574.0 1084.0
face 0.37 610.0 299.0 629.0 320.0
face 0.36 313.0 723.0 332.0 744.0
face 0.36 864.0 1113.0 879.0 1134.0
face 0.35 941.0 228.0 953.0 242.0
face 0.34 614.0 472.0 714.0 585.0
face 0.33 748.0 -4.0 781.0 25.0
face 0.31 196.0 447.0 226.0 485.0
face 0.31 1010.0 578.0 1024.0 598.0
face 0.31 210.0 1065.0 228.0 1087.0
face 0.31 197.0 1059.0 209.0 1073.0
face 0.30 851.0 1141.0 931.0 1242.0
face 0.30 797.0 272.0 824.0 308.0
face 0.30 184.0 461.0 236.0 524.0
