face 1.00 211.0 146.0 246.0 192.0
face 1.00 492.0 164.0 525.0 209.0
face 1.00 781.0 148.0 812.0 189.0
face 1.00 586.0 131.0 622.0 182.0
face 1.00 78.0 137.0 113.0 186.0
face 1.00 355.0 140.0 392.0 186.0
face 1.00 896.0 255.0 927.0 300.0
face 1.00 664.0 180.0 694.0 224.0
face 1.00 276.0 145.0 307.0 183.0
face 1.00 943.0 169.0 973.0 206.0
face 1.00 822.0 121.0 861.0 169.0
face 1.00 526.0 153.0 557.0 190.0
face 1.00 146.0 134.0 178.0 171.0
face 1.00 483.0 305.0 536.0 373.0
face 1.00 920.0 171.0 945.0 203.0
face 0.99 444.0 80.0 465.0 104.0
face 0.99 929.0 216.0 952.0 244.0
face 0.99 466.0 152.0 490.0 188.0
face 0.96 107.0 118.0 135.0 150.0
face 0.94 757.0 145.0 785.0 181.0
face 0.93 384.0 121.0 413.0 160.0
face 0.91 107.0 155.0 125.0 179.0
face 0.88 2.0 125.0 27.0 166.0
face 0.87 261.0 134.0 280.0 160.0
face 0.86 270.0 211.0 306.0 247.0
face 0.77 644.0 151.0 665.0 181.0
face 0.73 723.0 171.0 741.0 193.0
face 0.65 989.0 239.0 1005.0 258.0
face 0.61 485.0 133.0 515.0 167.0
face 0.59 116.0 170.0 131.0 188.0
face 0.58 934.0 151.0 957.0 179.0
face 0.49 128.0 219.0 145.0 239.0
face 0.46 371.0 129.0 401.0 171.0
face 0.40 835.0 331.0 850.0 348.0
face 0.39 832.0 412.0 858.0 442.0
face 0.39 136.0 150.0 146.0 163.0
face 0.37 447.0 206.0 459.0 221.0
face 0.36 670.0 122.0 681.0 138.0
face 0.34 579.0 128.0 596.0 151.0
face 0.33 757.0 190.0 769.0 204.0
face 0.33 844.0 328.0 860.0 349.0
face 0.33 82.0 130.0 102.0 154.0
face 0.33 27.0 144.0 44.0 167.0
face 0.32 290.0 194.0 305.0 214.0
face 0.31 1007.0 182.0 1018.0 195.0
face 0.31 966.0 148.0 978.0 163.0
face 0.31 285.0 119.0 300.0 137.0
face 0.31 555.0 179.0 571.0 200.0
face 0.30 620.0 147.0 632.0 162.0
face 0.30 276.0 140.0 290.0 156.0
face 0.30 57.0 59.0 79.0 84.0
