face 1.00 11.0 373.0 98.0 498.0
face 1.00 903.0 275.0 935.0 314.0
face 1.00 236.0 297.0 307.0 398.0
face 1.00 395.0 277.0 423.0 314.0
face 1.00 652.0 275.0 687.0 324.0
face 1.00 756.0 272.0 794.0 318.0
face 1.00 425.0 314.0 472.0 385.0
face 0.99 312.0 291.0 361.0 381.0
face 0.99 934.0 267.0 956.0 300.0
face 0.98 716.0 283.0 729.0 299.0
face 0.96 195.0 280.0 237.0 330.0
face 0.94 789.0 278.0 817.0 321.0
face 0.92 -1.0 306.0 25.0 353.0
face 0.76 572.0 558.0 589.0 581.0
face 0.75 804.0 330.0 819.0 348.0
face 0.75 565.0 322.0 599.0 363.0
face 0.57 842.0 276.0 869.0 305.0
face 0.53 121.0 353.0 145.0 382.0
face 0.52 637.0 159.0 653.0 179.0
face 0.47 1007.0 286.0 1019.0 301.0
face 0.46 735.0 277.0 751.0 295.0
face 0.44 366.0 36.0 380.0 54.0
face 0.42 363.0 275.0 392.0 310.0
face 0.42 701.0 301.0 717.0 321.0
face 0.41 964.0 296.0 983.0 320.0
face 0.41 374.0 404.0 441.0 475.0
face 0.40 615.0 292.0 648.0 332.0
face 0.39 466.0 280.0 483.0 302.0
face 0.38 369.0 7.0 387.0 30.0
face 0.38 675.0 586.0 697.0 614.0
face 0.36 793.0 301.0 810.0 324.0
face 0.36 470.0 174.0 483.0 189.0
face 0.35 476.0 278.0 505.0 314.0
face 0.34 788.0 345.0 805.0 368.0
face 0.32 573.0 307.0 603.0 341.0
face 0.31 917.0 498.0 947.0 537.0
face 0.31 164.0 36.0 177.0 54.0
face 0.30 61.0 307.0 79.0 328.0
