face 1.00 663.0 95.0 740.0 178.0
face 0.92 279.0 158.0 433.0 360.0
face 0.83 451.0 366.0 644.0 611.0
face 0.81 6.0 496.0 90.0 610.0
face 0.55 914.0 464.0 1025.0 623.0
face 0.54 17.0 549.0 55.0 590.0
face 0.48 460.0 132.0 478.0 155.0
face 0.43 446.0 691.0 468.0 718.0
face 0.41 322.0 660.0 341.0 683.0
face 0.39 225.0 605.0 251.0 642.0
face 0.38 447.0 119.0 486.0 174.0
face 0.34 188.0 417.0 220.0 455.0
face 0.34 646.0 96.0 661.0 119.0
face 0.33 225.0 576.0 389.0 765.0
face 0.32 410.0 174.0 496.0 306.0
face 0.31 409.0 441.0 428.0 462.0
face 0.31 61.0 562.0 85.0 592.0
