face 1.00 153.0 186.0 192.0 236.0
face 1.00 514.0 196.0 548.0 236.0
face 0.92 643.0 153.0 674.0 201.0
face 0.91 54.0 318.0 67.0 334.0
face 0.90 4.0 318.0 16.0 333.0
face 0.64 977.0 190.0 997.0 213.0
face 0.59 101.0 316.0 114.0 332.0
face 0.50 0.0 252.0 15.0 272.0
face 0.48 844.0 161.0 865.0 196.0
face 0.45 46.0 372.0 61.0 391.0
face 0.43 96.0 421.0 108.0 435.0
face 0.37 48.0 317.0 60.0 331.0
face 0.35 802.0 178.0 817.0 196.0
face 0.35 670.0 458.0 686.0 476.0
face 0.32 691.0 363.0 706.0 380.0
face 0.32 242.0 393.0 262.0 418.0
face 0.32 974.0 288.0 1003.0 323.0
