face 1.00 656.0 116.0 702.0 177.0
face 1.00 221.0 158.0 263.0 211.0
face 1.00 572.0 296.0 619.0 357.0
face 1.00 445.0 304.0 489.0 361.0
face 1.00 760.0 226.0 810.0 292.0
face 1.00 103.0 251.0 153.0 316.0
face 1.00 307.0 287.0 362.0 352.0
face 1.00 359.0 66.0 405.0 125.0
face 1.00 99.0 104.0 144.0 162.0
face 1.00 797.0 100.0 843.0 158.0
face 1.00 599.0 379.0 645.0 438.0
face 1.00 499.0 84.0 540.0 136.0
face 0.99 441.0 410.0 459.0 432.0
face 0.76 530.0 292.0 558.0 328.0
face 0.51 433.0 648.0 457.0 674.0
face 0.40 612.0 679.0 623.0 691.0
face 0.37 569.0 489.0 597.0 524.0
face 0.37 164.0 460.0 182.0 481.0
face 0.37 471.0 23.0 482.0 35.0
face 0.37 801.0 661.0 821.0 693.0
face 0.33 523.0 655.0 539.0 676.0
face 0.32 582.0 410.0 596.0 429.0
face 0.31 437.0 563.0 464.0 595.0
face 0.30 551.0 502.0 576.0 537.0
