face 1.00 363.0 128.0 403.0 178.0
face 1.00 766.0 146.0 808.0 199.0
face 1.00 239.0 133.0 279.0 187.0
face 1.00 856.0 103.0 899.0 154.0
face 1.00 618.0 181.0 650.0 223.0
face 1.00 30.0 88.0 78.0 144.0
face 1.00 699.0 165.0 733.0 208.0
face 1.00 146.0 162.0 184.0 206.0
face 1.00 525.0 195.0 554.0 234.0
face 0.99 447.0 169.0 482.0 212.0
face 0.94 831.0 172.0 857.0 206.0
face 0.83 936.0 325.0 961.0 354.0
face 0.77 275.0 186.0 290.0 205.0
face 0.77 666.0 213.0 687.0 242.0
face 0.70 413.0 327.0 426.0 345.0
face 0.60 411.0 304.0 427.0 321.0
face 0.53 98.0 178.0 113.0 197.0
face 0.51 263.0 566.0 277.0 583.0
face 0.50 349.0 189.0 360.0 203.0
face 0.43 362.0 327.0 379.0 348.0
face 0.43 343.0 305.0 387.0 360.0
face 0.42 987.0 255.0 1006.0 281.0
face 0.42 428.0 280.0 442.0 300.0
face 0.41 44.0 292.0 75.0 331.0
face 0.38 0.0 621.0 25.0 656.0
face 0.37 807.0 207.0 819.0 221.0
face 0.34 2.0 290.0 46.0 350.0
face 0.34 244.0 648.0 261.0 668.0
face 0.33 257.0 251.0 272.0 268.0
face 0.33 832.0 147.0 852.0 169.0
face 0.33 426.0 335.0 452.0 371.0
face 0.32 919.0 107.0 931.0 122.0
face 0.32 262.0 667.0 275.0 682.0
face 0.31 355.0 299.0 373.0 322.0
face 0.31 844.0 155.0 862.0 173.0
face 0.31 62.0 300.0 102.0 352.0
