face 1.00 866.0 205.0 904.0 255.0
face 1.00 627.0 170.0 663.0 216.0
face 1.00 241.0 216.0 281.0 269.0
face 1.00 538.0 167.0 572.0 216.0
face 1.00 559.0 307.0 595.0 352.0
face 1.00 716.0 139.0 751.0 187.0
face 1.00 838.0 149.0 872.0 198.0
face 1.00 442.0 243.0 481.0 292.0
face 1.00 335.0 129.0 371.0 176.0
face 1.00 108.0 103.0 146.0 154.0
face 1.00 415.0 137.0 450.0 185.0
face 1.00 307.0 174.0 343.0 220.0
face 1.00 240.0 125.0 274.0 171.0
face 1.00 446.0 167.0 483.0 214.0
face 1.00 190.0 164.0 232.0 217.0
face 1.00 761.0 186.0 798.0 233.0
face 1.00 644.0 305.0 678.0 348.0
face 1.00 629.0 385.0 661.0 424.0
face 1.00 514.0 135.0 548.0 178.0
face 1.00 621.0 128.0 654.0 172.0
face 0.99 723.0 235.0 752.0 270.0
face 0.94 365.0 205.0 395.0 242.0
face 0.55 968.0 109.0 980.0 122.0
face 0.52 620.0 0.0 653.0 30.0
face 0.52 417.0 619.0 432.0 637.0
face 0.38 733.0 303.0 780.0 356.0
face 0.35 678.0 441.0 691.0 457.0
face 0.33 721.0 307.0 749.0 341.0
face 0.33 342.0 -1.0 373.0 27.0
face 0.32 338.0 0.0 387.0 58.0
face 0.31 645.0 460.0 660.0 479.0
face 0.31 535.0 598.0 545.0 611.0
