face 1.00 235.0 448.0 307.0 542.0
face 1.00 721.0 386.0 791.0 491.0
face 1.00 146.0 171.0 213.0 257.0
face 1.00 481.0 413.0 552.0 507.0
face 1.00 864.0 193.0 933.0 284.0
face 1.00 332.0 179.0 396.0 264.0
face 1.00 565.0 218.0 631.0 304.0
face 1.00 772.0 126.0 845.0 218.0
face 1.00 647.0 128.0 714.0 232.0
face 1.00 455.0 186.0 519.0 267.0
face 0.75 668.0 716.0 693.0 748.0
face 0.40 299.0 755.0 313.0 769.0
face 0.34 761.0 413.0 788.0 448.0
face 0.33 726.0 411.0 754.0 444.0
face 0.31 738.0 718.0 761.0 748.0
face 0.31 345.0 732.0 361.0 750.0
face 0.30 249.0 597.0 263.0 612.0
