face 1.00 469.0 318.0 499.0 358.0
face 1.00 455.0 397.0 488.0 439.0
face 1.00 635.0 339.0 663.0 374.0
face 1.00 326.0 288.0 354.0 325.0
face 1.00 592.0 410.0 629.0 456.0
face 1.00 165.0 297.0 199.0 338.0
face 1.00 86.0 330.0 123.0 374.0
face 1.00 697.0 402.0 733.0 445.0
face 1.00 352.0 447.0 388.0 491.0
face 1.00 554.0 379.0 593.0 424.0
face 1.00 217.0 334.0 252.0 376.0
face 1.00 770.0 344.0 799.0 379.0
face 1.00 743.0 387.0 773.0 427.0
face 1.00 359.0 331.0 389.0 370.0
face 1.00 899.0 333.0 934.0 379.0
face 1.00 436.0 306.0 464.0 341.0
face 1.00 549.0 340.0 575.0 373.0
face 1.00 829.0 344.0 864.0 385.0
face 1.00 251.0 306.0 283.0 349.0
face 1.00 262.0 400.0 296.0 444.0
face 1.00 792.0 408.0 832.0 454.0
face 1.00 663.0 309.0 691.0 344.0
face 1.00 122.0 297.0 156.0 341.0
face 0.40 706.0 537.0 753.0 591.0
