face 1.00 902.0 491.0 988.0 594.0
face 1.00 539.0 169.0 639.0 315.0
face 1.00 115.0 624.0 191.0 728.0
face 1.00 391.0 360.0 419.0 394.0
face 0.99 843.0 363.0 861.0 384.0
face 0.88 390.0 731.0 429.0 796.0
face 0.86 352.0 345.0 364.0 361.0
face 0.80 519.0 508.0 636.0 661.0
face 0.74 432.0 350.0 444.0 365.0
face 0.51 567.0 1154.0 587.0 1174.0
face 0.48 379.0 505.0 429.0 572.0
face 0.42 876.0 475.0 898.0 502.0
face 0.40 371.0 648.0 386.0 669.0
face 0.39 61.0 311.0 75.0 329.0
face 0.38 232.0 333.0 243.0 346.0
face 0.37 404.0 1276.0 423.0 1298.0
face 0.37 954.0 295.0 970.0 317.0
face 0.36 133.0 331.0 148.0 350.0
face 0.34 425.0 1180.0 441.0 1200.0
face 0.33 190.0 334.0 201.0 348.0
face 0.32 595.0 295.0 646.0 356.0
face 0.32 -4.0 794.0 32.0 849.0
face 0.30 437.0 421.0 449.0 436.0
