face 1.00 337.0 239.0 382.0 302.0
face 1.00 778.0 257.0 821.0 312.0
face 1.00 542.0 321.0 586.0 378.0
face 1.00 655.0 192.0 693.0 240.0
face 1.00 236.0 292.0 281.0 346.0
face 1.00 525.0 182.0 577.0 246.0
face 1.00 476.0 290.0 517.0 340.0
face 0.89 283.0 148.0 305.0 176.0
face 0.66 566.0 30.0 578.0 46.0
face 0.57 37.0 608.0 55.0 628.0
face 0.56 23.0 135.0 35.0 150.0
face 0.55 2.0 131.0 15.0 152.0
face 0.49 709.0 402.0 746.0 452.0
face 0.49 747.0 109.0 763.0 127.0
face 0.48 639.0 28.0 650.0 42.0
face 0.48 372.0 181.0 404.0 224.0
face 0.48 252.0 633.0 280.0 666.0
face 0.45 854.0 620.0 871.0 639.0
face 0.44 782.0 632.0 794.0 646.0
face 0.43 606.0 109.0 632.0 141.0
face 0.43 128.0 590.0 139.0 604.0
face 0.43 931.0 618.0 948.0 637.0
face 0.43 742.0 46.0 757.0 65.0
face 0.43 352.0 163.0 365.0 180.0
face 0.42 845.0 588.0 856.0 600.0
face 0.41 1.0 503.0 12.0 519.0
face 0.40 987.0 587.0 1001.0 603.0
face 0.40 973.0 580.0 984.0 593.0
face 0.40 359.0 114.0 374.0 132.0
face 0.40 996.0 602.0 1012.0 621.0
face 0.39 645.0 37.0 657.0 52.0
face 0.38 798.0 596.0 813.0 615.0
face 0.38 166.0 343.0 194.0 376.0
face 0.37 35.0 172.0 54.0 193.0
face 0.37 784.0 597.0 795.0 610.0
face 0.37 597.0 58.0 614.0 79.0
face 0.37 546.0 29.0 563.0 50.0
face 0.37 477.0 -1.0 509.0 31.0
face 0.36 717.0 239.0 742.0 268.0
face 0.36 887.0 535.0 898.0 548.0
face 0.36 53.0 555.0 64.0 569.0
face 0.36 1007.0 30.0 1018.0 43.0
face 0.35 892.0 710.0 907.0 726.0
face 0.35 807.0 631.0 819.0 644.0
face 0.35 133.0 492.0 145.0 506.0
face 0.35 144.0 332.0 197.0 390.0
face 0.34 294.0 226.0 311.0 246.0
face 0.34 48.0 688.0 59.0 701.0
face 0.34 659.0 42.0 675.0 61.0
face 0.34 992.0 605.0 1003.0 618.0
face 0.34 724.0 88.0 754.0 122.0
face 0.34 574.0 13.0 585.0 26.0
face 0.34 330.0 165.0 355.0 194.0
face 0.33 588.0 75.0 602.0 93.0
face 0.33 12.0 694.0 24.0 707.0
face 0.33 291.0 294.0 308.0 317.0
face 0.33 619.0 100.0 637.0 120.0
face 0.33 445.0 1.0 473.0 31.0
face 0.32 784.0 614.0 795.0 627.0
face 0.32 972.0 612.0 987.0 628.0
face 0.32 759.0 182.0 783.0 212.0
face 0.32 693.0 19.0 705.0 34.0
face 0.32 1006.0 616.0 1020.0 635.0
face 0.31 334.0 164.0 347.0 180.0
face 0.31 627.0 51.0 642.0 68.0
face 0.31 1006.0 83.0 1024.0 112.0
face 0.31 674.0 20.0 690.0 40.0
face 0.31 395.0 210.0 410.0 231.0
face 0.31 307.0 145.0 326.0 168.0
face 0.31 89.0 251.0 107.0 272.0
face 0.31 717.0 108.0 732.0 127.0
face 0.31 975.0 717.0 987.0 729.0
face 0.31 628.0 105.0 643.0 124.0
face 0.31 670.0 36.0 682.0 52.0
face 0.31 961.0 710.0 973.0 725.0
face 0.31 910.0 621.0 924.0 638.0
face 0.31 998.0 588.0 1014.0 605.0
face 0.30 581.0 29.0 595.0 46.0
face 0.30 270.0 437.0 295.0 467.0
face 0.30 594.0 109.0 610.0 127.0
face 0.30 29.0 503.0 41.0 517.0
face 0.30 823.0 604.0 835.0 619.0
face 0.30 965.0 606.0 978.0 619.0
face 0.30 607.0 124.0 619.0 138.0
face 0.30 955.0 626.0 973.0 648.0
