face 1.00 638.0 1259.0 653.0 1278.0
face 1.00 160.0 1267.0 173.0 1284.0
face 1.00 141.0 1278.0 156.0 1296.0
face 1.00 64.0 1224.0 78.0 1243.0
face 1.00 764.0 1195.0 778.0 1214.0
face 1.00 2.0 1185.0 18.0 1207.0
face 1.00 80.0 1226.0 93.0 1244.0
face 1.00 772.0 1315.0 789.0 1336.0
face 1.00 75.0 1274.0 90.0 1292.0
face 1.00 593.0 1160.0 610.0 1181.0
face 1.00 18.0 1166.0 31.0 1183.0
face 0.99 727.0 1176.0 741.0 1194.0
face 0.99 77.0 1326.0 91.0 1343.0
face 0.99 702.0 1290.0 718.0 1311.0
face 0.99 752.0 1317.0 769.0 1335.0
face 0.99 727.0 1274.0 741.0 1293.0
face 0.99 917.0 1133.0 930.0 1150.0
face 0.99 874.0 1328.0 891.0 1348.0
face 0.99 684.0 1269.0 697.0 1286.0
face 0.99 572.0 1202.0 587.0 1219.0
face 0.99 537.0 1284.0 552.0 1302.0
face 0.99 645.0 1150.0 657.0 1165.0
face 0.99 772.0 1222.0 788.0 1243.0
face 0.99 898.0 1205.0 914.0 1226.0
face 0.99 591.0 1206.0 606.0 1225.0
face 0.98 601.0 1265.0 615.0 1283.0
face 0.98 158.0 1087.0 170.0 1101.0
face 0.98 145.0 1149.0 160.0 1168.0
face 0.98 164.0 1200.0 182.0 1221.0
face 0.98 670.0 1289.0 685.0 1308.0
face 0.98 743.0 1193.0 755.0 1209.0
face 0.98 38.0 1281.0 54.0 1300.0
face 0.98 838.0 1055.0 850.0 1070.0
face 0.98 47.0 1210.0 61.0 1229.0
face 0.98 653.0 1194.0 666.0 1209.0
face 0.97 630.0 926.0 640.0 939.0
face 0.97 698.0 1320.0 713.0 1338.0
face 0.97 58.0 1267.0 72.0 1285.0
face 0.97 663.0 1259.0 677.0 1275.0
face 0.96 901.0 1326.0 919.0 1349.0
face 0.96 204.0 982.0 216.0 996.0
face 0.96 61.0 964.0 74.0 978.0
face 0.95 799.0 1284.0 815.0 1306.0
face 0.95 149.0 1115.0 161.0 1129.0
face 0.95 199.0 1126.0 212.0 1141.0
face 0.95 866.0 1172.0 880.0 1190.0
face 0.94 829.0 1089.0 844.0 1106.0
face 0.94 103.0 1331.0 119.0 1351.0
face 0.94 448.0 1006.0 460.0 1021.0
face 0.93 251.0 1322.0 266.0 1341.0
face 0.93 567.0 964.0 578.0 978.0
face 0.93 316.0 1163.0 330.0 1181.0
face 0.93 768.0 1276.0 783.0 1294.0
face 0.92 139.0 1173.0 154.0 1192.0
face 0.91 625.0 1333.0 640.0 1352.0
face 0.90 873.0 901.0 883.0 914.0
face 0.90 46.0 1235.0 62.0 1253.0
face 0.88 270.0 945.0 283.0 962.0
face 0.88 700.0 1191.0 714.0 1208.0
face 0.88 254.0 986.0 266.0 1000.0
face 0.87 708.0 1215.0 723.0 1233.0
face 0.87 96.0 1165.0 112.0 1186.0
face 0.87 655.0 1062.0 667.0 1078.0
face 0.87 118.0 1191.0 130.0 1205.0
face 0.87 35.0 1073.0 48.0 1088.0
face 0.86 646.0 996.0 660.0 1012.0
face 0.86 110.0 1054.0 123.0 1071.0
face 0.86 663.0 940.0 674.0 954.0
face 0.86 228.0 1053.0 241.0 1068.0
face 0.85 724.0 1339.0 739.0 1359.0
face 0.84 673.0 1224.0 686.0 1243.0
face 0.83 187.0 1148.0 202.0 1166.0
face 0.83 275.0 1186.0 290.0 1203.0
face 0.83 746.0 949.0 757.0 963.0
face 0.82 285.0 892.0 296.0 905.0
face 0.82 793.0 1013.0 804.0 1026.0
face 0.82 613.0 958.0 624.0 970.0
face 0.82 618.0 974.0 632.0 991.0
face 0.82 857.0 1222.0 870.0 1239.0
face 0.82 541.0 863.0 552.0 876.0
face 0.81 686.0 1102.0 698.0 1117.0
face 0.80 943.0 1157.0 954.0 1171.0
face 0.80 631.0 982.0 643.0 997.0
face 0.79 605.0 991.0 616.0 1003.0
face 0.79 655.0 1307.0 671.0 1328.0
face 0.79 277.0 854.0 287.0 866.0
face 0.78 629.0 1024.0 640.0 1037.0
face 0.78 668.0 848.0 681.0 864.0
face 0.78 702.0 1344.0 716.0 1359.0
face 0.78 668.0 1140.0 683.0 1158.0
face 0.77 70.0 957.0 81.0 972.0
face 0.77 649.0 844.0 659.0 858.0
face 0.76 92.0 1093.0 105.0 1109.0
face 0.76 257.0 1025.0 273.0 1045.0
face 0.76 247.0 1144.0 259.0 1158.0
face 0.75 109.0 1256.0 123.0 1273.0
face 0.75 326.0 828.0 336.0 841.0
face 0.75 630.0 1235.0 644.0 1253.0
face 0.75 178.0 1014.0 189.0 1028.0
face 0.75 642.0 1174.0 655.0 1189.0
face 0.75 703.0 1263.0 717.0 1280.0
face 0.73 120.0 1046.0 131.0 1060.0
face 0.73 749.0 913.0 760.0 925.0
face 0.72 127.0 1228.0 138.0 1242.0
face 0.72 206.0 1054.0 220.0 1069.0
face 0.71 101.0 899.0 112.0 912.0
face 0.71 607.0 1043.0 618.0 1057.0
face 0.71 623.0 1192.0 637.0 1209.0
face 0.71 20.0 1104.0 35.0 1121.0
face 0.71 286.0 872.0 297.0 885.0
face 0.71 829.0 948.0 839.0 961.0
face 0.70 361.0 992.0 376.0 1010.0
face 0.70 253.0 943.0 264.0 957.0
face 0.69 254.0 851.0 265.0 864.0
face 0.69 155.0 1185.0 171.0 1205.0
face 0.68 61.0 843.0 72.0 856.0
face 0.68 304.0 1218.0 317.0 1235.0
face 0.68 110.0 1231.0 127.0 1250.0
face 0.68 198.0 448.0 208.0 461.0
face 0.67 801.0 871.0 810.0 883.0
face 0.67 380.0 1297.0 395.0 1316.0
face 0.67 616.0 934.0 627.0 947.0
face 0.67 742.0 901.0 754.0 915.0
face 0.66 240.0 1000.0 253.0 1015.0
face 0.66 124.0 1097.0 138.0 1113.0
face 0.66 216.0 973.0 227.0 987.0
face 0.66 94.0 1070.0 106.0 1085.0
face 0.66 177.0 981.0 188.0 994.0
face 0.65 4.0 1252.0 15.0 1266.0
face 0.65 118.0 925.0 129.0 938.0
face 0.65 265.0 887.0 277.0 902.0
face 0.65 166.0 1053.0 178.0 1067.0
face 0.64 102.0 1016.0 113.0 1030.0
face 0.64 70.0 1028.0 82.0 1042.0
face 0.63 219.0 1124.0 229.0 1137.0
face 0.63 93.0 1286.0 110.0 1305.0
face 0.63 663.0 1155.0 677.0 1173.0
face 0.63 608.0 1028.0 623.0 1048.0
face 0.63 427.0 700.0 442.0 718.0
face 0.63 821.0 943.0 833.0 957.0
face 0.63 599.0 948.0 609.0 960.0
face 0.62 343.0 1134.0 354.0 1148.0
face 0.62 39.0 1097.0 51.0 1113.0
face 0.62 76.0 1254.0 89.0 1270.0
face 0.62 118.0 1014.0 130.0 1028.0
face 0.62 393.0 676.0 406.0 690.0
face 0.62 27.0 1338.0 42.0 1357.0
face 0.62 107.0 1206.0 124.0 1228.0
face 0.61 230.0 844.0 241.0 856.0
face 0.61 686.0 997.0 701.0 1014.0
face 0.61 687.0 1051.0 700.0 1066.0
face 0.61 674.0 931.0 692.0 953.0
face 0.60 590.0 1054.0 601.0 1069.0
face 0.60 142.0 869.0 152.0 882.0
face 0.60 646.0 1046.0 659.0 1062.0
face 0.60 647.0 888.0 657.0 899.0
face 0.59 585.0 1002.0 596.0 1015.0
face 0.59 282.0 1223.0 300.0 1244.0
face 0.59 391.0 696.0 404.0 711.0
face 0.59 678.0 1205.0 690.0 1218.0
face 0.59 159.0 1068.0 172.0 1083.0
face 0.58 170.0 1036.0 184.0 1054.0
face 0.57 827.0 1000.0 840.0 1016.0
face 0.57 256.0 917.0 267.0 931.0
face 0.57 310.0 836.0 321.0 849.0
face 0.57 600.0 989.0 611.0 1002.0
face 0.57 199.0 966.0 211.0 979.0
face 0.57 181.0 765.0 196.0 782.0
face 0.57 312.0 800.0 322.0 811.0
face 0.57 128.0 1071.0 139.0 1083.0
face 0.56 639.0 828.0 649.0 841.0
face 0.56 108.0 1115.0 122.0 1130.0
face 0.56 693.0 838.0 704.0 851.0
face 0.56 171.0 1106.0 185.0 1125.0
face 0.56 812.0 1010.0 823.0 1024.0
face 0.55 609.0 910.0 619.0 921.0
face 0.55 194.0 1068.0 208.0 1084.0
face 0.55 768.0 939.0 780.0 954.0
face 0.55 661.0 1330.0 674.0 1345.0
face 0.55 438.0 1235.0 451.0 1250.0
face 0.55 692.0 879.0 702.0 891.0
face 0.55 273.0 880.0 283.0 893.0
face 0.55 719.0 862.0 730.0 874.0
face 0.54 822.0 1062.0 833.0 1075.0
face 0.54 750.0 1093.0 761.0 1106.0
face 0.54 844.0 971.0 856.0 987.0
face 0.54 213.0 849.0 228.0 868.0
face 0.54 278.0 831.0 287.0 842.0
face 0.53 623.0 1012.0 634.0 1025.0
face 0.53 308.0 927.0 320.0 943.0
face 0.53 257.0 868.0 267.0 880.0
face 0.53 590.0 885.0 600.0 897.0
face 0.53 246.0 1347.0 259.0 1361.0
face 0.53 224.0 934.0 234.0 945.0
face 0.52 701.0 1008.0 712.0 1022.0
face 0.52 172.0 1219.0 189.0 1238.0
face 0.52 98.0 990.0 112.0 1007.0
face 0.52 108.0 916.0 122.0 932.0
face 0.52 254.0 1007.0 265.0 1020.0
face 0.52 14.0 1046.0 26.0 1060.0
face 0.52 647.0 928.0 658.0 940.0
face 0.52 845.0 957.0 855.0 970.0
face 0.52 134.0 1099.0 145.0 1112.0
face 0.51 972.0 1047.0 985.0 1063.0
face 0.51 206.0 1011.0 221.0 1029.0
face 0.51 337.0 710.0 347.0 722.0
face 0.50 33.0 791.0 42.0 803.0
face 0.50 143.0 263.0 155.0 277.0
face 0.50 625.0 911.0 635.0 923.0
face 0.50 132.0 1146.0 147.0 1165.0
face 0.50 507.0 805.0 518.0 818.0
face 0.50 0.0 1320.0 14.0 1342.0
face 0.50 20.0 1044.0 34.0 1061.0
face 0.49 100.0 1243.0 116.0 1262.0
face 0.49 275.0 788.0 287.0 804.0
face 0.49 711.0 885.0 721.0 897.0
face 0.49 39.0 1335.0 55.0 1354.0
face 0.49 732.0 878.0 744.0 894.0
face 0.49 630.0 899.0 641.0 912.0
face 0.49 574.0 982.0 585.0 996.0
face 0.49 692.0 821.0 703.0 834.0
face 0.49 637.0 797.0 646.0 809.0
face 0.49 113.0 983.0 124.0 996.0
face 0.49 886.0 1026.0 900.0 1044.0
face 0.48 637.0 1070.0 650.0 1084.0
face 0.48 438.0 964.0 450.0 978.0
face 0.48 88.0 1045.0 102.0 1061.0
face 0.48 179.0 1137.0 196.0 1156.0
face 0.48 229.0 962.0 247.0 983.0
face 0.48 345.0 697.0 355.0 710.0
face 0.47 878.0 1003.0 889.0 1018.0
face 0.47 277.0 878.0 289.0 890.0
face 0.47 711.0 855.0 721.0 868.0
face 0.47 296.0 710.0 307.0 723.0
face 0.47 509.0 486.0 519.0 498.0
face 0.47 393.0 1141.0 407.0 1158.0
face 0.47 197.0 794.0 209.0 809.0
face 0.47 444.0 1186.0 460.0 1205.0
face 0.47 183.0 854.0 194.0 867.0
face 0.47 199.0 909.0 210.0 922.0
face 0.47 239.0 1012.0 250.0 1026.0
face 0.47 155.0 1241.0 171.0 1260.0
face 0.47 775.0 902.0 786.0 916.0
face 0.47 837.0 1092.0 849.0 1108.0
face 0.47 581.0 879.0 592.0 892.0
face 0.46 607.0 887.0 617.0 900.0
face 0.46 224.0 820.0 235.0 833.0
face 0.46 517.0 1125.0 533.0 1144.0
face 0.46 604.0 997.0 615.0 1010.0
face 0.46 579.0 954.0 591.0 968.0
face 0.46 649.0 751.0 659.0 764.0
face 0.46 572.0 861.0 585.0 878.0
face 0.45 615.0 815.0 625.0 827.0
face 0.45 173.0 1160.0 189.0 1181.0
face 0.45 238.0 839.0 248.0 850.0
face 0.45 192.0 1011.0 202.0 1025.0
face 0.45 302.0 847.0 313.0 860.0
face 0.44 722.0 1125.0 734.0 1141.0
face 0.44 725.0 859.0 737.0 872.0
face 0.44 742.0 884.0 753.0 898.0
face 0.44 721.0 1216.0 740.0 1238.0
face 0.44 474.0 1013.0 487.0 1029.0
face 0.44 496.0 689.0 506.0 701.0
face 0.44 727.0 893.0 737.0 905.0
face 0.44 101.0 946.0 115.0 964.0
face 0.44 127.0 1133.0 141.0 1149.0
face 0.44 667.0 1347.0 681.0 1361.0
face 0.44 328.0 815.0 339.0 828.0
face 0.44 176.0 1068.0 187.0 1082.0
face 0.44 162.0 1178.0 181.0 1199.0
face 0.43 175.0 821.0 185.0 833.0
face 0.43 590.0 917.0 600.0 929.0
face 0.43 41.0 967.0 53.0 982.0
face 0.43 686.0 1206.0 698.0 1219.0
face 0.43 687.0 1018.0 701.0 1035.0
face 0.43 -1.0 1331.0 10.0 1347.0
face 0.43 229.0 950.0 241.0 964.0
face 0.43 592.0 751.0 602.0 763.0
face 0.43 640.0 940.0 650.0 953.0
face 0.42 279.0 813.0 291.0 827.0
face 0.42 700.0 1077.0 712.0 1092.0
face 0.42 533.0 1025.0 548.0 1043.0
face 0.42 486.0 1251.0 499.0 1266.0
face 0.41 523.0 1259.0 536.0 1276.0
face 0.41 239.0 933.0 249.0 945.0
face 0.41 292.0 1147.0 309.0 1167.0
face 0.41 662.0 1189.0 674.0 1205.0
face 0.41 704.0 1102.0 716.0 1116.0
face 0.41 661.0 1133.0 676.0 1151.0
face 0.41 707.0 1274.0 723.0 1294.0
face 0.41 606.0 1004.0 616.0 1015.0
face 0.41 531.0 930.0 548.0 950.0
face 0.41 376.0 1226.0 388.0 1241.0
face 0.40 51.0 1061.0 64.0 1078.0
face 0.40 392.0 664.0 402.0 675.0
face 0.40 736.0 1103.0 747.0 1117.0
face 0.40 606.0 1077.0 617.0 1090.0
face 0.40 541.0 1027.0 552.0 1041.0
face 0.40 454.0 663.0 464.0 675.0
face 0.40 658.0 787.0 671.0 803.0
face 0.40 181.0 1214.0 192.0 1228.0
face 0.40 232.0 1029.0 243.0 1041.0
face 0.40 208.0 435.0 219.0 448.0
face 0.40 611.0 1229.0 624.0 1243.0
face 0.40 719.0 1166.0 730.0 1180.0
face 0.40 215.0 767.0 226.0 779.0
face 0.40 199.0 933.0 211.0 947.0
face 0.40 199.0 893.0 214.0 911.0
face 0.40 613.0 1023.0 624.0 1037.0
face 0.39 190.0 957.0 201.0 971.0
face 0.39 365.0 695.0 375.0 707.0
face 0.39 621.0 1163.0 635.0 1182.0
face 0.39 120.0 1159.0 138.0 1180.0
face 0.39 600.0 871.0 611.0 883.0
face 0.39 312.0 782.0 323.0 794.0
face 0.39 509.0 1238.0 526.0 1262.0
face 0.39 78.0 1310.0 90.0 1324.0
face 0.39 683.0 1073.0 699.0 1093.0
face 0.39 558.0 559.0 568.0 571.0
face 0.38 149.0 1019.0 161.0 1033.0
face 0.38 117.0 886.0 131.0 905.0
face 0.38 701.0 813.0 711.0 826.0
face 0.38 199.0 1083.0 211.0 1099.0
face 0.38 619.0 1307.0 632.0 1323.0
face 0.38 112.0 1078.0 123.0 1091.0
face 0.38 191.0 437.0 201.0 449.0
face 0.38 368.0 622.0 381.0 637.0
face 0.38 245.0 1045.0 256.0 1059.0
face 0.38 607.0 927.0 617.0 940.0
face 0.38 974.0 219.0 986.0 233.0
face 0.38 534.0 680.0 545.0 693.0
face 0.38 231.0 863.0 242.0 875.0
face 0.38 474.0 701.0 484.0 713.0
face 0.38 199.0 854.0 209.0 867.0
face 0.37 183.0 438.0 192.0 449.0
face 0.37 653.0 925.0 664.0 938.0
face 0.37 704.0 1141.0 717.0 1157.0
face 0.37 536.0 909.0 547.0 922.0
face 0.37 107.0 940.0 121.0 958.0
face 0.37 79.0 1036.0 89.0 1050.0
face 0.37 92.0 1347.0 107.0 1362.0
face 0.37 78.0 443.0 89.0 457.0
face 0.37 294.0 788.0 305.0 802.0
face 0.37 427.0 1306.0 444.0 1327.0
face 0.36 128.0 951.0 139.0 965.0
face 0.36 182.0 997.0 192.0 1010.0
face 0.36 213.0 1006.0 224.0 1019.0
face 0.36 598.0 904.0 608.0 915.0
face 0.36 607.0 863.0 617.0 876.0
face 0.36 -1.0 547.0 11.0 564.0
face 0.36 252.0 1341.0 269.0 1359.0
face 0.36 516.0 1147.0 532.0 1167.0
face 0.36 614.0 727.0 624.0 738.0
face 0.36 591.0 1078.0 601.0 1091.0
face 0.36 341.0 1038.0 355.0 1056.0
face 0.36 575.0 743.0 584.0 754.0
face 0.36 229.0 805.0 239.0 817.0
face 0.36 589.0 863.0 599.0 875.0
face 0.36 557.0 973.0 569.0 988.0
face 0.36 310.0 822.0 321.0 835.0
face 0.36 301.0 806.0 313.0 820.0
face 0.36 255.0 956.0 269.0 973.0
face 0.36 246.0 1053.0 258.0 1066.0
face 0.35 45.0 1324.0 58.0 1340.0
face 0.35 5.0 1052.0 18.0 1066.0
face 0.35 592.0 1037.0 605.0 1053.0
face 0.35 895.0 894.0 907.0 908.0
face 0.35 255.0 895.0 266.0 908.0
face 0.35 124.0 1012.0 136.0 1027.0
face 0.35 180.0 1020.0 191.0 1034.0
face 0.35 312.0 736.0 322.0 747.0
face 0.35 788.0 950.0 798.0 963.0
face 0.35 709.0 701.0 720.0 714.0
face 0.35 600.0 934.0 610.0 946.0
face 0.35 83.0 1213.0 98.0 1230.0
face 0.35 119.0 964.0 129.0 976.0
face 0.35 230.0 934.0 241.0 947.0
face 0.35 198.0 1046.0 210.0 1060.0
face 0.35 669.0 814.0 681.0 827.0
face 0.35 528.0 998.0 539.0 1011.0
face 0.35 335.0 678.0 346.0 690.0
face 0.35 107.0 1291.0 123.0 1310.0
face 0.35 228.0 829.0 240.0 844.0
face 0.35 22.0 1347.0 35.0 1360.0
face 0.35 645.0 813.0 655.0 825.0
face 0.34 416.0 1132.0 427.0 1145.0
face 0.34 14.0 751.0 24.0 764.0
face 0.34 85.0 1283.0 101.0 1303.0
face 0.34 74.0 1058.0 91.0 1077.0
face 0.34 -1.0 1266.0 10.0 1283.0
face 0.34 702.0 870.0 712.0 882.0
face 0.34 206.0 870.0 218.0 884.0
face 0.34 646.0 775.0 657.0 787.0
face 0.34 639.0 767.0 649.0 779.0
face 0.34 285.0 787.0 301.0 805.0
face 0.34 437.0 1301.0 450.0 1315.0
face 0.34 494.0 558.0 508.0 575.0
face 0.34 222.0 965.0 235.0 980.0
face 0.34 281.0 807.0 291.0 820.0
face 0.34 662.0 1164.0 673.0 1178.0
face 0.34 120.0 1093.0 132.0 1108.0
face 0.34 83.0 1060.0 99.0 1077.0
face 0.34 272.0 776.0 284.0 789.0
face 0.34 688.0 791.0 699.0 805.0
face 0.34 120.0 995.0 133.0 1010.0
face 0.34 654.0 917.0 665.0 931.0
face 0.34 693.0 828.0 704.0 841.0
face 0.34 856.0 902.0 866.0 916.0
face 0.34 750.0 894.0 761.0 907.0
face 0.34 444.0 1141.0 457.0 1156.0
face 0.34 202.0 1279.0 218.0 1300.0
face 0.34 294.0 839.0 304.0 851.0
face 0.34 630.0 999.0 641.0 1012.0
face 0.34 642.0 1121.0 656.0 1138.0
face 0.34 5.0 876.0 17.0 891.0
face 0.34 766.0 956.0 777.0 969.0
face 0.33 272.0 924.0 285.0 938.0
face 0.33 688.0 844.0 699.0 857.0
face 0.33 231.0 980.0 242.0 994.0
face 0.33 199.0 379.0 210.0 393.0
face 0.33 685.0 862.0 696.0 874.0
face 0.33 287.0 821.0 297.0 833.0
face 0.33 134.0 1062.0 145.0 1075.0
face 0.33 319.0 1005.0 331.0 1020.0
face 0.33 736.0 959.0 761.0 993.0
face 0.33 191.0 1085.0 202.0 1099.0
face 0.33 655.0 823.0 666.0 834.0
face 0.33 597.0 1132.0 611.0 1147.0
face 0.33 235.0 1051.0 251.0 1067.0
face 0.33 338.0 1225.0 356.0 1246.0
face 0.33 559.0 966.0 571.0 979.0
face 0.33 178.0 1226.0 195.0 1245.0
face 0.33 492.0 1209.0 507.0 1229.0
face 0.33 534.0 1045.0 546.0 1059.0
face 0.33 3.0 1339.0 16.0 1355.0
face 0.33 724.0 821.0 735.0 834.0
face 0.33 732.0 860.0 746.0 876.0
face 0.33 335.0 703.0 346.0 715.0
face 0.33 293.0 1221.0 305.0 1236.0
face 0.33 189.0 1132.0 202.0 1147.0
face 0.33 237.0 1036.0 250.0 1052.0
face 0.33 295.0 797.0 305.0 810.0
face 0.33 695.0 1093.0 706.0 1107.0
face 0.33 885.0 869.0 897.0 883.0
face 0.33 319.0 712.0 329.0 724.0
face 0.33 118.0 1006.0 130.0 1020.0
face 0.33 312.0 717.0 321.0 729.0
face 0.33 616.0 749.0 627.0 762.0
face 0.33 598.0 1246.0 609.0 1259.0
face 0.33 327.0 726.0 338.0 739.0
face 0.32 630.0 806.0 641.0 818.0
face 0.32 93.0 1084.0 105.0 1099.0
face 0.32 703.0 877.0 713.0 889.0
face 0.32 639.0 885.0 650.0 898.0
face 0.32 855.0 876.0 866.0 890.0
face 0.32 48.0 1052.0 60.0 1068.0
face 0.32 61.0 870.0 76.0 890.0
face 0.32 672.0 830.0 683.0 842.0
face 0.32 668.0 1275.0 684.0 1295.0
face 0.32 99.0 1092.0 113.0 1109.0
face 0.32 379.0 1221.0 395.0 1238.0
face 0.32 702.0 863.0 713.0 875.0
face 0.32 624.0 893.0 635.0 907.0
face 0.32 528.0 805.0 538.0 818.0
face 0.32 718.0 1251.0 731.0 1267.0
face 0.32 304.0 838.0 315.0 851.0
face 0.32 568.0 717.0 578.0 730.0
face 0.32 333.0 1172.0 348.0 1192.0
face 0.32 197.0 829.0 209.0 844.0
face 0.32 36.0 1267.0 53.0 1289.0
face 0.32 14.0 1333.0 27.0 1348.0
face 0.32 260.0 899.0 276.0 918.0
face 0.32 238.0 862.0 249.0 874.0
face 0.32 302.0 781.0 313.0 794.0
face 0.32 606.0 1134.0 617.0 1146.0
face 0.32 608.0 903.0 618.0 916.0
face 0.32 599.0 728.0 609.0 741.0
face 0.32 578.0 841.0 594.0 862.0
face 0.32 167.0 1029.0 179.0 1044.0
face 0.32 230.0 759.0 240.0 770.0
face 0.32 566.0 614.0 576.0 627.0
face 0.32 687.0 1230.0 698.0 1244.0
face 0.32 117.0 1083.0 132.0 1101.0
face 0.32 110.0 1046.0 122.0 1061.0
face 0.32 423.0 1285.0 457.0 1325.0
face 0.32 494.0 806.0 504.0 819.0
face 0.32 392.0 1254.0 422.0 1291.0
face 0.32 581.0 859.0 596.0 877.0
face 0.32 239.0 871.0 249.0 883.0
face 0.32 385.0 607.0 396.0 620.0
face 0.32 824.0 868.0 834.0 880.0
face 0.32 35.0 1224.0 53.0 1246.0
face 0.32 245.0 817.0 257.0 832.0
face 0.32 349.0 1018.0 366.0 1039.0
face 0.32 679.0 806.0 689.0 818.0
face 0.32 247.0 853.0 258.0 865.0
face 0.32 676.0 1210.0 690.0 1228.0
face 0.32 429.0 502.0 439.0 515.0
face 0.32 794.0 1343.0 813.0 1363.0
face 0.32 628.0 1005.0 640.0 1020.0
face 0.32 262.0 829.0 272.0 841.0
face 0.32 205.0 1046.0 218.0 1061.0
face 0.32 296.0 853.0 307.0 866.0
face 0.31 592.0 989.0 602.0 1002.0
face 0.31 31.0 1227.0 42.0 1243.0
face 0.31 230.0 908.0 241.0 921.0
face 0.31 132.0 1139.0 144.0 1154.0
face 0.31 654.0 932.0 665.0 945.0
face 0.31 727.0 1110.0 738.0 1123.0
face 0.31 333.0 726.0 344.0 739.0
face 0.31 589.0 822.0 601.0 836.0
face 0.31 224.0 837.0 237.0 852.0
face 0.31 312.0 1236.0 325.0 1252.0
face 0.31 262.0 803.0 274.0 817.0
face 0.31 207.0 1037.0 218.0 1050.0
face 0.31 85.0 907.0 98.0 924.0
face 0.31 272.0 838.0 282.0 850.0
face 0.31 191.0 1062.0 203.0 1077.0
face 0.31 84.0 1196.0 98.0 1211.0
face 0.31 606.0 742.0 617.0 755.0
face 0.31 318.0 774.0 331.0 788.0
face 0.31 240.0 855.0 250.0 866.0
face 0.31 573.0 997.0 585.0 1011.0
face 0.31 725.0 1166.0 737.0 1179.0
face 0.31 438.0 603.0 449.0 616.0
face 0.31 208.0 846.0 220.0 860.0
face 0.31 343.0 746.0 357.0 764.0
face 0.31 615.0 1170.0 630.0 1188.0
face 0.31 655.0 829.0 666.0 841.0
face 0.31 198.0 1007.0 212.0 1023.0
face 0.31 295.0 813.0 305.0 826.0
face 0.31 272.0 830.0 283.0 841.0
face 0.31 464.0 719.0 474.0 731.0
face 0.31 480.0 671.0 490.0 684.0
face 0.31 248.0 1188.0 261.0 1205.0
face 0.31 623.0 837.0 634.0 849.0
face 0.31 335.0 1132.0 349.0 1149.0
face 0.31 395.0 1204.0 408.0 1220.0
face 0.31 615.0 1125.0 627.0 1139.0
face 0.31 566.0 891.0 581.0 912.0
face 0.31 271.0 933.0 282.0 946.0
face 0.31 150.0 1101.0 162.0 1115.0
face 0.31 726.0 1140.0 739.0 1158.0
face 0.31 456.0 728.0 465.0 739.0
face 0.31 678.0 853.0 689.0 866.0
face 0.31 295.0 845.0 306.0 858.0
face 0.31 165.0 431.0 175.0 444.0
face 0.31 638.0 439.0 649.0 452.0
face 0.31 136.0 450.0 150.0 469.0
face 0.31 566.0 996.0 580.0 1013.0
face 0.31 526.0 1149.0 538.0 1164.0
face 0.31 69.0 1259.0 86.0 1278.0
face 0.31 176.0 1134.0 188.0 1149.0
face 0.31 279.0 820.0 290.0 834.0
face 0.31 421.0 941.0 466.0 993.0
face 0.31 95.0 972.0 106.0 987.0
face 0.31 102.0 925.0 113.0 938.0
face 0.31 749.0 1262.0 761.0 1277.0
face 0.31 222.0 859.0 234.0 873.0
face 0.31 22.0 1061.0 33.0 1074.0
face 0.31 223.0 846.0 235.0 859.0
face 0.31 286.0 798.0 297.0 811.0
face 0.31 710.0 1094.0 721.0 1108.0
face 0.31 597.0 1075.0 612.0 1092.0
face 0.31 183.0 847.0 194.0 860.0
face 0.30 598.0 1068.0 610.0 1083.0
face 0.30 360.0 773.0 370.0 786.0
face 0.30 549.0 610.0 561.0 626.0
face 0.30 744.0 1087.0 755.0 1100.0
face 0.30 704.0 894.0 714.0 906.0
face 0.30 95.0 876.0 106.0 888.0
face 0.30 303.0 799.0 314.0 811.0
face 0.30 359.0 608.0 369.0 620.0
face 0.30 166.0 1021.0 177.0 1035.0
face 0.30 436.0 741.0 448.0 754.0
face 0.30 101.0 933.0 113.0 948.0
face 0.30 230.0 852.0 241.0 866.0
face 0.30 588.0 1138.0 604.0 1156.0
face 0.30 263.0 942.0 275.0 956.0
face 0.30 15.0 1061.0 26.0 1074.0
face 0.30 167.0 1114.0 180.0 1129.0
face 0.30 528.0 700.0 539.0 712.0
face 0.30 117.0 987.0 130.0 1003.0
face 0.30 968.0 1052.0 980.0 1066.0
face 0.30 597.0 653.0 608.0 665.0
face 0.30 386.0 581.0 398.0 595.0
face 0.30 304.0 821.0 315.0 834.0
face 0.30 328.0 733.0 339.0 746.0
face 0.30 549.0 1324.0 564.0 1343.0
face 0.30 288.0 918.0 299.0 931.0
face 0.30 559.0 677.0 571.0 690.0
face 0.30 310.0 1251.0 324.0 1269.0
face 0.30 641.0 1089.0 659.0 1110.0
face 0.30 124.0 879.0 135.0 892.0
face 0.30 295.0 782.0 307.0 795.0
face 0.30 319.0 822.0 331.0 835.0
face 0.30 223.0 927.0 233.0 939.0
face 0.30 261.0 964.0 273.0 977.0
face 0.30 256.0 759.0 266.0 771.0
face 0.30 326.0 748.0 337.0 761.0
face 0.30 656.0 1133.0 667.0 1146.0
