face 0.87 412.0 171.0 646.0 421.0
face 0.80 628.0 525.0 654.0 554.0
face 0.66 55.0 561.0 183.0 694.0
face 0.66 774.0 457.0 848.0 530.0
face 0.57 263.0 169.0 513.0 442.0
face 0.50 685.0 776.0 957.0 1064.0
face 0.47 92.0 722.0 211.0 855.0
face 0.43 665.0 452.0 727.0 528.0
face 0.43 306.0 584.0 574.0 857.0
face 0.42 702.0 1065.0 720.0 1086.0
face 0.40 106.0 770.0 161.0 842.0
face 0.36 148.0 577.0 165.0 600.0
face 0.36 54.0 665.0 173.0 804.0
face 0.35 728.0 751.0 752.0 778.0
face 0.32 861.0 559.0 872.0 572.0
face 0.31 43.0 689.0 109.0 765.0
face 0.31 275.0 390.0 590.0 672.0
face 0.30 115.0 793.0 135.0 815.0
