face 1.00 214.0 113.0 289.0 220.0
face 1.00 506.0 97.0 584.0 202.0
face 0.99 60.0 166.0 101.0 214.0
face 0.89 977.0 367.0 1001.0 394.0
face 0.86 360.0 146.0 394.0 192.0
face 0.53 847.0 104.0 905.0 178.0
face 0.48 21.0 340.0 46.0 371.0
face 0.48 982.0 202.0 998.0 222.0
face 0.47 461.0 421.0 477.0 440.0
face 0.41 530.0 64.0 587.0 113.0
face 0.39 18.0 65.0 52.0 100.0
face 0.36 645.0 209.0 673.0 238.0
face 0.33 337.0 155.0 389.0 214.0
face 0.32 1005.0 205.0 1020.0 223.0
face 0.32 748.0 109.0 810.0 197.0
face 0.30 633.0 317.0 657.0 351.0
