face 1.00 563.0 279.0 647.0 389.0
face 0.99 65.0 398.0 80.0 416.0
face 0.84 734.0 167.0 746.0 181.0
face 0.84 583.0 437.0 593.0 449.0
face 0.81 975.0 141.0 987.0 156.0
face 0.81 317.0 539.0 327.0 551.0
face 0.71 558.0 445.0 568.0 457.0
face 0.66 608.0 438.0 619.0 450.0
face 0.65 110.0 546.0 122.0 561.0
face 0.65 144.0 383.0 154.0 395.0
face 0.61 871.0 147.0 883.0 161.0
face 0.58 318.0 448.0 327.0 459.0
face 0.57 542.0 445.0 552.0 458.0
face 0.56 144.0 543.0 155.0 557.0
face 0.53 91.0 547.0 106.0 565.0
face 0.53 448.0 468.0 458.0 481.0
face 0.52 352.0 421.0 363.0 434.0
face 0.51 645.0 441.0 655.0 453.0
face 0.46 127.0 543.0 138.0 557.0
face 0.43 669.0 445.0 679.0 457.0
face 0.43 824.0 140.0 835.0 152.0
face 0.43 525.0 438.0 536.0 450.0
face 0.42 78.0 405.0 90.0 421.0
face 0.42 616.0 215.0 660.0 268.0
face 0.41 961.0 408.0 974.0 425.0
face 0.41 860.0 141.0 874.0 156.0
face 0.40 13.0 559.0 25.0 574.0
face 0.39 50.0 395.0 66.0 414.0
face 0.38 901.0 145.0 918.0 168.0
face 0.38 222.0 550.0 233.0 565.0
face 0.38 839.0 245.0 850.0 259.0
face 0.37 710.0 375.0 721.0 388.0
face 0.37 572.0 467.0 585.0 484.0
face 0.37 350.0 397.0 441.0 521.0
face 0.36 36.0 558.0 53.0 577.0
face 0.36 365.0 461.0 376.0 474.0
face 0.35 21.0 558.0 36.0 576.0
face 0.35 801.0 170.0 816.0 188.0
face 0.35 780.0 369.0 798.0 388.0
face 0.35 45.0 564.0 57.0 579.0
face 0.35 40.0 468.0 51.0 481.0
face 0.35 911.0 132.0 925.0 150.0
face 0.33 837.0 262.0 848.0 275.0
face 0.33 888.0 148.0 902.0 166.0
face 0.33 117.0 378.0 129.0 394.0
face 0.33 126.0 374.0 136.0 387.0
face 0.32 157.0 538.0 173.0 557.0
face 0.32 131.0 546.0 146.0 561.0
face 0.32 378.0 498.0 398.0 519.0
face 0.32 277.0 549.0 289.0 563.0
face 0.32 824.0 341.0 834.0 354.0
face 0.32 229.0 542.0 239.0 554.0
face 0.31 789.0 358.0 800.0 372.0
face 0.31 665.0 440.0 675.0 452.0
face 0.31 960.0 149.0 972.0 162.0
face 0.31 687.0 381.0 699.0 396.0
face 0.31 189.0 527.0 204.0 544.0
face 0.31 366.0 485.0 377.0 498.0
face 0.31 924.0 284.0 937.0 299.0
face 0.30 583.0 455.0 594.0 467.0
face 0.30 76.0 544.0 93.0 565.0
face 0.30 163.0 543.0 180.0 562.0
face 0.30 920.0 277.0 931.0 291.0
face 0.30 966.0 294.0 978.0 309.0
