face 0.99 495.0 472.0 515.0 496.0
face 0.91 671.0 488.0 687.0 506.0
face 0.91 905.0 522.0 921.0 540.0
face 0.87 868.0 413.0 884.0 434.0
face 0.73 722.0 266.0 746.0 295.0
face 0.62 5.0 580.0 17.0 595.0
face 0.59 422.0 551.0 433.0 565.0
face 0.58 1011.0 122.0 1024.0 142.0
face 0.57 571.0 472.0 589.0 491.0
face 0.56 915.0 379.0 928.0 395.0
face 0.54 1012.0 41.0 1025.0 60.0
face 0.51 574.0 499.0 587.0 514.0
face 0.49 610.0 595.0 628.0 618.0
face 0.43 533.0 566.0 546.0 582.0
face 0.41 245.0 267.0 258.0 283.0
face 0.41 127.0 431.0 138.0 444.0
face 0.40 917.0 487.0 933.0 507.0
face 0.38 124.0 408.0 136.0 422.0
face 0.36 25.0 557.0 49.0 590.0
face 0.36 776.0 572.0 788.0 585.0
face 0.35 939.0 345.0 954.0 364.0
face 0.35 540.0 604.0 558.0 625.0
face 0.34 877.0 592.0 892.0 609.0
face 0.34 63.0 351.0 74.0 363.0
face 0.34 861.0 605.0 872.0 617.0
face 0.33 913.0 448.0 930.0 468.0
face 0.33 127.0 444.0 138.0 457.0
face 0.33 726.0 564.0 739.0 578.0
face 0.32 130.0 465.0 145.0 483.0
face 0.32 572.0 627.0 588.0 649.0
face 0.32 804.0 605.0 821.0 623.0
face 0.32 877.0 131.0 894.0 153.0
face 0.32 541.0 660.0 556.0 677.0
face 0.32 1006.0 619.0 1017.0 632.0
face 0.32 501.0 635.0 512.0 649.0
face 0.31 909.0 348.0 923.0 364.0
face 0.31 504.0 622.0 514.0 634.0
face 0.31 724.0 581.0 742.0 599.0
face 0.31 288.0 257.0 314.0 285.0
face 0.31 878.0 453.0 890.0 466.0
face 0.31 794.0 588.0 811.0 607.0
face 0.31 5.0 222.0 17.0 237.0
face 0.31 836.0 661.0 851.0 677.0
face 0.30 510.0 621.0 520.0 633.0
face 0.30 822.0 605.0 834.0 619.0
face 0.30 564.0 507.0 579.0 525.0
