face 1.00 517.0 494.0 562.0 548.0
face 0.96 347.0 480.0 371.0 508.0
face 0.91 432.0 459.0 456.0 487.0
face 0.48 751.0 470.0 779.0 500.0
face 0.46 677.0 635.0 695.0 654.0
face 0.41 239.0 707.0 263.0 735.0
face 0.41 983.0 556.0 1008.0 589.0
face 0.38 585.0 80.0 726.0 219.0
face 0.38 285.0 592.0 300.0 613.0
face 0.36 124.0 888.0 154.0 925.0
face 0.35 443.0 531.0 458.0 550.0
face 0.34 948.0 446.0 962.0 464.0
face 0.34 453.0 659.0 470.0 678.0
face 0.33 532.0 488.0 559.0 521.0
face 0.32 508.0 417.0 524.0 435.0
face 0.32 629.0 668.0 643.0 688.0
face 0.32 974.0 437.0 987.0 451.0
face 0.31 204.0 761.0 234.0 801.0
face 0.31 851.0 604.0 869.0 630.0
face 0.31 335.0 430.0 362.0 461.0
face 0.31 358.0 471.0 381.0 504.0
face 0.30 417.0 532.0 432.0 550.0
