face 1.00 562.0 398.0 604.0 454.0
face 1.00 514.0 276.0 553.0 330.0
face 1.00 406.0 262.0 440.0 304.0
face 1.00 545.0 122.0 580.0 167.0
face 0.97 688.0 260.0 729.0 307.0
face 0.94 764.0 414.0 796.0 462.0
face 0.93 824.0 487.0 929.0 591.0
face 0.87 665.0 501.0 681.0 521.0
face 0.75 419.0 589.0 435.0 611.0
face 0.73 976.0 501.0 1002.0 533.0
face 0.58 488.0 491.0 502.0 511.0
face 0.57 743.0 596.0 802.0 667.0
face 0.53 75.0 483.0 96.0 507.0
face 0.50 753.0 439.0 774.0 469.0
face 0.39 173.0 491.0 198.0 523.0
face 0.33 334.0 388.0 358.0 421.0
face 0.33 918.0 480.0 935.0 499.0
face 0.32 666.0 431.0 688.0 462.0
face 0.30 995.0 504.0 1012.0 526.0
