face 1.00 71.0 591.0 90.0 614.0
face 0.99 761.0 555.0 778.0 577.0
face 0.99 7.0 542.0 28.0 566.0
face 0.99 163.0 625.0 186.0 651.0
face 0.98 891.0 658.0 912.0 681.0
face 0.96 923.0 535.0 939.0 553.0
face 0.95 686.0 502.0 701.0 521.0
face 0.91 55.0 561.0 76.0 585.0
face 0.90 204.0 623.0 231.0 653.0
face 0.88 273.0 626.0 290.0 647.0
face 0.88 295.0 496.0 306.0 511.0
face 0.88 394.0 621.0 407.0 637.0
face 0.87 198.0 495.0 212.0 513.0
face 0.86 26.0 497.0 40.0 513.0
face 0.83 102.0 540.0 114.0 555.0
face 0.83 133.0 585.0 147.0 605.0
face 0.82 69.0 224.0 84.0 243.0
face 0.80 850.0 538.0 866.0 557.0
face 0.76 861.0 512.0 873.0 526.0
face 0.76 702.0 477.0 713.0 490.0
face 0.75 374.0 469.0 386.0 483.0
face 0.75 138.0 475.0 149.0 489.0
face 0.75 738.0 610.0 754.0 629.0
face 0.74 288.0 562.0 304.0 581.0
face 0.73 851.0 99.0 877.0 129.0
face 0.73 206.0 436.0 217.0 449.0
face 0.71 6.0 479.0 18.0 494.0
face 0.69 951.0 524.0 962.0 538.0
face 0.68 896.0 460.0 906.0 473.0
face 0.67 208.0 598.0 223.0 617.0
face 0.67 256.0 486.0 267.0 499.0
face 0.66 899.0 436.0 914.0 454.0
face 0.64 719.0 446.0 729.0 458.0
face 0.64 326.0 425.0 337.0 438.0
face 0.63 71.0 391.0 80.0 403.0
face 0.63 392.0 429.0 402.0 441.0
face 0.63 732.0 124.0 751.0 146.0
face 0.62 215.0 479.0 226.0 492.0
face 0.61 72.0 492.0 84.0 506.0
face 0.60 968.0 528.0 978.0 541.0
face 0.60 340.0 469.0 352.0 483.0
face 0.59 622.0 442.0 637.0 459.0
face 0.59 60.0 503.0 73.0 519.0
face 0.58 266.0 366.0 280.0 383.0
face 0.58 319.0 406.0 329.0 417.0
face 0.57 796.0 648.0 819.0 672.0
face 0.57 661.0 423.0 672.0 436.0
face 0.56 5.0 633.0 36.0 666.0
face 0.56 990.0 607.0 1013.0 633.0
face 0.56 959.0 443.0 970.0 457.0
face 0.54 281.0 596.0 300.0 616.0
face 0.54 23.0 664.0 48.0 688.0
face 0.54 706.0 551.0 724.0 570.0
face 0.54 802.0 517.0 814.0 531.0
face 0.54 659.0 494.0 671.0 509.0
face 0.53 694.0 577.0 709.0 596.0
face 0.53 809.0 540.0 821.0 555.0
face 0.52 239.0 429.0 251.0 442.0
face 0.51 33.0 570.0 47.0 590.0
face 0.51 114.0 381.0 125.0 395.0
face 0.50 996.0 398.0 1006.0 411.0
face 0.49 170.0 488.0 187.0 507.0
face 0.49 109.0 556.0 124.0 574.0
face 0.49 836.0 541.0 850.0 556.0
face 0.49 640.0 332.0 651.0 346.0
face 0.49 86.0 553.0 98.0 569.0
face 0.49 55.0 508.0 67.0 522.0
face 0.49 759.0 445.0 772.0 459.0
face 0.49 279.0 494.0 289.0 507.0
face 0.49 903.0 332.0 922.0 353.0
face 0.49 396.0 481.0 412.0 499.0
face 0.48 3.0 412.0 13.0 427.0
face 0.48 281.0 399.0 291.0 410.0
face 0.48 941.0 440.0 951.0 452.0
face 0.48 461.0 398.0 474.0 413.0
face 0.48 646.0 534.0 657.0 547.0
face 0.48 96.0 445.0 108.0 458.0
face 0.47 983.0 446.0 994.0 459.0
face 0.47 966.0 484.0 978.0 499.0
face 0.47 38.0 509.0 49.0 522.0
face 0.47 410.0 460.0 427.0 479.0
face 0.46 758.0 517.0 772.0 531.0
face 0.46 944.0 541.0 955.0 554.0
face 0.45 885.0 422.0 897.0 436.0
face 0.45 278.0 478.0 288.0 490.0
face 0.45 735.0 416.0 746.0 430.0
face 0.44 903.0 487.0 914.0 500.0
face 0.44 943.0 460.0 958.0 477.0
face 0.44 952.0 431.0 961.0 442.0
face 0.43 261.0 379.0 275.0 398.0
face 0.43 78.0 474.0 94.0 491.0
face 0.43 357.0 421.0 369.0 435.0
face 0.43 806.0 374.0 817.0 386.0
face 0.42 92.0 528.0 107.0 547.0
face 0.42 43.0 476.0 55.0 490.0
face 0.42 848.0 484.0 859.0 496.0
face 0.41 731.0 589.0 743.0 604.0
face 0.41 240.0 447.0 251.0 460.0
face 0.41 750.0 461.0 761.0 476.0
face 0.41 893.0 487.0 905.0 500.0
face 0.41 259.0 546.0 279.0 569.0
face 0.40 37.0 537.0 53.0 556.0
face 0.40 822.0 452.0 832.0 464.0
face 0.40 342.0 492.0 352.0 505.0
face 0.40 740.0 502.0 752.0 516.0
face 0.40 278.0 435.0 291.0 451.0
face 0.40 991.0 428.0 1001.0 441.0
face 0.40 47.0 508.0 60.0 523.0
face 0.40 193.0 470.0 206.0 485.0
face 0.40 863.0 493.0 874.0 505.0
face 0.40 186.0 514.0 200.0 532.0
face 0.40 677.0 534.0 688.0 548.0
face 0.40 958.0 541.0 970.0 555.0
face 0.39 871.0 447.0 881.0 458.0
face 0.39 663.0 456.0 674.0 468.0
face 0.39 292.0 245.0 303.0 259.0
face 0.39 907.0 600.0 922.0 620.0
face 0.39 870.0 462.0 882.0 475.0
face 0.39 40.0 494.0 51.0 508.0
face 0.39 880.0 548.0 893.0 563.0
face 0.39 719.0 462.0 730.0 475.0
face 0.39 60.0 431.0 71.0 443.0
face 0.39 120.0 478.0 131.0 491.0
face 0.39 70.0 413.0 82.0 426.0
face 0.38 927.0 423.0 937.0 434.0
face 0.38 309.0 446.0 321.0 459.0
face 0.38 64.0 477.0 74.0 489.0
face 0.38 884.0 542.0 895.0 556.0
face 0.38 1008.0 383.0 1019.0 396.0
face 0.38 719.0 576.0 729.0 588.0
face 0.37 823.0 398.0 834.0 410.0
face 0.37 765.0 476.0 780.0 494.0
face 0.37 288.0 501.0 301.0 517.0
face 0.37 293.0 471.0 303.0 483.0
face 0.37 823.0 519.0 833.0 531.0
face 0.37 174.0 384.0 184.0 395.0
face 0.37 357.0 453.0 368.0 466.0
face 0.37 263.0 492.0 273.0 504.0
face 0.37 694.0 516.0 705.0 531.0
face 0.37 678.0 423.0 688.0 435.0
face 0.37 840.0 430.0 851.0 442.0
face 0.37 990.0 476.0 1001.0 490.0
face 0.37 656.0 471.0 667.0 483.0
face 0.37 831.0 415.0 841.0 427.0
face 0.37 335.0 487.0 348.0 502.0
face 0.37 1006.0 484.0 1017.0 497.0
face 0.37 949.0 541.0 963.0 557.0
face 0.36 237.0 633.0 254.0 654.0
face 0.36 748.0 453.0 761.0 468.0
face 0.36 804.0 524.0 815.0 537.0
face 0.36 141.0 492.0 156.0 512.0
face 0.36 366.0 477.0 377.0 491.0
face 0.36 122.0 619.0 148.0 654.0
face 0.36 869.0 429.0 879.0 442.0
face 0.36 216.0 454.0 227.0 466.0
face 0.36 945.0 415.0 955.0 426.0
face 0.36 783.0 439.0 794.0 451.0
face 0.36 158.0 452.0 169.0 465.0
face 0.36 324.0 558.0 339.0 576.0
face 0.36 77.0 521.0 91.0 540.0
face 0.35 222.0 424.0 233.0 436.0
face 0.35 286.0 436.0 297.0 451.0
face 0.35 293.0 374.0 304.0 387.0
face 0.35 972.0 507.0 985.0 522.0
face 0.35 712.0 501.0 723.0 514.0
face 0.35 75.0 507.0 89.0 527.0
face 0.35 108.0 476.0 123.0 494.0
face 0.35 750.0 447.0 762.0 460.0
face 0.35 960.0 412.0 970.0 425.0
face 0.35 990.0 383.0 1000.0 395.0
face 0.35 218.0 508.0 232.0 527.0
face 0.35 24.0 404.0 35.0 416.0
face 0.35 456.0 420.0 471.0 438.0
face 0.34 376.0 453.0 386.0 465.0
face 0.34 832.0 540.0 843.0 553.0
face 0.34 998.0 453.0 1011.0 468.0
face 0.34 351.0 414.0 363.0 428.0
face 0.34 1015.0 396.0 1025.0 411.0
face 0.34 200.0 438.0 211.0 449.0
face 0.34 340.0 557.0 355.0 573.0
face 0.34 46.0 471.0 57.0 484.0
face 0.34 912.0 422.0 924.0 436.0
face 0.34 45.0 501.0 56.0 514.0
face 0.34 365.0 398.0 376.0 412.0
face 0.34 94.0 408.0 104.0 420.0
face 0.34 234.0 531.0 250.0 550.0
face 0.34 830.0 535.0 840.0 547.0
face 0.34 190.0 431.0 200.0 443.0
face 0.34 807.0 414.0 818.0 426.0
face 0.34 774.0 462.0 785.0 474.0
face 0.34 61.0 470.0 72.0 483.0
face 0.34 90.0 476.0 109.0 496.0
face 0.34 733.0 476.0 745.0 491.0
face 0.34 81.0 588.0 100.0 609.0
face 0.34 440.0 396.0 450.0 409.0
face 0.34 1006.0 410.0 1021.0 428.0
face 0.34 125.0 477.0 138.0 492.0
face 0.34 745.0 537.0 764.0 559.0
face 0.34 285.0 627.0 296.0 643.0
face 0.34 279.0 508.0 293.0 525.0
face 0.34 244.0 593.0 260.0 615.0
face 0.34 48.0 412.0 62.0 428.0
face 0.34 869.0 486.0 880.0 499.0
face 0.33 670.0 303.0 681.0 316.0
face 0.33 46.0 570.0 62.0 589.0
face 0.33 65.0 568.0 83.0 588.0
face 0.33 888.0 526.0 897.0 538.0
face 0.33 191.0 446.0 202.0 458.0
face 0.33 405.0 406.0 415.0 417.0
face 0.33 820.0 557.0 833.0 575.0
face 0.33 78.0 407.0 89.0 419.0
face 0.33 295.0 617.0 311.0 638.0
face 0.33 118.0 445.0 130.0 458.0
face 0.33 766.0 421.0 777.0 434.0
face 0.33 422.0 582.0 434.0 596.0
face 0.33 278.0 485.0 289.0 498.0
face 0.33 799.0 428.0 810.0 441.0
face 0.33 148.0 610.0 163.0 631.0
face 0.33 718.0 399.0 730.0 413.0
face 0.32 881.0 389.0 890.0 401.0
face 0.32 415.0 445.0 425.0 457.0
face 0.32 983.0 531.0 999.0 549.0
face 0.32 207.0 564.0 222.0 583.0
face 0.32 726.0 454.0 737.0 467.0
face 0.32 989.0 451.0 1002.0 466.0
face 0.32 370.0 530.0 385.0 548.0
face 0.32 1014.0 438.0 1024.0 452.0
face 0.32 262.0 421.0 273.0 433.0
face 0.32 164.0 474.0 181.0 495.0
face 0.32 5.0 310.0 31.0 336.0
face 0.32 253.0 574.0 264.0 588.0
face 0.32 143.0 420.0 156.0 436.0
face 0.32 109.0 408.0 121.0 420.0
face 0.32 870.0 478.0 882.0 491.0
face 0.32 64.0 554.0 83.0 576.0
face 0.32 885.0 405.0 896.0 417.0
face 0.32 630.0 461.0 645.0 479.0
face 0.32 86.0 422.0 96.0 435.0
face 0.32 40.0 482.0 53.0 498.0
face 0.32 832.0 463.0 842.0 475.0
face 0.32 894.0 550.0 907.0 564.0
face 0.32 141.0 453.0 153.0 466.0
face 0.32 832.0 509.0 842.0 522.0
face 0.32 965.0 446.0 976.0 459.0
face 0.32 296.0 158.0 309.0 176.0
face 0.32 375.0 437.0 385.0 449.0
face 0.32 935.0 406.0 945.0 418.0
face 0.32 335.0 406.0 345.0 418.0
face 0.32 808.0 172.0 819.0 186.0
face 0.32 39.0 422.0 49.0 434.0
face 0.32 223.0 501.0 234.0 516.0
face 0.32 141.0 459.0 155.0 476.0
face 0.32 1006.0 500.0 1019.0 516.0
face 0.32 316.0 495.0 329.0 511.0
face 0.32 110.0 470.0 122.0 483.0
face 0.32 119.0 594.0 134.0 612.0
face 0.32 262.0 452.0 273.0 466.0
face 0.32 770.0 508.0 784.0 526.0
face 0.31 263.0 407.0 274.0 419.0
face 0.31 408.0 428.0 418.0 441.0
face 0.31 328.0 486.0 338.0 498.0
face 0.31 230.0 174.0 242.0 189.0
face 0.31 607.0 413.0 617.0 426.0
face 0.31 750.0 596.0 764.0 613.0
face 0.31 934.0 332.0 946.0 346.0
face 0.31 903.0 454.0 914.0 467.0
face 0.31 69.0 477.0 81.0 490.0
face 0.31 4.0 406.0 14.0 418.0
face 0.31 149.0 430.0 160.0 444.0
face 0.31 799.0 454.0 809.0 467.0
face 0.31 334.0 437.0 345.0 449.0
face 0.31 840.0 478.0 849.0 490.0
face 0.31 384.0 515.0 395.0 529.0
face 0.31 343.0 413.0 355.0 427.0
face 0.31 684.0 460.0 696.0 475.0
face 0.31 975.0 445.0 987.0 458.0
face 0.31 254.0 463.0 265.0 476.0
face 0.31 927.0 469.0 938.0 482.0
face 0.31 61.0 464.0 72.0 476.0
face 0.31 981.0 468.0 995.0 485.0
face 0.31 397.0 444.0 408.0 458.0
face 0.31 918.0 508.0 930.0 521.0
face 0.31 661.0 398.0 671.0 410.0
face 0.31 279.0 444.0 290.0 458.0
face 0.31 855.0 414.0 865.0 426.0
face 0.31 974.0 467.0 986.0 482.0
face 0.31 150.0 461.0 161.0 474.0
face 0.31 711.0 495.0 722.0 508.0
face 0.31 224.0 495.0 234.0 508.0
face 0.31 271.0 429.0 284.0 445.0
face 0.31 243.0 435.0 257.0 451.0
face 0.31 198.0 446.0 209.0 458.0
face 0.31 763.0 498.0 781.0 518.0
face 0.31 104.0 558.0 116.0 572.0
face 0.31 376.0 446.0 386.0 459.0
face 0.31 269.0 627.0 308.0 667.0
face 0.31 837.0 414.0 848.0 427.0
face 0.31 840.0 446.0 851.0 459.0
face 0.31 670.0 454.0 682.0 468.0
face 0.31 190.0 366.0 200.0 378.0
face 0.31 151.0 454.0 163.0 467.0
face 0.31 829.0 445.0 840.0 458.0
face 0.31 718.0 477.0 729.0 490.0
face 0.31 256.0 446.0 267.0 459.0
face 0.31 952.0 446.0 964.0 458.0
face 0.31 831.0 368.0 841.0 379.0
face 0.31 813.0 414.0 823.0 425.0
face 0.31 279.0 391.0 290.0 404.0
face 0.31 960.0 644.0 978.0 667.0
face 0.31 130.0 548.0 147.0 567.0
face 0.31 246.0 468.0 257.0 482.0
face 0.31 879.0 454.0 890.0 467.0
face 0.31 868.0 605.0 881.0 620.0
face 0.31 999.0 438.0 1009.0 449.0
face 0.31 100.0 499.0 115.0 515.0
face 0.31 279.0 381.0 290.0 394.0
face 0.31 24.0 431.0 35.0 443.0
face 0.31 694.0 422.0 704.0 434.0
face 0.30 199.0 542.0 211.0 556.0
face 0.30 679.0 438.0 690.0 450.0
face 0.30 661.0 525.0 675.0 540.0
face 0.30 343.0 406.0 354.0 418.0
face 0.30 192.0 453.0 203.0 466.0
face 0.30 822.0 478.0 833.0 491.0
face 0.30 39.0 366.0 49.0 378.0
face 0.30 950.0 454.0 962.0 468.0
face 0.30 880.0 413.0 892.0 429.0
face 0.30 80.0 423.0 90.0 435.0
face 0.30 687.0 437.0 697.0 449.0
face 0.30 846.0 446.0 857.0 458.0
face 0.30 806.0 438.0 817.0 450.0
face 0.30 215.0 428.0 226.0 442.0
face 0.30 199.0 431.0 210.0 443.0
face 0.30 270.0 413.0 281.0 425.0
face 0.30 376.0 412.0 386.0 425.0
face 0.30 750.0 421.0 760.0 434.0
face 0.30 360.0 485.0 371.0 497.0
face 0.30 302.0 485.0 313.0 497.0
face 0.30 945.0 399.0 954.0 410.0
face 0.30 271.0 510.0 282.0 524.0
face 0.30 807.0 495.0 817.0 507.0
face 0.30 733.0 531.0 748.0 549.0
face 0.30 286.0 445.0 297.0 459.0
face 0.30 253.0 437.0 267.0 453.0
face 0.30 855.0 501.0 866.0 514.0
face 0.30 351.0 558.0 362.0 571.0
face 0.30 316.0 529.0 330.0 547.0
face 0.30 279.0 500.0 291.0 514.0
face 0.30 176.0 454.0 186.0 466.0
face 0.30 662.0 438.0 673.0 450.0
face 0.30 256.0 407.0 267.0 419.0
face 0.30 407.0 467.0 419.0 481.0
face 0.30 213.0 437.0 224.0 450.0
face 0.30 326.0 405.0 337.0 418.0
face 0.30 279.0 471.0 289.0 483.0
face 0.30 271.0 493.0 281.0 506.0
face 0.30 229.0 104.0 259.0 138.0
