face 1.00 352.0 290.0 397.0 350.0
face 1.00 154.0 400.0 242.0 511.0
face 1.00 160.0 281.0 183.0 308.0
face 1.00 60.0 363.0 99.0 410.0
face 1.00 266.0 269.0 295.0 312.0
face 1.00 235.0 275.0 266.0 312.0
face 1.00 744.0 224.0 803.0 299.0
face 1.00 141.0 314.0 167.0 347.0
face 0.97 460.0 269.0 473.0 285.0
face 0.96 658.0 271.0 706.0 326.0
face 0.96 985.0 261.0 1025.0 317.0
face 0.88 518.0 295.0 551.0 331.0
face 0.84 876.0 233.0 911.0 283.0
face 0.84 300.0 384.0 339.0 437.0
face 0.68 846.0 209.0 879.0 251.0
face 0.59 492.0 365.0 519.0 399.0
face 0.58 379.0 138.0 408.0 178.0
face 0.47 710.0 296.0 748.0 339.0
face 0.46 853.0 396.0 866.0 413.0
face 0.42 282.0 435.0 298.0 456.0
face 0.42 487.0 286.0 519.0 319.0
face 0.42 627.0 321.0 647.0 342.0
face 0.41 575.0 270.0 586.0 283.0
face 0.40 636.0 405.0 652.0 428.0
face 0.40 984.0 718.0 1004.0 740.0
face 0.38 857.0 218.0 895.0 271.0
face 0.36 476.0 280.0 493.0 300.0
face 0.35 632.0 198.0 668.0 259.0
face 0.35 124.0 436.0 160.0 478.0
face 0.33 867.0 200.0 886.0 221.0
face 0.32 609.0 280.0 658.0 342.0
face 0.32 267.0 463.0 283.0 483.0
face 0.31 640.0 282.0 663.0 315.0
face 0.31 648.0 452.0 666.0 474.0
face 0.30 655.0 382.0 667.0 395.0
