face 1.00 382.0 327.0 416.0 373.0
face 0.99 950.0 187.0 1002.0 268.0
face 0.99 518.0 295.0 550.0 331.0
face 0.86 815.0 260.0 832.0 279.0
face 0.81 589.0 238.0 615.0 269.0
face 0.79 282.0 615.0 305.0 642.0
face 0.71 739.0 262.0 754.0 280.0
face 0.70 636.0 238.0 651.0 254.0
face 0.64 558.0 277.0 589.0 314.0
face 0.59 887.0 253.0 900.0 271.0
face 0.58 238.0 252.0 254.0 271.0
face 0.56 762.0 254.0 776.0 270.0
face 0.56 693.0 240.0 724.0 285.0
face 0.46 524.0 18.0 538.0 38.0
face 0.46 799.0 276.0 813.0 295.0
face 0.45 752.0 156.0 762.0 169.0
face 0.39 813.0 117.0 824.0 131.0
face 0.36 766.0 158.0 776.0 171.0
face 0.35 837.0 269.0 849.0 283.0
face 0.35 727.0 243.0 738.0 257.0
face 0.35 409.0 21.0 420.0 35.0
face 0.34 424.0 10.0 438.0 26.0
face 0.34 536.0 101.0 551.0 120.0
face 0.34 496.0 339.0 513.0 359.0
face 0.33 50.0 0.0 75.0 25.0
face 0.32 365.0 227.0 384.0 249.0
face 0.32 848.0 287.0 859.0 301.0
face 0.32 798.0 142.0 813.0 160.0
face 0.32 776.0 180.0 786.0 193.0
face 0.32 719.0 285.0 743.0 318.0
face 0.31 806.0 134.0 817.0 147.0
face 0.31 331.0 560.0 349.0 584.0
face 0.31 686.0 332.0 702.0 351.0
face 0.31 357.0 376.0 375.0 396.0
face 0.31 750.0 59.0 762.0 73.0
face 0.30 797.0 180.0 811.0 199.0
face 0.30 698.0 237.0 718.0 259.0
face 0.30 862.0 44.0 873.0 57.0
