face 0.98 281.0 602.0 295.0 619.0
face 0.96 223.0 587.0 234.0 601.0
face 0.96 194.0 525.0 210.0 543.0
face 0.95 336.0 610.0 351.0 628.0
face 0.95 583.0 540.0 594.0 553.0
face 0.94 52.0 657.0 71.0 678.0
face 0.87 215.0 629.0 231.0 648.0
face 0.86 294.0 543.0 305.0 556.0
face 0.83 426.0 572.0 438.0 586.0
face 0.83 237.0 570.0 253.0 591.0
face 0.82 209.0 548.0 221.0 562.0
face 0.81 158.0 536.0 169.0 549.0
face 0.80 215.0 610.0 227.0 624.0
face 0.80 953.0 531.0 968.0 549.0
face 0.79 647.0 510.0 658.0 524.0
face 0.78 515.0 564.0 527.0 579.0
face 0.73 847.0 618.0 863.0 638.0
face 0.73 15.0 500.0 26.0 513.0
face 0.73 768.0 534.0 778.0 547.0
face 0.70 665.0 622.0 687.0 646.0
face 0.68 87.0 526.0 97.0 537.0
face 0.67 143.0 589.0 159.0 607.0
face 0.65 191.0 605.0 204.0 622.0
face 0.65 591.0 487.0 601.0 500.0
face 0.63 526.0 602.0 542.0 620.0
face 0.61 318.0 581.0 331.0 596.0
face 0.61 406.0 567.0 417.0 580.0
face 0.60 722.0 581.0 736.0 598.0
face 0.60 575.0 558.0 588.0 573.0
face 0.59 561.0 539.0 571.0 551.0
face 0.55 606.0 611.0 619.0 626.0
face 0.54 511.0 526.0 524.0 541.0
face 0.54 583.0 575.0 607.0 606.0
face 0.54 768.0 487.0 779.0 500.0
face 0.52 365.0 564.0 377.0 577.0
face 0.51 180.0 557.0 202.0 584.0
face 0.51 0.0 500.0 11.0 513.0
face 0.50 932.0 509.0 943.0 523.0
face 0.50 887.0 512.0 897.0 525.0
face 0.50 651.0 517.0 664.0 533.0
face 0.49 966.0 536.0 982.0 554.0
face 0.49 4.0 517.0 15.0 529.0
face 0.48 422.0 525.0 434.0 539.0
face 0.48 607.0 485.0 616.0 496.0
face 0.47 175.0 508.0 187.0 522.0
face 0.46 106.0 559.0 120.0 575.0
face 0.45 149.0 520.0 159.0 531.0
face 0.44 720.0 611.0 733.0 627.0
face 0.44 788.0 543.0 799.0 555.0
face 0.44 364.0 579.0 378.0 596.0
face 0.44 505.0 538.0 520.0 558.0
face 0.44 413.0 516.0 425.0 530.0
face 0.44 904.0 510.0 914.0 521.0
face 0.44 672.0 503.0 682.0 515.0
face 0.43 876.0 461.0 887.0 474.0
face 0.43 343.0 533.0 354.0 547.0
face 0.43 707.0 570.0 722.0 589.0
face 0.43 65.0 499.0 78.0 515.0
face 0.43 398.0 626.0 428.0 666.0
face 0.42 141.0 501.0 152.0 513.0
face 0.42 182.0 541.0 198.0 560.0
face 0.41 757.0 495.0 768.0 507.0
face 0.41 987.0 570.0 1003.0 589.0
face 0.41 502.0 584.0 516.0 601.0
face 0.39 824.0 452.0 834.0 464.0
face 0.38 999.0 595.0 1015.0 614.0
face 0.38 487.0 560.0 498.0 573.0
face 0.38 462.0 501.0 473.0 514.0
face 0.38 798.0 530.0 813.0 549.0
face 0.38 946.0 553.0 961.0 570.0
face 0.38 650.0 628.0 666.0 648.0
face 0.38 472.0 558.0 482.0 569.0
face 0.38 465.0 534.0 475.0 547.0
face 0.37 448.0 536.0 458.0 548.0
face 0.37 735.0 588.0 747.0 602.0
face 0.37 229.0 548.0 242.0 565.0
face 0.37 663.0 551.0 674.0 563.0
face 0.36 541.0 488.0 552.0 500.0
face 0.36 551.0 519.0 561.0 531.0
face 0.36 144.0 533.0 154.0 545.0
face 0.36 913.0 463.0 923.0 475.0
face 0.36 743.0 526.0 753.0 537.0
face 0.36 369.0 495.0 379.0 506.0
face 0.36 135.0 577.0 151.0 595.0
face 0.36 943.0 518.0 953.0 530.0
face 0.36 48.0 548.0 59.0 561.0
face 0.35 205.0 572.0 217.0 586.0
face 0.35 167.0 519.0 178.0 530.0
face 0.35 735.0 519.0 746.0 532.0
face 0.35 346.0 581.0 359.0 597.0
face 0.35 856.0 493.0 867.0 507.0
face 0.35 127.0 533.0 138.0 546.0
face 0.35 925.0 533.0 937.0 547.0
face 0.34 798.0 524.0 809.0 538.0
face 0.34 479.0 564.0 490.0 577.0
face 0.34 958.0 510.0 969.0 522.0
face 0.34 977.0 463.0 988.0 476.0
face 0.34 787.0 365.0 799.0 379.0
face 0.34 919.0 510.0 929.0 522.0
face 0.34 689.0 509.0 700.0 522.0
face 0.34 715.0 482.0 732.0 501.0
face 0.34 715.0 548.0 729.0 566.0
face 0.34 825.0 490.0 839.0 506.0
face 0.34 145.0 525.0 156.0 538.0
face 0.34 598.0 526.0 611.0 540.0
face 0.34 125.0 526.0 137.0 539.0
face 0.34 919.0 534.0 931.0 547.0
face 0.34 700.0 579.0 715.0 598.0
face 0.34 615.0 526.0 625.0 538.0
face 0.34 830.0 533.0 842.0 548.0
face 0.34 480.0 543.0 490.0 554.0
face 0.34 768.0 510.0 778.0 522.0
face 0.34 72.0 519.0 83.0 531.0
face 0.34 654.0 587.0 666.0 602.0
face 0.34 975.0 518.0 986.0 532.0
face 0.33 446.0 485.0 457.0 498.0
face 0.33 503.0 556.0 514.0 570.0
face 0.33 654.0 493.0 665.0 506.0
face 0.33 910.0 532.0 921.0 545.0
face 0.33 526.0 550.0 537.0 562.0
face 0.33 624.0 511.0 634.0 523.0
face 0.33 502.0 547.0 515.0 562.0
face 0.33 990.0 540.0 1004.0 557.0
face 0.33 160.0 510.0 170.0 522.0
face 0.33 606.0 526.0 617.0 539.0
face 0.33 429.0 507.0 440.0 520.0
face 0.33 86.0 501.0 96.0 513.0
face 0.33 437.0 493.0 449.0 507.0
face 0.33 575.0 511.0 585.0 523.0
face 0.33 462.0 484.0 473.0 497.0
face 0.33 150.0 556.0 162.0 570.0
face 0.33 238.0 534.0 249.0 546.0
face 0.33 53.0 546.0 68.0 562.0
face 0.33 806.0 541.0 817.0 555.0
face 0.33 2.0 546.0 18.0 569.0
face 0.33 782.0 526.0 792.0 538.0
face 0.33 236.0 554.0 252.0 573.0
face 0.32 629.0 516.0 640.0 530.0
face 0.32 654.0 500.0 665.0 514.0
face 0.32 325.0 586.0 336.0 601.0
face 0.32 688.0 501.0 699.0 515.0
face 0.32 326.0 532.0 338.0 546.0
face 0.32 847.0 503.0 858.0 515.0
face 0.32 806.0 525.0 817.0 539.0
face 0.32 110.0 590.0 121.0 604.0
face 0.32 639.0 543.0 649.0 555.0
face 0.32 887.0 534.0 898.0 546.0
face 0.32 743.0 637.0 756.0 652.0
face 0.32 647.0 502.0 659.0 516.0
face 0.32 730.0 402.0 746.0 423.0
face 0.32 128.0 541.0 139.0 554.0
face 0.32 844.0 556.0 861.0 575.0
face 0.32 615.0 550.0 626.0 563.0
face 0.32 792.0 525.0 802.0 537.0
face 0.32 166.0 508.0 181.0 524.0
face 0.32 701.0 549.0 713.0 563.0
face 0.32 896.0 524.0 906.0 538.0
face 0.32 207.0 508.0 218.0 521.0
face 0.32 630.0 525.0 641.0 538.0
face 0.32 980.0 516.0 993.0 532.0
face 0.32 263.0 511.0 273.0 522.0
face 0.32 62.0 535.0 72.0 547.0
face 0.32 951.0 509.0 962.0 522.0
face 0.32 902.0 526.0 913.0 539.0
face 0.32 752.0 533.0 762.0 545.0
face 0.32 319.0 526.0 330.0 539.0
face 0.32 871.0 510.0 882.0 522.0
face 0.32 238.0 511.0 248.0 524.0
face 0.32 615.0 509.0 626.0 521.0
face 0.31 496.0 542.0 506.0 556.0
face 0.31 399.0 550.0 409.0 563.0
face 0.31 215.0 517.0 226.0 530.0
face 0.31 246.0 526.0 257.0 538.0
face 0.31 406.0 539.0 419.0 556.0
face 0.31 743.0 508.0 754.0 521.0
face 0.31 776.0 502.0 787.0 515.0
face 0.31 599.0 502.0 609.0 514.0
face 0.31 224.0 502.0 234.0 515.0
face 0.31 822.0 517.0 834.0 532.0
face 0.31 823.0 511.0 833.0 523.0
face 0.31 191.0 598.0 202.0 613.0
face 0.31 232.0 533.0 242.0 545.0
face 0.31 175.0 516.0 186.0 530.0
face 0.31 262.0 537.0 277.0 556.0
face 0.31 879.0 543.0 890.0 556.0
face 0.31 478.0 518.0 489.0 531.0
face 0.31 829.0 525.0 841.0 539.0
face 0.31 560.0 510.0 570.0 522.0
face 0.31 487.0 516.0 498.0 529.0
face 0.31 772.0 491.0 786.0 506.0
face 0.31 215.0 535.0 226.0 548.0
face 0.31 750.0 509.0 760.0 521.0
face 0.31 608.0 502.0 618.0 514.0
face 0.31 351.0 565.0 361.0 577.0
face 0.31 934.0 470.0 944.0 483.0
face 0.31 590.0 511.0 601.0 523.0
face 0.31 886.0 523.0 899.0 538.0
face 0.31 503.0 526.0 515.0 539.0
face 0.31 494.0 558.0 505.0 571.0
face 0.31 333.0 518.0 343.0 530.0
face 0.31 815.0 511.0 826.0 523.0
face 0.31 948.0 515.0 964.0 533.0
face 0.31 544.0 517.0 554.0 529.0
face 0.31 615.0 517.0 626.0 530.0
face 0.31 605.0 533.0 616.0 546.0
face 0.31 503.0 532.0 514.0 547.0
face 0.31 590.0 502.0 601.0 514.0
face 0.31 623.0 549.0 633.0 562.0
face 0.31 808.0 488.0 818.0 500.0
face 0.31 60.0 540.0 74.0 558.0
face 0.31 559.0 517.0 570.0 529.0
face 0.31 870.0 517.0 881.0 529.0
face 0.30 461.0 581.0 473.0 596.0
face 0.30 399.0 557.0 410.0 570.0
face 0.30 334.0 525.0 345.0 538.0
face 0.30 453.0 533.0 464.0 547.0
face 0.30 47.0 660.0 61.0 677.0
face 0.30 640.0 510.0 651.0 522.0
face 0.30 166.0 500.0 177.0 514.0
face 0.30 272.0 511.0 282.0 522.0
face 0.30 535.0 518.0 545.0 530.0
face 0.30 687.0 493.0 699.0 507.0
face 0.30 567.0 510.0 577.0 522.0
face 0.30 472.0 519.0 482.0 530.0
face 0.30 607.0 518.0 618.0 531.0
face 0.30 312.0 575.0 325.0 591.0
face 0.30 456.0 501.0 467.0 514.0
face 0.30 251.0 579.0 266.0 597.0
face 0.30 583.0 511.0 594.0 523.0
face 0.30 943.0 511.0 954.0 523.0
face 0.30 360.0 524.0 370.0 536.0
face 0.30 550.0 502.0 561.0 515.0
face 0.30 873.0 502.0 883.0 515.0
face 0.30 245.0 556.0 256.0 570.0
face 0.30 438.0 486.0 450.0 500.0
face 0.30 615.0 503.0 625.0 515.0
face 0.30 206.0 517.0 218.0 531.0
face 0.30 527.0 534.0 537.0 547.0
face 0.30 174.0 525.0 185.0 537.0
face 0.30 335.0 533.0 346.0 546.0
face 0.30 239.0 541.0 250.0 554.0
