face 1.00 92.0 634.0 138.0 693.0
face 0.95 360.0 1109.0 373.0 1128.0
face 0.83 264.0 330.0 289.0 361.0
face 0.69 560.0 5.0 576.0 23.0
face 0.62 49.0 902.0 60.0 914.0
face 0.61 680.0 153.0 693.0 168.0
face 0.60 771.0 1303.0 786.0 1319.0
face 0.47 206.0 989.0 217.0 1003.0
face 0.44 905.0 844.0 922.0 864.0
face 0.44 223.0 355.0 234.0 369.0
face 0.44 638.0 80.0 656.0 101.0
face 0.42 799.0 114.0 811.0 129.0
face 0.42 363.0 61.0 377.0 79.0
face 0.41 86.0 892.0 98.0 907.0
face 0.37 462.0 860.0 474.0 875.0
face 0.36 836.0 46.0 854.0 68.0
face 0.36 696.0 51.0 724.0 88.0
face 0.36 695.0 149.0 709.0 165.0
face 0.35 191.0 358.0 202.0 372.0
face 0.35 883.0 886.0 936.0 945.0
face 0.35 487.0 632.0 502.0 652.0
face 0.34 940.0 82.0 954.0 100.0
face 0.33 734.0 564.0 745.0 577.0
face 0.32 308.0 195.0 328.0 216.0
face 0.32 718.0 1144.0 729.0 1156.0
face 0.31 682.0 130.0 696.0 147.0
face 0.31 336.0 180.0 348.0 195.0
face 0.31 584.0 4.0 598.0 19.0
face 0.31 189.0 349.0 200.0 362.0
face 0.30 333.0 0.0 346.0 12.0
face 0.30 54.0 252.0 70.0 272.0
