face 1.00 590.0 143.0 628.0 191.0
face 1.00 126.0 228.0 165.0 298.0
face 0.92 617.0 462.0 639.0 487.0
face 0.56 101.0 356.0 178.0 457.0
face 0.52 405.0 214.0 442.0 258.0
face 0.50 858.0 386.0 912.0 468.0
face 0.45 717.0 476.0 730.0 491.0
face 0.43 596.0 45.0 617.0 67.0
face 0.39 100.0 410.0 124.0 440.0
face 0.37 482.0 28.0 497.0 47.0
face 0.34 597.0 161.0 617.0 184.0
face 0.33 719.0 364.0 731.0 378.0
face 0.31 525.0 36.0 537.0 51.0
face 0.31 44.0 367.0 100.0 437.0
face 0.31 918.0 84.0 929.0 99.0
face 0.30 868.0 408.0 894.0 445.0
