face 0.96 618.0 428.0 633.0 446.0
face 0.88 374.0 417.0 386.0 432.0
face 0.83 500.0 384.0 516.0 403.0
face 0.66 360.0 80.0 437.0 195.0
face 0.60 137.0 342.0 150.0 359.0
face 0.58 399.0 350.0 411.0 366.0
face 0.57 207.0 404.0 221.0 422.0
face 0.57 425.0 370.0 438.0 387.0
face 0.49 295.0 396.0 307.0 411.0
face 0.44 678.0 334.0 694.0 353.0
face 0.43 568.0 332.0 579.0 346.0
face 0.43 511.0 403.0 523.0 418.0
face 0.41 135.0 323.0 146.0 338.0
face 0.40 221.0 397.0 232.0 410.0
face 0.39 504.0 336.0 515.0 349.0
face 0.39 358.0 599.0 368.0 611.0
face 0.38 584.0 394.0 599.0 412.0
face 0.38 808.0 350.0 820.0 367.0
face 0.38 220.0 415.0 236.0 438.0
face 0.36 764.0 333.0 779.0 350.0
face 0.33 213.0 397.0 229.0 416.0
face 0.33 936.0 123.0 948.0 138.0
face 0.31 259.0 380.0 275.0 399.0
face 0.30 565.0 435.0 579.0 452.0
face 0.30 467.0 467.0 480.0 485.0
face 0.30 394.0 354.0 415.0 389.0
face 0.30 575.0 429.0 587.0 444.0
