face 1.00 112.0 294.0 181.0 382.0
face 1.00 708.0 205.0 796.0 311.0
face 0.53 844.0 286.0 856.0 301.0
face 0.44 494.0 643.0 505.0 656.0
face 0.37 86.0 638.0 96.0 650.0
face 0.37 894.0 735.0 904.0 747.0
face 0.36 6.0 630.0 16.0 642.0
face 0.34 581.0 269.0 592.0 283.0
face 0.33 750.0 18.0 767.0 39.0
face 0.33 941.0 253.0 951.0 266.0
face 0.33 996.0 300.0 1009.0 315.0
face 0.33 190.0 648.0 202.0 662.0
face 0.32 894.0 319.0 905.0 332.0
face 0.31 398.0 623.0 408.0 634.0
face 0.31 15.0 623.0 25.0 635.0
face 0.31 174.0 454.0 238.0 520.0
face 0.31 454.0 260.0 488.0 301.0
face 0.30 174.0 626.0 186.0 640.0
