face 1.00 412.0 440.0 504.0 570.0
face 0.72 548.0 331.0 565.0 352.0
face 0.68 349.0 768.0 483.0 914.0
face 0.49 580.0 320.0 595.0 341.0
face 0.46 1004.0 86.0 1017.0 101.0
face 0.43 875.0 1311.0 918.0 1357.0
face 0.39 943.0 61.0 954.0 74.0
face 0.38 523.0 398.0 538.0 417.0
face 0.38 802.0 27.0 822.0 48.0
face 0.37 422.0 1051.0 437.0 1073.0
face 0.37 37.0 542.0 49.0 556.0
face 0.36 474.0 1045.0 535.0 1090.0
face 0.35 717.0 143.0 731.0 160.0
face 0.35 423.0 64.0 433.0 76.0
face 0.34 518.0 214.0 533.0 232.0
face 0.34 901.0 542.0 912.0 555.0
face 0.34 827.0 195.0 841.0 212.0
face 0.34 1007.0 549.0 1020.0 563.0
face 0.34 695.0 1323.0 708.0 1338.0
face 0.34 552.0 367.0 564.0 381.0
face 0.33 161.0 160.0 287.0 307.0
face 0.33 587.0 365.0 600.0 381.0
face 0.33 958.0 5.0 970.0 19.0
face 0.32 771.0 1005.0 818.0 1070.0
face 0.32 556.0 340.0 567.0 355.0
face 0.32 893.0 62.0 911.0 87.0
face 0.32 944.0 325.0 955.0 340.0
face 0.32 559.0 248.0 570.0 260.0
face 0.32 928.0 83.0 942.0 100.0
face 0.32 376.0 1.0 400.0 30.0
face 0.31 949.0 132.0 963.0 150.0
face 0.31 447.0 31.0 459.0 44.0
face 0.30 209.0 273.0 227.0 296.0
face 0.30 620.0 284.0 633.0 299.0
face 0.30 576.0 356.0 586.0 369.0
face 0.30 615.0 258.0 629.0 275.0
face 0.30 652.0 127.0 670.0 147.0
