face 1.00 315.0 215.0 350.0 253.0
face 1.00 475.0 206.0 506.0 247.0
face 0.99 576.0 182.0 591.0 201.0
face 0.97 621.0 185.0 634.0 201.0
face 0.97 328.0 169.0 355.0 199.0
face 0.94 117.0 338.0 213.0 446.0
face 0.91 546.0 191.0 559.0 208.0
face 0.56 651.0 469.0 735.0 590.0
face 0.54 803.0 153.0 828.0 180.0
face 0.48 1011.0 164.0 1024.0 183.0
face 0.45 438.0 230.0 466.0 263.0
face 0.40 312.0 178.0 325.0 196.0
face 0.40 131.0 578.0 175.0 637.0
face 0.37 1006.0 452.0 1018.0 466.0
face 0.34 45.0 204.0 58.0 220.0
face 0.34 916.0 234.0 933.0 257.0
face 0.33 344.0 201.0 366.0 230.0
face 0.33 695.0 270.0 706.0 283.0
face 0.32 679.0 332.0 690.0 346.0
face 0.31 485.0 165.0 497.0 180.0
face 0.31 648.0 253.0 661.0 268.0
face 0.30 310.0 165.0 324.0 183.0
face 0.30 965.0 177.0 983.0 200.0
face 0.30 916.0 295.0 940.0 324.0
