face 0.90 499.0 316.0 514.0 335.0
face 0.86 48.0 46.0 83.0 87.0
face 0.77 745.0 274.0 759.0 291.0
face 0.75 848.0 618.0 867.0 641.0
face 0.75 149.0 368.0 181.0 411.0
face 0.66 54.0 301.0 64.0 314.0
face 0.64 746.0 573.0 758.0 588.0
face 0.64 644.0 303.0 660.0 322.0
face 0.61 47.0 590.0 58.0 604.0
face 0.58 246.0 164.0 258.0 178.0
face 0.57 383.0 249.0 395.0 265.0
face 0.54 322.0 210.0 337.0 227.0
face 0.53 913.0 328.0 927.0 346.0
face 0.52 343.0 214.0 355.0 228.0
face 0.52 457.0 545.0 481.0 574.0
face 0.51 451.0 298.0 465.0 317.0
face 0.49 128.0 524.0 142.0 543.0
face 0.49 199.0 118.0 210.0 132.0
face 0.48 333.0 220.0 391.0 303.0
face 0.48 63.0 285.0 73.0 298.0
face 0.46 270.0 402.0 285.0 422.0
face 0.46 763.0 277.0 792.0 314.0
face 0.46 240.0 120.0 256.0 143.0
face 0.46 703.0 602.0 725.0 633.0
face 0.45 529.0 12.0 542.0 27.0
face 0.43 -1.0 229.0 20.0 261.0
face 0.43 225.0 505.0 328.0 633.0
face 0.42 98.0 59.0 115.0 80.0
face 0.42 957.0 16.0 972.0 35.0
face 0.42 14.0 292.0 25.0 306.0
face 0.41 71.0 314.0 87.0 335.0
face 0.41 859.0 641.0 873.0 657.0
face 0.38 281.0 482.0 311.0 522.0
face 0.38 218.0 582.0 237.0 604.0
face 0.38 15.0 469.0 28.0 487.0
face 0.37 53.0 322.0 67.0 339.0
face 0.36 349.0 245.0 376.0 280.0
face 0.35 125.0 91.0 140.0 112.0
face 0.35 605.0 340.0 618.0 355.0
face 0.35 354.0 520.0 369.0 539.0
face 0.35 823.0 15.0 834.0 28.0
face 0.35 67.0 297.0 83.0 317.0
face 0.35 716.0 334.0 730.0 352.0
face 0.33 887.0 340.0 901.0 359.0
face 0.32 -1.0 507.0 11.0 523.0
face 0.32 820.0 259.0 838.0 279.0
face 0.32 843.0 320.0 858.0 341.0
face 0.32 46.0 38.0 57.0 51.0
face 0.32 736.0 321.0 750.0 340.0
face 0.32 95.0 68.0 107.0 83.0
face 0.32 484.0 22.0 495.0 36.0
face 0.31 47.0 325.0 59.0 339.0
face 0.31 476.0 579.0 508.0 623.0
face 0.31 366.0 505.0 381.0 526.0
face 0.31 588.0 332.0 604.0 352.0
face 0.31 69.0 356.0 91.0 383.0
face 0.31 481.0 322.0 497.0 342.0
face 0.31 674.0 27.0 688.0 44.0
face 0.31 815.0 230.0 826.0 243.0
face 0.31 159.0 93.0 174.0 111.0
face 0.31 734.0 196.0 746.0 211.0
face 0.30 559.0 32.0 570.0 44.0
face 0.30 80.0 90.0 95.0 110.0
face 0.30 246.0 452.0 257.0 465.0
