face 0.93 106.0 112.0 120.0 129.0
face 0.70 752.0 131.0 764.0 148.0
face 0.70 779.0 125.0 789.0 138.0
face 0.68 370.0 129.0 384.0 149.0
face 0.66 253.0 490.0 265.0 504.0
face 0.65 322.0 413.0 334.0 429.0
face 0.60 50.0 126.0 65.0 146.0
face 0.52 133.0 122.0 147.0 139.0
face 0.50 494.0 568.0 505.0 581.0
face 0.48 6.0 749.0 20.0 768.0
face 0.45 398.0 304.0 413.0 324.0
face 0.45 303.0 416.0 313.0 429.0
face 0.44 466.0 747.0 479.0 763.0
face 0.43 501.0 542.0 513.0 555.0
face 0.41 615.0 620.0 638.0 654.0
face 0.41 651.0 524.0 666.0 542.0
face 0.40 623.0 620.0 634.0 635.0
face 0.40 253.0 430.0 264.0 442.0
face 0.40 885.0 483.0 898.0 498.0
face 0.40 380.0 139.0 396.0 157.0
face 0.39 424.0 238.0 438.0 253.0
face 0.39 461.0 314.0 474.0 332.0
face 0.36 666.0 504.0 682.0 525.0
face 0.35 447.0 338.0 461.0 355.0
face 0.35 374.0 669.0 391.0 688.0
face 0.35 405.0 269.0 415.0 282.0
face 0.35 469.0 363.0 486.0 383.0
face 0.34 774.0 109.0 785.0 122.0
face 0.34 558.0 476.0 574.0 495.0
face 0.34 47.0 119.0 58.0 132.0
face 0.33 470.0 640.0 485.0 658.0
face 0.32 797.0 121.0 810.0 136.0
face 0.32 143.0 118.0 154.0 132.0
face 0.32 659.0 522.0 674.0 540.0
face 0.32 507.0 537.0 521.0 554.0
face 0.31 654.0 489.0 669.0 511.0
face 0.31 758.0 294.0 771.0 308.0
face 0.31 669.0 276.0 681.0 291.0
face 0.31 273.0 431.0 285.0 446.0
face 0.31 127.0 118.0 138.0 132.0
face 0.31 696.0 125.0 710.0 143.0
face 0.31 335.0 126.0 346.0 140.0
face 0.31 814.0 134.0 825.0 147.0
face 0.30 160.0 125.0 171.0 138.0
face 0.30 310.0 413.0 322.0 428.0
face 0.30 179.0 145.0 216.0 187.0
face 0.30 391.0 301.0 403.0 315.0
