face 1.00 240.0 311.0 419.0 539.0
face 0.78 172.0 1284.0 185.0 1300.0
face 0.74 326.0 1175.0 342.0 1197.0
face 0.63 544.0 493.0 657.0 642.0
face 0.58 316.0 1205.0 327.0 1219.0
face 0.48 182.0 1503.0 194.0 1517.0
face 0.45 879.0 452.0 937.0 502.0
face 0.44 1.0 -2.0 25.0 26.0
face 0.43 188.0 1223.0 203.0 1242.0
face 0.42 175.0 1434.0 186.0 1449.0
face 0.41 717.0 620.0 896.0 842.0
face 0.41 167.0 1215.0 181.0 1235.0
face 0.39 371.0 939.0 386.0 956.0
face 0.37 45.0 1.0 68.0 27.0
face 0.37 350.0 1292.0 361.0 1306.0
face 0.36 94.0 1453.0 105.0 1466.0
face 0.35 294.0 1329.0 308.0 1346.0
face 0.35 465.0 1332.0 478.0 1347.0
face 0.34 144.0 1238.0 156.0 1251.0
face 0.34 443.0 1271.0 460.0 1293.0
face 0.33 289.0 904.0 314.0 935.0
face 0.33 399.0 1430.0 410.0 1444.0
face 0.32 715.0 313.0 745.0 352.0
face 0.32 466.0 1046.0 478.0 1061.0
face 0.32 236.0 1341.0 250.0 1359.0
face 0.32 88.0 1454.0 99.0 1467.0
face 0.32 549.0 1491.0 563.0 1509.0
face 0.32 414.0 1401.0 429.0 1419.0
face 0.32 207.0 1193.0 222.0 1210.0
face 0.32 228.0 1128.0 243.0 1147.0
face 0.31 414.0 1252.0 427.0 1268.0
face 0.31 171.0 1421.0 186.0 1440.0
face 0.31 158.0 1220.0 173.0 1238.0
face 0.31 104.0 1477.0 115.0 1490.0
face 0.31 671.0 248.0 844.0 455.0
face 0.31 128.0 1237.0 139.0 1249.0
face 0.31 381.0 1373.0 392.0 1386.0
face 0.31 487.0 1262.0 497.0 1274.0
face 0.31 307.0 1413.0 321.0 1430.0
face 0.31 533.0 1475.0 545.0 1490.0
face 0.30 267.0 1339.0 282.0 1358.0
face 0.30 478.0 1481.0 493.0 1499.0
face 0.30 730.0 535.0 866.0 687.0
