face 0.87 333.0 342.0 438.0 474.0
face 0.66 118.0 1415.0 134.0 1434.0
face 0.61 512.0 1233.0 528.0 1254.0
face 0.60 433.0 1220.0 454.0 1249.0
face 0.59 402.0 791.0 445.0 848.0
face 0.53 470.0 470.0 500.0 509.0
face 0.48 419.0 76.0 434.0 96.0
face 0.40 343.0 1412.0 354.0 1425.0
face 0.40 669.0 1406.0 684.0 1425.0
face 0.39 578.0 1482.0 594.0 1502.0
face 0.39 704.0 258.0 718.0 276.0
face 0.37 44.0 1490.0 58.0 1508.0
face 0.37 358.0 1420.0 370.0 1434.0
face 0.37 700.0 1482.0 716.0 1502.0
face 0.35 385.0 382.0 447.0 453.0
face 0.35 12.0 1452.0 24.0 1467.0
face 0.34 429.0 1486.0 440.0 1498.0
face 0.34 926.0 1509.0 938.0 1524.0
face 0.32 251.0 755.0 276.0 785.0
face 0.32 662.0 1450.0 678.0 1471.0
face 0.32 223.0 1407.0 233.0 1421.0
face 0.31 560.0 1502.0 571.0 1516.0
face 0.31 349.0 636.0 361.0 650.0
face 0.31 113.0 1372.0 126.0 1387.0
face 0.31 471.0 728.0 483.0 742.0
face 0.30 347.0 975.0 377.0 1018.0
face 0.30 502.0 1115.0 515.0 1131.0
face 0.30 354.0 972.0 372.0 994.0
