face 1.00 0.0 268.0 30.0 320.0
face 0.99 870.0 400.0 916.0 468.0
face 0.85 809.0 437.0 826.0 458.0
face 0.56 109.0 21.0 121.0 36.0
face 0.54 952.0 4.0 978.0 38.0
face 0.50 768.0 385.0 794.0 419.0
face 0.49 370.0 495.0 435.0 568.0
face 0.43 777.0 55.0 794.0 75.0
face 0.40 805.0 790.0 820.0 809.0
face 0.40 997.0 23.0 1024.0 65.0
face 0.40 794.0 415.0 810.0 435.0
face 0.38 778.0 131.0 809.0 171.0
face 0.37 853.0 690.0 868.0 709.0
face 0.35 146.0 95.0 171.0 126.0
face 0.35 149.0 0.0 162.0 12.0
face 0.35 812.0 27.0 827.0 48.0
face 0.34 844.0 445.0 859.0 462.0
face 0.34 772.0 330.0 800.0 366.0
face 0.34 803.0 40.0 818.0 61.0
face 0.34 847.0 23.0 859.0 37.0
face 0.33 837.0 21.0 849.0 34.0
face 0.32 877.0 765.0 889.0 778.0
face 0.32 754.0 609.0 776.0 636.0
face 0.31 191.0 97.0 221.0 129.0
face 0.31 840.0 413.0 885.0 469.0
face 0.30 805.0 0.0 836.0 31.0
face 0.30 490.0 44.0 506.0 62.0
