face 1.00 748.0 49.0 811.0 131.0
face 1.00 59.0 215.0 104.0 273.0
face 0.98 382.0 158.0 412.0 190.0
face 0.95 132.0 149.0 156.0 184.0
face 0.93 230.0 387.0 279.0 444.0
face 0.91 474.0 157.0 497.0 185.0
face 0.90 36.0 144.0 65.0 177.0
face 0.77 211.0 128.0 243.0 165.0
face 0.76 105.0 216.0 120.0 234.0
face 0.62 293.0 145.0 325.0 181.0
face 0.41 172.0 555.0 186.0 573.0
face 0.40 321.0 392.0 375.0 454.0
face 0.40 475.0 271.0 497.0 302.0
face 0.35 612.0 213.0 628.0 233.0
face 0.34 211.0 552.0 228.0 572.0
face 0.33 590.0 305.0 606.0 325.0
face 0.33 33.0 465.0 49.0 485.0
face 0.32 199.0 614.0 211.0 627.0
face 0.32 611.0 432.0 639.0 465.0
face 0.31 16.0 213.0 38.0 242.0
face 0.31 780.0 197.0 809.0 231.0
