face 1.00 149.0 15.0 207.0 85.0
face 0.99 277.0 85.0 294.0 104.0
face 0.96 600.0 383.0 632.0 428.0
face 0.96 302.0 246.0 374.0 330.0
face 0.76 749.0 131.0 769.0 158.0
face 0.71 62.0 104.0 89.0 135.0
face 0.66 256.0 421.0 281.0 449.0
face 0.57 706.0 101.0 728.0 130.0
face 0.56 5.0 48.0 47.0 99.0
face 0.51 106.0 512.0 169.0 591.0
face 0.38 167.0 258.0 197.0 291.0
face 0.37 290.0 82.0 307.0 103.0
face 0.36 297.0 142.0 310.0 157.0
face 0.36 58.0 273.0 78.0 297.0
face 0.34 683.0 103.0 698.0 124.0
face 0.34 31.0 323.0 74.0 376.0
face 0.32 610.0 378.0 628.0 402.0
face 0.31 177.0 41.0 207.0 82.0
face 0.31 83.0 28.0 101.0 49.0
face 0.30 782.0 136.0 800.0 158.0
face 0.30 377.0 337.0 403.0 365.0
