face 1.00 162.0 714.0 250.0 813.0
face 0.94 539.0 1238.0 628.0 1348.0
face 0.91 444.0 665.0 529.0 776.0
face 0.67 697.0 928.0 744.0 994.0
face 0.56 246.0 1153.0 301.0 1217.0
face 0.55 599.0 1456.0 686.0 1537.0
face 0.52 460.0 709.0 491.0 751.0
face 0.50 658.0 797.0 672.0 814.0
face 0.48 593.0 1383.0 610.0 1408.0
face 0.46 296.0 1096.0 335.0 1145.0
face 0.44 75.0 876.0 217.0 1001.0
face 0.38 94.0 721.0 194.0 833.0
face 0.36 68.0 1312.0 84.0 1334.0
face 0.36 56.0 905.0 74.0 928.0
face 0.35 641.0 1366.0 669.0 1396.0
face 0.35 54.0 838.0 66.0 852.0
