face 1.00 294.0 119.0 371.0 210.0
face 0.57 537.0 109.0 552.0 127.0
face 0.55 689.0 315.0 715.0 348.0
face 0.54 185.0 724.0 201.0 743.0
face 0.48 422.0 319.0 436.0 337.0
face 0.48 789.0 329.0 809.0 352.0
face 0.48 375.0 288.0 395.0 314.0
face 0.48 910.0 695.0 923.0 711.0
face 0.45 949.0 686.0 961.0 701.0
face 0.44 691.0 256.0 710.0 280.0
face 0.42 311.0 413.0 323.0 429.0
face 0.42 522.0 216.0 540.0 237.0
face 0.41 428.0 1.0 454.0 25.0
face 0.40 746.0 159.0 762.0 179.0
face 0.36 434.0 255.0 450.0 275.0
face 0.35 923.0 681.0 939.0 701.0
face 0.35 725.0 174.0 738.0 189.0
face 0.34 590.0 593.0 607.0 613.0
face 0.34 281.0 291.0 298.0 310.0
face 0.33 414.0 325.0 426.0 339.0
face 0.32 504.0 122.0 515.0 137.0
face 0.31 394.0 305.0 413.0 326.0
face 0.31 487.0 12.0 503.0 30.0
face 0.30 778.0 7.0 795.0 28.0
face 0.30 784.0 115.0 795.0 128.0
