face 1.00 554.0 131.0 655.0 267.0
face 0.87 650.0 371.0 747.0 500.0
face 0.59 809.0 436.0 922.0 590.0
face 0.55 649.0 163.0 681.0 212.0
face 0.49 535.0 1203.0 550.0 1225.0
face 0.48 658.0 1322.0 677.0 1347.0
face 0.44 502.0 954.0 518.0 973.0
face 0.44 31.0 762.0 284.0 1040.0
face 0.40 543.0 364.0 554.0 378.0
face 0.38 663.0 417.0 689.0 447.0
face 0.36 368.0 654.0 430.0 733.0
face 0.34 274.0 773.0 412.0 934.0
face 0.34 551.0 485.0 577.0 522.0
face 0.33 634.0 998.0 653.0 1024.0
face 0.32 521.0 1007.0 546.0 1036.0
face 0.32 531.0 1086.0 549.0 1108.0
face 0.30 25.0 589.0 167.0 738.0
