face 1.00 530.0 46.0 597.0 140.0
face 0.79 264.0 132.0 371.0 279.0
face 0.48 256.0 583.0 311.0 647.0
face 0.40 161.0 514.0 183.0 537.0
face 0.37 108.0 513.0 177.0 605.0
face 0.34 665.0 125.0 689.0 162.0
face 0.32 693.0 314.0 709.0 335.0
face 0.32 637.0 132.0 657.0 161.0
face 0.32 585.0 552.0 602.0 572.0
face 0.32 575.0 129.0 601.0 163.0
face 0.31 144.0 513.0 191.0 558.0
face 0.31 476.0 445.0 491.0 465.0
face 0.31 1002.0 104.0 1019.0 129.0
face 0.31 281.0 514.0 312.0 558.0
face 0.31 483.0 48.0 534.0 105.0
