face 1.00 228.0 280.0 276.0 342.0
face 1.00 490.0 75.0 539.0 141.0
face 0.93 51.0 286.0 102.0 355.0
face 0.92 367.0 286.0 405.0 328.0
face 0.58 915.0 663.0 949.0 706.0
face 0.51 802.0 362.0 893.0 474.0
face 0.49 146.0 488.0 169.0 514.0
face 0.49 902.0 247.0 968.0 322.0
face 0.45 482.0 203.0 500.0 224.0
face 0.44 9.0 681.0 24.0 701.0
face 0.43 551.0 187.0 575.0 215.0
face 0.41 294.0 679.0 310.0 698.0
face 0.39 756.0 380.0 774.0 399.0
face 0.38 177.0 664.0 196.0 688.0
face 0.36 776.0 303.0 833.0 365.0
face 0.36 885.0 304.0 900.0 324.0
face 0.35 701.0 378.0 732.0 412.0
face 0.34 374.0 220.0 390.0 241.0
face 0.31 260.0 460.0 272.0 474.0
face 0.30 334.0 344.0 350.0 363.0
