face 1.00 316.0 239.0 352.0 279.0
face 1.00 671.0 191.0 771.0 333.0
face 0.91 140.0 263.0 175.0 308.0
face 0.85 218.0 224.0 243.0 257.0
face 0.64 30.0 216.0 53.0 243.0
face 0.54 13.0 288.0 37.0 316.0
face 0.44 21.0 355.0 46.0 389.0
face 0.43 154.0 216.0 174.0 238.0
face 0.43 726.0 191.0 818.0 320.0
face 0.41 137.0 157.0 148.0 171.0
face 0.39 6.0 295.0 22.0 318.0
face 0.38 620.0 485.0 639.0 508.0
face 0.35 846.0 530.0 863.0 549.0
face 0.34 307.0 315.0 333.0 347.0
face 0.32 188.0 295.0 206.0 320.0
face 0.32 161.0 279.0 178.0 300.0
face 0.31 340.0 300.0 353.0 318.0
face 0.30 165.0 220.0 178.0 235.0
face 0.30 161.0 238.0 189.0 270.0
face 0.30 238.0 291.0 250.0 306.0
