face 1.00 606.0 97.0 726.0 235.0
face 0.51 541.0 492.0 553.0 508.0
face 0.42 838.0 577.0 872.0 617.0
face 0.40 454.0 301.0 481.0 332.0
face 0.39 137.0 564.0 189.0 634.0
face 0.36 570.0 339.0 586.0 357.0
face 0.36 550.0 212.0 561.0 226.0
face 0.34 536.0 284.0 550.0 302.0
face 0.33 439.0 503.0 468.0 535.0
face 0.33 413.0 -1.0 444.0 31.0
face 0.33 337.0 61.0 366.0 95.0
face 0.33 517.0 272.0 534.0 293.0
face 0.33 456.0 244.0 471.0 262.0
face 0.33 417.0 206.0 438.0 230.0
face 0.33 885.0 619.0 945.0 679.0
face 0.33 569.0 362.0 587.0 384.0
face 0.32 486.0 236.0 498.0 250.0
face 0.32 614.0 518.0 643.0 560.0
face 0.32 331.0 286.0 348.0 308.0
face 0.32 534.0 278.0 546.0 292.0
face 0.31 2.0 127.0 52.0 197.0
face 0.30 73.0 217.0 94.0 242.0
face 0.30 260.0 514.0 293.0 554.0
