face 1.00 476.0 415.0 498.0 441.0
face 0.99 80.0 423.0 108.0 458.0
face 0.91 531.0 368.0 572.0 412.0
face 0.89 165.0 391.0 197.0 426.0
face 0.68 586.0 415.0 604.0 437.0
face 0.55 48.0 417.0 71.0 442.0
face 0.46 214.0 405.0 241.0 434.0
face 0.44 427.0 416.0 446.0 437.0
face 0.44 60.0 393.0 78.0 414.0
face 0.43 51.0 395.0 69.0 417.0
face 0.42 873.0 384.0 903.0 413.0
face 0.41 163.0 731.0 180.0 753.0
face 0.38 113.0 329.0 130.0 350.0
face 0.38 116.0 388.0 131.0 408.0
face 0.37 405.0 426.0 420.0 443.0
face 0.33 452.0 427.0 468.0 444.0
face 0.33 230.0 406.0 242.0 421.0
face 0.32 914.0 392.0 932.0 414.0
face 0.32 720.0 389.0 764.0 424.0
face 0.30 99.0 399.0 126.0 428.0
face 0.30 582.0 478.0 593.0 492.0
