face 0.55 534.0 584.0 556.0 612.0
face 0.46 416.0 407.0 521.0 533.0
face 0.45 331.0 301.0 346.0 322.0
face 0.43 731.0 441.0 812.0 552.0
face 0.42 453.0 235.0 477.0 264.0
face 0.42 474.0 645.0 491.0 665.0
face 0.41 428.0 68.0 459.0 113.0
face 0.40 980.0 1.0 1023.0 66.0
face 0.39 647.0 534.0 674.0 568.0
face 0.33 195.0 489.0 212.0 510.0
face 0.32 450.0 116.0 487.0 159.0
face 0.31 327.0 323.0 349.0 352.0
face 0.31 643.0 673.0 690.0 723.0
face 0.31 532.0 547.0 548.0 569.0
face 0.31 445.0 654.0 458.0 669.0
face 0.31 958.0 693.0 969.0 707.0
