face 0.96 243.0 123.0 256.0 138.0
face 0.94 213.0 119.0 227.0 136.0
face 0.93 346.0 102.0 361.0 123.0
face 0.83 629.0 84.0 641.0 98.0
face 0.83 783.0 66.0 797.0 83.0
face 0.68 477.0 97.0 491.0 113.0
face 0.67 303.0 93.0 318.0 111.0
face 0.58 438.0 104.0 450.0 118.0
face 0.43 586.0 85.0 598.0 101.0
face 0.42 390.0 115.0 401.0 128.0
face 0.39 728.0 82.0 741.0 97.0
face 0.38 277.0 117.0 288.0 130.0
face 0.37 606.0 92.0 618.0 106.0
face 0.36 834.0 60.0 850.0 81.0
face 0.31 696.0 77.0 710.0 94.0
face 0.31 173.0 123.0 184.0 137.0
face 0.31 884.0 125.0 898.0 143.0
