face 1.00 763.0 243.0 856.0 352.0
face 1.00 231.0 221.0 326.0 333.0
face 0.97 465.0 199.0 562.0 311.0
face 0.57 830.0 470.0 842.0 484.0
face 0.50 210.0 321.0 234.0 349.0
face 0.46 0.0 401.0 222.0 649.0
face 0.45 926.0 509.0 937.0 524.0
face 0.42 193.0 447.0 219.0 480.0
face 0.42 579.0 520.0 609.0 554.0
face 0.41 591.0 460.0 602.0 474.0
face 0.37 726.0 460.0 740.0 477.0
face 0.36 636.0 492.0 653.0 511.0
face 0.35 412.0 441.0 427.0 460.0
face 0.35 166.0 363.0 177.0 377.0
face 0.33 936.0 455.0 959.0 483.0
face 0.33 610.0 322.0 648.0 366.0
face 0.32 653.0 341.0 666.0 356.0
face 0.32 402.0 420.0 417.0 438.0
face 0.31 174.0 437.0 186.0 452.0
face 0.30 605.0 477.0 616.0 490.0
face 0.30 303.0 457.0 328.0 489.0
