face 1.00 58.0 352.0 89.0 393.0
face 1.00 598.0 395.0 628.0 433.0
face 1.00 216.0 360.0 246.0 395.0
face 0.98 384.0 378.0 397.0 395.0
face 0.92 -1.0 595.0 30.0 652.0
face 0.74 397.0 745.0 478.0 851.0
face 0.63 74.0 459.0 93.0 480.0
face 0.51 438.0 331.0 459.0 356.0
face 0.50 335.0 1205.0 347.0 1220.0
face 0.46 718.0 316.0 735.0 336.0
face 0.46 377.0 594.0 433.0 646.0
face 0.43 179.0 833.0 196.0 852.0
face 0.42 892.0 312.0 908.0 331.0
face 0.38 889.0 359.0 906.0 379.0
face 0.37 901.0 296.0 916.0 315.0
face 0.37 277.0 982.0 294.0 1004.0
face 0.37 190.0 414.0 201.0 428.0
face 0.35 374.0 1010.0 385.0 1024.0
face 0.34 246.0 393.0 262.0 414.0
face 0.33 807.0 362.0 820.0 379.0
face 0.33 431.0 164.0 443.0 178.0
face 0.33 987.0 11.0 1005.0 32.0
face 0.32 561.0 123.0 587.0 156.0
face 0.31 238.0 648.0 287.0 698.0
face 0.31 623.0 298.0 639.0 316.0
