face 1.00 354.0 194.0 397.0 244.0
face 0.94 101.0 201.0 138.0 248.0
face 0.83 84.0 211.0 100.0 232.0
face 0.77 845.0 268.0 905.0 333.0
face 0.63 316.0 624.0 331.0 641.0
face 0.54 226.0 219.0 238.0 234.0
face 0.53 600.0 20.0 644.0 80.0
face 0.51 664.0 70.0 721.0 138.0
face 0.50 119.0 216.0 137.0 240.0
face 0.48 293.0 273.0 321.0 315.0
face 0.48 802.0 274.0 870.0 340.0
face 0.47 86.0 316.0 113.0 350.0
face 0.45 277.0 384.0 309.0 420.0
face 0.45 648.0 91.0 676.0 127.0
face 0.42 351.0 133.0 376.0 167.0
face 0.41 231.0 404.0 246.0 424.0
face 0.39 948.0 124.0 960.0 139.0
face 0.38 166.0 86.0 177.0 100.0
face 0.36 285.0 198.0 295.0 211.0
face 0.34 889.0 78.0 907.0 99.0
face 0.34 226.0 415.0 242.0 437.0
face 0.34 405.0 205.0 418.0 220.0
face 0.33 449.0 226.0 467.0 247.0
face 0.31 239.0 212.0 253.0 228.0
face 0.31 92.0 418.0 108.0 438.0
face 0.31 83.0 433.0 101.0 454.0
face 0.30 239.0 229.0 250.0 243.0
