face 0.94 378.0 247.0 401.0 275.0
face 0.88 811.0 237.0 838.0 272.0
face 0.85 268.0 477.0 285.0 498.0
face 0.69 114.0 253.0 136.0 280.0
face 0.47 665.0 473.0 683.0 494.0
face 0.43 678.0 313.0 694.0 334.0
face 0.40 470.0 492.0 483.0 509.0
face 0.36 194.0 124.0 212.0 148.0
face 0.35 774.0 381.0 800.0 418.0
face 0.35 188.0 405.0 204.0 423.0
face 0.33 486.0 396.0 499.0 412.0
face 0.32 286.0 475.0 300.0 492.0
face 0.31 847.0 366.0 859.0 380.0
face 0.31 395.0 278.0 411.0 301.0
face 0.31 286.0 494.0 297.0 507.0
face 0.31 195.0 533.0 227.0 570.0
face 0.30 53.0 233.0 86.0 274.0
