face 1.00 738.0 317.0 789.0 400.0
face 1.00 336.0 270.0 387.0 341.0
face 1.00 568.0 246.0 622.0 323.0
face 1.00 191.0 336.0 248.0 415.0
face 0.66 840.0 304.0 850.0 318.0
face 0.50 356.0 555.0 369.0 571.0
face 0.49 73.0 421.0 86.0 437.0
face 0.47 966.0 307.0 977.0 321.0
face 0.47 829.0 291.0 842.0 305.0
face 0.45 1001.0 297.0 1024.0 325.0
face 0.40 837.0 344.0 847.0 357.0
face 0.39 51.0 354.0 67.0 372.0
face 0.38 64.0 407.0 76.0 421.0
face 0.38 51.0 428.0 64.0 443.0
face 0.36 957.0 325.0 972.0 342.0
face 0.36 879.0 284.0 891.0 299.0
face 0.35 894.0 294.0 904.0 307.0
face 0.35 978.0 333.0 993.0 351.0
face 0.34 967.0 341.0 982.0 358.0
face 0.34 719.0 284.0 731.0 299.0
face 0.34 970.0 394.0 985.0 413.0
face 0.34 215.0 331.0 226.0 346.0
face 0.33 783.0 279.0 794.0 292.0
face 0.32 983.0 307.0 993.0 320.0
face 0.31 853.0 301.0 864.0 315.0
face 0.31 646.0 263.0 661.0 280.0
face 0.31 981.0 388.0 992.0 401.0
face 0.31 982.0 396.0 996.0 414.0
face 0.30 878.0 309.0 890.0 322.0
face 0.30 904.0 341.0 914.0 353.0
face 0.30 896.0 324.0 906.0 336.0
face 0.30 965.0 381.0 977.0 395.0
