face 1.00 858.0 155.0 896.0 207.0
face 0.99 723.0 141.0 758.0 192.0
face 0.87 75.0 314.0 96.0 341.0
face 0.85 449.0 142.0 481.0 184.0
face 0.74 19.0 67.0 75.0 176.0
face 0.66 116.0 397.0 130.0 418.0
face 0.63 681.0 47.0 702.0 73.0
face 0.62 2.0 -3.0 73.0 108.0
face 0.47 724.0 195.0 741.0 216.0
face 0.46 1001.0 389.0 1014.0 404.0
face 0.42 192.0 369.0 227.0 402.0
face 0.39 887.0 132.0 902.0 151.0
face 0.37 245.0 371.0 260.0 388.0
face 0.37 126.0 244.0 137.0 258.0
face 0.35 943.0 444.0 958.0 462.0
face 0.35 694.0 518.0 710.0 535.0
face 0.35 951.0 426.0 963.0 440.0
face 0.34 1006.0 415.0 1018.0 430.0
face 0.34 1005.0 189.0 1017.0 202.0
face 0.33 1013.0 366.0 1023.0 379.0
face 0.33 694.0 243.0 704.0 256.0
face 0.32 23.0 241.0 57.0 277.0
face 0.31 909.0 134.0 920.0 147.0
face 0.31 61.0 324.0 77.0 344.0
face 0.31 206.0 182.0 216.0 194.0
face 0.31 53.0 3.0 69.0 21.0
face 0.31 983.0 363.0 994.0 376.0
face 0.30 747.0 151.0 782.0 187.0
