face 1.00 346.0 327.0 365.0 355.0
face 1.00 594.0 403.0 612.0 425.0
face 1.00 353.0 225.0 372.0 248.0
face 1.00 632.0 345.0 652.0 370.0
face 1.00 359.0 259.0 376.0 277.0
face 1.00 502.0 340.0 523.0 370.0
face 0.99 436.0 385.0 458.0 410.0
face 0.99 563.0 370.0 579.0 390.0
face 0.99 626.0 281.0 645.0 304.0
face 0.99 404.0 202.0 423.0 226.0
face 0.99 445.0 14.0 533.0 111.0
face 0.98 632.0 195.0 655.0 222.0
face 0.95 313.0 214.0 335.0 243.0
face 0.91 666.0 254.0 683.0 275.0
face 0.91 419.0 243.0 440.0 267.0
face 0.89 441.0 224.0 460.0 250.0
face 0.86 286.0 261.0 307.0 286.0
face 0.86 325.0 274.0 344.0 298.0
face 0.83 113.0 604.0 132.0 627.0
face 0.82 615.0 451.0 637.0 482.0
face 0.71 24.0 693.0 37.0 709.0
face 0.69 464.0 669.0 475.0 682.0
face 0.64 481.0 668.0 491.0 680.0
face 0.57 691.0 669.0 704.0 686.0
face 0.55 43.0 695.0 57.0 712.0
face 0.54 681.0 239.0 700.0 262.0
face 0.52 943.0 108.0 954.0 122.0
face 0.50 475.0 211.0 490.0 228.0
face 0.49 339.0 195.0 357.0 216.0
face 0.49 696.0 711.0 707.0 724.0
face 0.46 498.0 670.0 509.0 685.0
face 0.45 373.0 455.0 387.0 473.0
face 0.45 315.0 693.0 329.0 712.0
face 0.44 458.0 194.0 481.0 220.0
face 0.44 419.0 453.0 438.0 475.0
face 0.44 622.0 329.0 636.0 347.0
face 0.40 928.0 695.0 940.0 710.0
face 0.40 886.0 707.0 897.0 721.0
face 0.40 533.0 669.0 545.0 683.0
face 0.39 263.0 48.0 278.0 67.0
face 0.38 558.0 641.0 573.0 660.0
face 0.37 766.0 630.0 778.0 645.0
face 0.37 479.0 684.0 493.0 702.0
face 0.36 354.0 212.0 373.0 232.0
face 0.36 21.0 704.0 37.0 724.0
face 0.36 661.0 694.0 672.0 708.0
face 0.35 447.0 670.0 459.0 685.0
face 0.35 895.0 693.0 909.0 709.0
face 0.34 410.0 315.0 427.0 337.0
face 0.34 421.0 310.0 449.0 344.0
face 0.33 386.0 667.0 400.0 684.0
face 0.33 823.0 613.0 833.0 626.0
face 0.32 620.0 693.0 632.0 708.0
face 0.32 129.0 693.0 143.0 709.0
face 0.32 3.0 691.0 21.0 714.0
face 0.32 327.0 676.0 340.0 691.0
face 0.32 946.0 694.0 958.0 710.0
face 0.32 789.0 603.0 800.0 616.0
face 0.32 548.0 694.0 562.0 712.0
face 0.32 581.0 371.0 597.0 389.0
face 0.31 346.0 453.0 362.0 473.0
face 0.31 61.0 692.0 74.0 708.0
face 0.31 245.0 677.0 256.0 691.0
face 0.31 527.0 272.0 538.0 285.0
face 0.31 678.0 693.0 690.0 708.0
face 0.31 499.0 684.0 514.0 702.0
face 0.31 311.0 707.0 326.0 725.0
face 0.30 576.0 637.0 588.0 651.0
face 0.30 456.0 412.0 484.0 448.0
face 0.30 505.0 629.0 516.0 643.0
