face 1.00 915.0 528.0 956.0 580.0
face 1.00 909.0 449.0 949.0 498.0
face 1.00 708.0 325.0 747.0 370.0
face 1.00 823.0 493.0 861.0 543.0
face 1.00 962.0 482.0 1003.0 537.0
face 1.00 407.0 584.0 447.0 625.0
face 1.00 662.0 493.0 706.0 549.0
face 1.00 453.0 289.0 493.0 333.0
face 1.00 513.0 435.0 551.0 481.0
face 1.00 461.0 507.0 505.0 565.0
face 1.00 46.0 444.0 88.0 501.0
face 1.00 55.0 383.0 95.0 432.0
face 1.00 571.0 342.0 604.0 386.0
face 1.00 859.0 422.0 898.0 473.0
face 1.00 818.0 274.0 860.0 326.0
face 1.00 786.0 77.0 824.0 123.0
face 1.00 552.0 570.0 597.0 619.0
face 1.00 548.0 506.0 589.0 549.0
face 1.00 793.0 0.0 833.0 40.0
face 1.00 969.0 282.0 1007.0 327.0
face 1.00 673.0 275.0 709.0 323.0
face 1.00 107.0 267.0 147.0 315.0
face 1.00 938.0 147.0 974.0 188.0
face 1.00 340.0 554.0 375.0 594.0
face 1.00 130.0 445.0 167.0 490.0
face 1.00 160.0 146.0 199.0 189.0
face 1.00 990.0 104.0 1023.0 149.0
face 1.00 871.0 168.0 910.0 208.0
face 1.00 713.0 108.0 745.0 146.0
face 1.00 327.0 63.0 363.0 106.0
face 1.00 621.0 92.0 654.0 135.0
face 1.00 956.0 355.0 995.0 399.0
face 1.00 880.0 307.0 923.0 352.0
face 1.00 668.0 158.0 701.0 197.0
face 1.00 618.0 317.0 651.0 356.0
face 1.00 667.0 80.0 700.0 122.0
face 1.00 258.0 553.0 306.0 612.0
face 1.00 732.0 287.0 766.0 326.0
face 1.00 484.0 370.0 533.0 431.0
face 1.00 604.0 184.0 641.0 229.0
face 1.00 464.0 205.0 503.0 252.0
face 1.00 860.0 243.0 895.0 283.0
face 1.00 727.0 592.0 760.0 624.0
face 1.00 819.0 561.0 863.0 614.0
face 1.00 797.0 399.0 833.0 446.0
face 0.99 746.0 563.0 782.0 603.0
face 0.99 558.0 244.0 589.0 284.0
face 0.99 957.0 210.0 995.0 256.0
face 0.99 471.0 34.0 506.0 79.0
face 0.99 674.0 9.0 707.0 49.0
face 0.99 597.0 440.0 635.0 480.0
face 0.99 415.0 262.0 447.0 303.0
face 0.99 990.0 337.0 1021.0 380.0
face 0.99 209.0 107.0 246.0 154.0
face 0.99 430.0 68.0 459.0 104.0
face 0.97 590.0 384.0 632.0 432.0
face 0.97 733.0 242.0 779.0 292.0
face 0.97 0.0 340.0 21.0 380.0
face 0.95 484.0 257.0 519.0 298.0
face 0.95 161.0 276.0 196.0 319.0
face 0.95 223.0 191.0 252.0 223.0
face 0.92 0.0 460.0 25.0 498.0
face 0.89 426.0 195.0 455.0 235.0
face 0.85 621.0 533.0 660.0 578.0
face 0.84 342.0 -2.0 376.0 36.0
face 0.83 1001.0 418.0 1025.0 471.0
face 0.82 146.0 231.0 172.0 264.0
face 0.82 45.0 97.0 88.0 160.0
face 0.81 159.0 4.0 188.0 37.0
face 0.80 785.0 217.0 832.0 265.0
face 0.66 180.0 385.0 226.0 433.0
face 0.63 422.0 470.0 470.0 526.0
face 0.60 158.0 512.0 216.0 572.0
face 0.57 36.0 85.0 72.0 131.0
face 0.56 248.0 497.0 266.0 520.0
face 0.54 14.0 218.0 51.0 257.0
face 0.53 405.0 31.0 439.0 66.0
face 0.53 838.0 353.0 872.0 396.0
face 0.52 892.0 266.0 921.0 299.0
face 0.48 206.0 14.0 232.0 46.0
face 0.45 811.0 223.0 840.0 258.0
face 0.44 673.0 398.0 710.0 447.0
face 0.43 756.0 0.0 784.0 28.0
face 0.43 6.0 46.0 30.0 76.0
face 0.42 147.0 28.0 166.0 53.0
face 0.42 146.0 385.0 162.0 407.0
face 0.41 773.0 196.0 801.0 228.0
face 0.41 198.0 316.0 232.0 351.0
face 0.40 520.0 255.0 549.0 296.0
face 0.39 895.0 -2.0 925.0 23.0
face 0.38 140.0 53.0 167.0 92.0
face 0.37 114.0 143.0 130.0 163.0
face 0.36 609.0 217.0 635.0 249.0
face 0.35 535.0 2.0 576.0 63.0
face 0.34 520.0 232.0 550.0 271.0
face 0.34 604.0 522.0 620.0 543.0
face 0.33 605.0 478.0 632.0 510.0
face 0.33 603.0 3.0 633.0 35.0
face 0.32 100.0 61.0 123.0 92.0
face 0.32 98.0 105.0 116.0 125.0
face 0.31 597.0 530.0 613.0 550.0
face 0.31 898.0 236.0 915.0 257.0
face 0.31 622.0 525.0 636.0 543.0
face 0.31 473.0 -4.0 500.0 21.0
face 0.31 955.0 216.0 977.0 241.0
face 0.30 317.0 94.0 329.0 110.0
face 0.30 12.0 226.0 31.0 251.0
