face 1.00 458.0 202.0 548.0 309.0
face 1.00 308.0 248.0 386.0 341.0
face 1.00 407.0 298.0 432.0 330.0
face 1.00 69.0 311.0 84.0 330.0
face 0.79 419.0 379.0 485.0 451.0
face 0.73 520.0 158.0 531.0 172.0
face 0.50 487.0 157.0 498.0 170.0
face 0.48 914.0 300.0 927.0 318.0
face 0.41 91.0 305.0 113.0 333.0
face 0.38 703.0 309.0 714.0 323.0
face 0.38 393.0 611.0 422.0 645.0
face 0.37 102.0 278.0 113.0 293.0
face 0.37 126.0 286.0 137.0 300.0
face 0.37 480.0 461.0 505.0 492.0
face 0.33 854.0 317.0 865.0 331.0
face 0.32 502.0 164.0 514.0 178.0
face 0.32 894.0 302.0 905.0 315.0
face 0.32 909.0 312.0 923.0 329.0
face 0.32 125.0 290.0 142.0 311.0
face 0.32 39.0 286.0 50.0 299.0
face 0.31 815.0 316.0 827.0 330.0
face 0.31 62.0 277.0 74.0 293.0
face 0.30 174.0 286.0 184.0 298.0
