face 1.00 622.0 224.0 780.0 397.0
face 1.00 216.0 346.0 335.0 466.0
face 0.54 16.0 287.0 27.0 299.0
face 0.54 523.0 430.0 548.0 458.0
face 0.51 51.0 331.0 66.0 349.0
face 0.45 397.0 162.0 408.0 176.0
face 0.44 440.0 395.0 451.0 409.0
face 0.43 105.0 309.0 116.0 322.0
face 0.41 73.0 318.0 85.0 332.0
face 0.41 103.0 123.0 118.0 140.0
face 0.40 413.0 397.0 427.0 413.0
face 0.40 46.0 271.0 56.0 283.0
face 0.39 222.0 192.0 233.0 205.0
face 0.38 95.0 235.0 105.0 247.0
face 0.37 108.0 284.0 120.0 298.0
face 0.36 418.0 305.0 435.0 323.0
face 0.36 211.0 147.0 227.0 164.0
face 0.36 493.0 158.0 504.0 172.0
face 0.36 136.0 288.0 147.0 301.0
face 0.35 454.0 335.0 465.0 348.0
face 0.35 424.0 390.0 435.0 402.0
face 0.33 31.0 277.0 42.0 290.0
face 0.32 454.0 398.0 465.0 411.0
face 0.32 61.0 310.0 72.0 322.0
face 0.32 431.0 343.0 441.0 356.0
face 0.32 447.0 404.0 459.0 417.0
face 0.32 927.0 475.0 940.0 492.0
face 0.31 4.0 298.0 17.0 315.0
face 0.31 526.0 399.0 538.0 412.0
face 0.31 533.0 395.0 549.0 414.0
face 0.31 445.0 391.0 456.0 404.0
face 0.31 120.0 295.0 131.0 307.0
face 0.30 472.0 398.0 485.0 413.0
face 0.30 23.0 278.0 33.0 292.0
face 0.30 121.0 301.0 131.0 314.0
face 0.30 -1.0 130.0 22.0 162.0
face 0.30 61.0 316.0 74.0 331.0
