face 1.00 829.0 181.0 920.0 291.0
face 1.00 90.0 304.0 131.0 352.0
face 1.00 166.0 274.0 265.0 394.0
face 1.00 87.0 241.0 131.0 298.0
face 1.00 1.0 272.0 22.0 308.0
face 0.99 732.0 270.0 772.0 318.0
face 0.98 979.0 121.0 1024.0 203.0
face 0.96 993.0 271.0 1024.0 325.0
face 0.95 648.0 265.0 693.0 317.0
face 0.90 955.0 245.0 978.0 276.0
face 0.72 465.0 766.0 765.0 1069.0
face 0.48 331.0 542.0 355.0 572.0
face 0.46 347.0 258.0 379.0 293.0
face 0.43 280.0 566.0 313.0 623.0
face 0.35 951.0 245.0 997.0 309.0
face 0.34 608.0 479.0 624.0 500.0
face 0.33 0.0 445.0 35.0 505.0
face 0.31 318.0 588.0 330.0 602.0
face 0.31 354.0 348.0 379.0 378.0
