face 1.00 193.0 127.0 241.0 192.0
face 1.00 14.0 153.0 57.0 211.0
face 1.00 518.0 231.0 585.0 316.0
face 1.00 854.0 463.0 912.0 546.0
face 0.89 321.0 479.0 366.0 523.0
face 0.79 675.0 18.0 732.0 79.0
face 0.60 655.0 480.0 729.0 575.0
face 0.60 929.0 42.0 968.0 94.0
face 0.54 -1.0 340.0 20.0 374.0
face 0.45 12.0 297.0 74.0 367.0
face 0.44 539.0 265.0 572.0 301.0
face 0.43 411.0 354.0 457.0 403.0
face 0.42 129.0 3.0 164.0 39.0
face 0.40 441.0 5.0 461.0 30.0
face 0.39 450.0 273.0 537.0 381.0
face 0.37 89.0 183.0 107.0 205.0
face 0.35 179.0 437.0 193.0 456.0
face 0.35 107.0 299.0 125.0 323.0
face 0.33 74.0 322.0 92.0 345.0
face 0.31 786.0 27.0 853.0 111.0
