face 1.00 145.0 146.0 192.0 206.0
face 0.92 758.0 260.0 770.0 274.0
face 0.89 560.0 282.0 578.0 308.0
face 0.62 1004.0 259.0 1022.0 282.0
face 0.60 341.0 246.0 351.0 259.0
face 0.49 693.0 252.0 707.0 268.0
face 0.43 797.0 254.0 809.0 267.0
face 0.37 366.0 127.0 377.0 141.0
face 0.36 344.0 127.0 355.0 140.0
face 0.36 249.0 253.0 259.0 265.0
face 0.35 406.0 252.0 416.0 264.0
face 0.35 258.0 269.0 272.0 287.0
face 0.33 277.0 258.0 300.0 288.0
face 0.33 687.0 253.0 699.0 267.0
face 0.33 37.0 270.0 48.0 283.0
face 0.32 677.0 282.0 688.0 298.0
face 0.31 358.0 119.0 369.0 132.0
face 0.31 551.0 374.0 563.0 388.0
face 0.31 819.0 235.0 836.0 254.0
face 0.31 542.0 309.0 552.0 322.0
face 0.31 701.0 254.0 712.0 267.0
