face 1.00 624.0 377.0 644.0 401.0
face 1.00 490.0 381.0 507.0 404.0
face 1.00 845.0 411.0 865.0 436.0
face 1.00 270.0 364.0 286.0 384.0
face 1.00 546.0 379.0 564.0 402.0
face 0.99 574.0 392.0 590.0 412.0
face 0.97 497.0 420.0 516.0 444.0
face 0.95 940.0 421.0 965.0 452.0
face 0.95 434.0 401.0 452.0 423.0
face 0.94 672.0 389.0 689.0 411.0
face 0.93 310.0 438.0 325.0 457.0
face 0.91 710.0 371.0 733.0 398.0
face 0.77 362.0 424.0 378.0 443.0
face 0.68 340.0 443.0 357.0 463.0
face 0.63 326.0 454.0 337.0 467.0
face 0.50 770.0 390.0 789.0 415.0
face 0.47 739.0 427.0 754.0 445.0
face 0.46 349.0 511.0 370.0 534.0
face 0.44 635.0 577.0 651.0 599.0
face 0.43 477.0 438.0 488.0 452.0
face 0.39 438.0 428.0 452.0 444.0
face 0.37 940.0 549.0 956.0 573.0
face 0.37 888.0 400.0 905.0 421.0
face 0.35 802.0 412.0 817.0 430.0
face 0.35 830.0 424.0 845.0 442.0
face 0.35 248.0 434.0 265.0 453.0
face 0.34 532.0 402.0 550.0 422.0
face 0.34 458.0 427.0 472.0 444.0
face 0.33 964.0 552.0 980.0 572.0
face 0.33 253.0 444.0 264.0 457.0
face 0.30 269.0 439.0 281.0 452.0
face 0.30 462.0 436.0 473.0 449.0
face 0.30 564.0 378.0 581.0 398.0
