face 0.97 503.0 67.0 585.0 189.0
face 0.68 1007.0 467.0 1022.0 484.0
face 0.50 767.0 4.0 777.0 17.0
face 0.47 855.0 20.0 870.0 39.0
face 0.47 1013.0 4.0 1024.0 20.0
face 0.44 743.0 24.0 754.0 38.0
face 0.39 717.0 13.0 729.0 28.0
face 0.37 278.0 62.0 290.0 77.0
face 0.36 68.0 151.0 82.0 169.0
face 0.34 334.0 41.0 358.0 75.0
face 0.33 789.0 28.0 801.0 43.0
face 0.32 814.0 295.0 840.0 327.0
face 0.31 109.0 153.0 127.0 174.0
face 0.31 853.0 9.0 883.0 44.0
face 0.30 995.0 442.0 1011.0 460.0
face 0.30 528.0 1.0 543.0 20.0
