face 1.00 450.0 60.0 496.0 117.0
face 1.00 879.0 12.0 918.0 64.0
face 1.00 209.0 105.0 259.0 170.0
face 1.00 744.0 196.0 870.0 366.0
face 1.00 730.0 36.0 763.0 83.0
face 1.00 11.0 73.0 38.0 109.0
face 1.00 115.0 55.0 153.0 102.0
face 1.00 71.0 142.0 144.0 229.0
face 1.00 583.0 55.0 614.0 99.0
face 1.00 158.0 84.0 202.0 142.0
face 1.00 73.0 59.0 110.0 107.0
face 0.99 807.0 18.0 836.0 57.0
face 0.99 666.0 27.0 692.0 61.0
face 0.99 925.0 39.0 965.0 90.0
face 0.99 471.0 24.0 495.0 52.0
face 0.99 583.0 15.0 610.0 48.0
face 0.97 463.0 150.0 565.0 283.0
face 0.96 999.0 32.0 1023.0 69.0
face 0.96 946.0 62.0 1000.0 127.0
face 0.94 317.0 93.0 370.0 166.0
face 0.94 435.0 35.0 471.0 75.0
face 0.91 770.0 59.0 824.0 132.0
face 0.90 407.0 52.0 431.0 84.0
face 0.90 613.0 52.0 667.0 125.0
face 0.79 2.0 119.0 16.0 140.0
face 0.47 702.0 527.0 728.0 565.0
face 0.43 350.0 76.0 398.0 138.0
face 0.36 803.0 76.0 831.0 115.0
face 0.33 862.0 280.0 891.0 317.0
face 0.33 304.0 168.0 334.0 207.0
face 0.33 363.0 489.0 378.0 509.0
face 0.32 118.0 89.0 135.0 108.0
face 0.32 764.0 275.0 798.0 310.0
