face 1.00 284.0 193.0 340.0 277.0
face 1.00 471.0 198.0 526.0 270.0
face 1.00 825.0 206.0 893.0 291.0
face 1.00 97.0 204.0 157.0 287.0
face 0.98 652.0 190.0 711.0 260.0
face 0.98 542.0 143.0 645.0 278.0
face 0.97 837.0 408.0 849.0 424.0
face 0.95 79.0 399.0 91.0 414.0
face 0.92 678.0 379.0 691.0 393.0
face 0.86 468.0 419.0 479.0 432.0
face 0.78 658.0 386.0 670.0 401.0
face 0.72 882.0 399.0 897.0 417.0
face 0.70 702.0 382.0 713.0 395.0
face 0.67 101.0 396.0 113.0 409.0
face 0.64 352.0 404.0 365.0 420.0
face 0.64 755.0 180.0 833.0 290.0
face 0.60 431.0 429.0 455.0 456.0
face 0.59 855.0 398.0 871.0 416.0
face 0.57 488.0 415.0 499.0 427.0
face 0.41 509.0 421.0 521.0 435.0
face 0.38 516.0 425.0 551.0 462.0
