face 1.00 772.0 341.0 881.0 478.0
face 1.00 86.0 179.0 123.0 228.0
face 1.00 153.0 182.0 231.0 275.0
face 1.00 510.0 163.0 542.0 203.0
face 1.00 969.0 150.0 1025.0 232.0
face 1.00 856.0 149.0 889.0 191.0
face 1.00 317.0 167.0 349.0 205.0
face 1.00 3.0 395.0 119.0 555.0
face 0.97 702.0 132.0 733.0 180.0
face 0.95 980.0 242.0 1024.0 351.0
face 0.90 574.0 153.0 634.0 233.0
face 0.35 8.0 274.0 34.0 303.0
face 0.34 130.0 354.0 147.0 372.0
face 0.32 110.0 358.0 123.0 373.0
face 0.32 334.0 230.0 347.0 245.0
