face 1.00 104.0 259.0 158.0 325.0
face 1.00 374.0 162.0 419.0 221.0
face 0.97 240.0 242.0 271.0 277.0
face 0.97 611.0 431.0 650.0 488.0
face 0.93 530.0 239.0 565.0 283.0
face 0.91 340.0 557.0 364.0 587.0
face 0.73 678.0 513.0 715.0 561.0
face 0.65 458.0 192.0 500.0 247.0
face 0.57 321.0 543.0 344.0 570.0
face 0.50 229.0 155.0 242.0 173.0
face 0.48 252.0 288.0 285.0 323.0
face 0.44 371.0 243.0 403.0 278.0
face 0.42 564.0 442.0 579.0 463.0
face 0.41 300.0 216.0 332.0 253.0
face 0.40 461.0 403.0 490.0 437.0
face 0.38 161.0 407.0 227.0 523.0
face 0.37 12.0 233.0 28.0 254.0
face 0.36 605.0 401.0 637.0 439.0
face 0.36 132.0 61.0 147.0 80.0
face 0.36 349.0 211.0 374.0 241.0
face 0.34 709.0 487.0 726.0 509.0
face 0.34 592.0 441.0 616.0 477.0
face 0.34 169.0 515.0 184.0 532.0
face 0.33 522.0 9.0 538.0 29.0
face 0.33 38.0 246.0 55.0 269.0
face 0.32 399.0 76.0 429.0 110.0
face 0.31 387.0 234.0 407.0 259.0
face 0.31 387.0 112.0 403.0 131.0
face 0.31 476.0 506.0 494.0 528.0
