face 1.00 228.0 216.0 267.0 280.0
face 1.00 263.0 228.0 292.0 268.0
face 0.99 522.0 192.0 536.0 213.0
face 0.98 384.0 222.0 407.0 260.0
face 0.97 732.0 192.0 744.0 205.0
face 0.78 713.0 194.0 726.0 209.0
face 0.74 290.0 235.0 309.0 261.0
face 0.63 755.0 218.0 770.0 236.0
face 0.63 767.0 192.0 777.0 204.0
face 0.47 157.0 243.0 174.0 262.0
face 0.46 567.0 197.0 578.0 210.0
face 0.39 433.0 266.0 472.0 327.0
face 0.38 493.0 200.0 503.0 213.0
face 0.34 783.0 187.0 795.0 204.0
face 0.31 42.0 422.0 59.0 445.0
face 0.31 791.0 221.0 802.0 233.0
face 0.30 752.0 191.0 762.0 203.0
face 0.30 812.0 213.0 824.0 226.0
face 0.30 560.0 200.0 571.0 212.0
