face 1.00 111.0 164.0 155.0 220.0
face 1.00 462.0 50.0 536.0 128.0
face 0.78 386.0 339.0 402.0 358.0
face 0.73 276.0 317.0 290.0 334.0
face 0.60 908.0 30.0 937.0 60.0
face 0.57 318.0 632.0 329.0 645.0
face 0.54 855.0 629.0 867.0 644.0
face 0.45 165.0 371.0 177.0 386.0
face 0.41 967.0 156.0 979.0 170.0
face 0.39 174.0 228.0 186.0 241.0
face 0.39 -1.0 462.0 10.0 478.0
face 0.38 378.0 387.0 397.0 408.0
face 0.37 444.0 461.0 457.0 478.0
face 0.35 414.0 550.0 427.0 565.0
face 0.34 138.0 282.0 154.0 303.0
face 0.34 246.0 291.0 259.0 307.0
face 0.34 106.0 386.0 121.0 404.0
face 0.34 293.0 332.0 310.0 351.0
face 0.33 278.0 299.0 293.0 317.0
face 0.33 629.0 22.0 640.0 35.0
face 0.33 306.0 237.0 319.0 254.0
face 0.32 327.0 295.0 338.0 307.0
face 0.32 854.0 502.0 864.0 514.0
face 0.32 328.0 325.0 342.0 342.0
face 0.31 301.0 309.0 312.0 322.0
face 0.31 422.0 621.0 433.0 635.0
face 0.30 440.0 613.0 453.0 628.0
face 0.30 680.0 4.0 691.0 18.0
face 0.30 285.0 245.0 297.0 258.0
face 0.30 438.0 628.0 450.0 642.0
face 0.30 381.0 489.0 399.0 511.0
