face 1.00 408.0 0.0 452.0 54.0
face 1.00 167.0 149.0 271.0 280.0
face 1.00 885.0 101.0 968.0 199.0
face 1.00 766.0 0.0 813.0 54.0
face 1.00 96.0 1.0 155.0 65.0
face 1.00 550.0 109.0 640.0 217.0
face 1.00 937.0 -2.0 1005.0 77.0
face 1.00 290.0 124.0 365.0 222.0
face 1.00 709.0 2.0 772.0 55.0
face 1.00 257.0 13.0 327.0 97.0
face 1.00 27.0 133.0 103.0 219.0
face 1.00 159.0 21.0 208.0 80.0
face 1.00 826.0 5.0 912.0 100.0
face 1.00 209.0 19.0 248.0 74.0
face 0.99 329.0 18.0 383.0 88.0
face 0.99 498.0 2.0 570.0 59.0
face 0.99 566.0 2.0 607.0 53.0
face 0.95 654.0 1.0 687.0 39.0
face 0.93 637.0 182.0 744.0 328.0
face 0.88 62.0 0.0 98.0 36.0
face 0.83 43.0 187.0 59.0 209.0
face 0.68 527.0 63.0 539.0 77.0
face 0.65 2.0 54.0 63.0 124.0
face 0.55 579.0 279.0 596.0 300.0
face 0.53 733.0 60.0 745.0 74.0
face 0.40 925.0 24.0 940.0 44.0
face 0.35 331.0 266.0 344.0 284.0
face 0.34 6.0 78.0 29.0 109.0
face 0.33 372.0 13.0 409.0 70.0
face 0.33 670.0 337.0 691.0 365.0
