face 1.00 135.0 3.0 163.0 38.0
face 1.00 402.0 26.0 441.0 75.0
face 1.00 236.0 10.0 264.0 48.0
face 1.00 372.0 33.0 398.0 66.0
face 1.00 12.0 7.0 49.0 55.0
face 1.00 772.0 38.0 809.0 80.0
face 1.00 53.0 19.0 82.0 57.0
face 1.00 569.0 117.0 620.0 178.0
face 1.00 664.0 55.0 689.0 86.0
face 1.00 520.0 43.0 549.0 82.0
face 1.00 70.0 2.0 97.0 34.0
face 1.00 335.0 36.0 357.0 65.0
face 1.00 497.0 31.0 520.0 62.0
face 1.00 864.0 18.0 899.0 65.0
face 1.00 209.0 28.0 231.0 54.0
face 1.00 921.0 75.0 948.0 107.0
face 0.98 313.0 38.0 333.0 65.0
face 0.92 107.0 30.0 136.0 64.0
face 0.89 955.0 60.0 980.0 91.0
face 0.84 708.0 31.0 731.0 64.0
face 0.83 972.0 60.0 988.0 80.0
face 0.82 290.0 40.0 306.0 59.0
face 0.77 607.0 46.0 624.0 67.0
face 0.74 306.0 -1.0 323.0 18.0
face 0.71 824.0 45.0 854.0 78.0
face 0.68 95.0 240.0 327.0 484.0
face 0.66 487.0 51.0 501.0 69.0
face 0.65 973.0 18.0 992.0 43.0
face 0.63 466.0 38.0 483.0 62.0
face 0.62 173.0 36.0 186.0 52.0
face 0.61 183.0 24.0 204.0 50.0
face 0.53 396.0 22.0 414.0 48.0
face 0.48 558.0 82.0 586.0 124.0
face 0.47 772.0 45.0 790.0 71.0
face 0.43 510.0 38.0 535.0 73.0
face 0.36 620.0 93.0 671.0 176.0
face 0.34 940.0 657.0 955.0 676.0
face 0.34 756.0 62.0 771.0 82.0
face 0.31 -3.0 26.0 10.0 48.0
face 0.31 182.0 21.0 196.0 37.0
face 0.30 963.0 17.0 982.0 41.0
face 0.30 651.0 66.0 666.0 84.0
