face 1.00 914.0 153.0 949.0 200.0
face 1.00 689.0 169.0 714.0 201.0
face 1.00 752.0 160.0 777.0 197.0
face 1.00 966.0 172.0 1000.0 212.0
face 0.84 116.0 160.0 157.0 207.0
face 0.83 64.0 47.0 123.0 129.0
face 0.71 197.0 71.0 244.0 139.0
face 0.68 172.0 130.0 217.0 180.0
face 0.55 730.0 175.0 749.0 199.0
face 0.47 -1.0 575.0 21.0 605.0
face 0.46 791.0 226.0 802.0 241.0
face 0.46 117.0 132.0 130.0 147.0
face 0.45 758.0 374.0 784.0 409.0
face 0.37 592.0 394.0 617.0 425.0
face 0.36 413.0 107.0 507.0 234.0
face 0.35 256.0 353.0 271.0 372.0
face 0.35 219.0 125.0 236.0 145.0
face 0.35 229.0 285.0 241.0 299.0
face 0.34 908.0 490.0 925.0 511.0
face 0.34 445.0 582.0 463.0 604.0
face 0.33 608.0 253.0 638.0 288.0
face 0.33 883.0 518.0 899.0 535.0
face 0.32 1.0 465.0 31.0 503.0
face 0.31 675.0 186.0 690.0 203.0
face 0.31 183.0 231.0 211.0 260.0
face 0.31 61.0 592.0 79.0 612.0
face 0.30 315.0 577.0 333.0 597.0
face 0.30 243.0 208.0 257.0 230.0
