face 1.00 136.0 207.0 156.0 235.0
face 0.99 391.0 267.0 413.0 296.0
face 0.99 840.0 417.0 866.0 453.0
face 0.99 518.0 268.0 538.0 293.0
face 0.99 800.0 240.0 816.0 262.0
face 0.97 653.0 243.0 670.0 267.0
face 0.94 713.0 235.0 731.0 259.0
face 0.89 975.0 362.0 994.0 389.0
face 0.88 902.0 217.0 930.0 253.0
face 0.72 441.0 224.0 463.0 255.0
face 0.71 653.0 295.0 679.0 331.0
face 0.66 275.0 182.0 298.0 216.0
face 0.60 309.0 277.0 337.0 313.0
face 0.59 749.0 269.0 761.0 284.0
face 0.47 909.0 218.0 922.0 235.0
face 0.45 617.0 312.0 639.0 343.0
face 0.41 419.0 641.0 434.0 657.0
face 0.35 1006.0 279.0 1021.0 301.0
face 0.32 555.0 263.0 581.0 296.0
