face 1.00 676.0 414.0 719.0 469.0
face 1.00 678.0 139.0 711.0 182.0
face 1.00 717.0 155.0 742.0 184.0
face 1.00 298.0 154.0 333.0 201.0
face 1.00 57.0 495.0 107.0 563.0
face 1.00 603.0 181.0 630.0 216.0
face 1.00 971.0 209.0 1005.0 252.0
face 1.00 1.0 679.0 93.0 800.0
face 0.95 74.0 154.0 161.0 239.0
face 0.92 531.0 190.0 593.0 293.0
face 0.83 770.0 176.0 801.0 210.0
face 0.77 433.0 442.0 446.0 460.0
face 0.73 970.0 926.0 1008.0 989.0
face 0.68 274.0 448.0 290.0 469.0
face 0.56 419.0 453.0 431.0 468.0
face 0.54 892.0 990.0 921.0 1023.0
face 0.52 445.0 452.0 456.0 466.0
face 0.38 86.0 883.0 108.0 911.0
face 0.35 86.0 754.0 112.0 785.0
face 0.34 615.0 722.0 641.0 757.0
face 0.33 325.0 439.0 341.0 460.0
face 0.32 311.0 444.0 327.0 462.0
face 0.31 218.0 569.0 278.0 639.0
face 0.31 133.0 620.0 145.0 635.0
