face 1.00 389.0 231.0 411.0 259.0
face 1.00 727.0 261.0 756.0 296.0
face 1.00 815.0 247.0 844.0 279.0
face 1.00 462.0 244.0 486.0 270.0
face 1.00 261.0 239.0 285.0 266.0
face 1.00 518.0 286.0 540.0 312.0
face 1.00 296.0 245.0 319.0 275.0
face 0.99 386.0 276.0 412.0 312.0
face 0.99 280.0 215.0 297.0 236.0
face 0.99 734.0 232.0 754.0 255.0
face 0.99 323.0 238.0 344.0 264.0
face 0.90 899.0 154.0 913.0 172.0
face 0.82 636.0 220.0 677.0 265.0
face 0.80 836.0 130.0 849.0 149.0
face 0.66 355.0 401.0 374.0 429.0
face 0.65 542.0 122.0 559.0 142.0
face 0.63 532.0 129.0 546.0 146.0
face 0.62 691.0 249.0 709.0 271.0
face 0.61 226.0 284.0 242.0 304.0
face 0.59 939.0 152.0 955.0 170.0
face 0.59 301.0 229.0 328.0 263.0
face 0.57 306.0 220.0 326.0 242.0
face 0.57 316.0 323.0 329.0 339.0
face 0.54 831.0 351.0 851.0 376.0
face 0.52 862.0 145.0 878.0 167.0
face 0.51 525.0 144.0 539.0 163.0
face 0.46 420.0 272.0 445.0 306.0
face 0.42 774.0 288.0 790.0 310.0
face 0.41 493.0 59.0 517.0 85.0
face 0.40 411.0 234.0 427.0 256.0
face 0.39 253.0 279.0 264.0 292.0
face 0.38 697.0 290.0 715.0 311.0
face 0.37 247.0 253.0 260.0 270.0
face 0.37 891.0 191.0 908.0 212.0
face 0.36 296.0 283.0 314.0 302.0
face 0.36 244.0 360.0 286.0 421.0
face 0.35 500.0 127.0 517.0 150.0
face 0.35 863.0 531.0 874.0 545.0
face 0.35 820.0 392.0 836.0 412.0
face 0.35 354.0 346.0 368.0 362.0
face 0.33 767.0 250.0 780.0 267.0
face 0.33 480.0 303.0 491.0 317.0
face 0.31 946.0 155.0 961.0 174.0
face 0.30 900.0 586.0 917.0 604.0
