face 1.00 264.0 141.0 323.0 209.0
face 1.00 744.0 82.0 807.0 170.0
face 1.00 479.0 192.0 527.0 253.0
face 1.00 650.0 164.0 723.0 240.0
face 1.00 145.0 151.0 164.0 174.0
face 0.96 917.0 62.0 981.0 147.0
face 0.80 324.0 130.0 345.0 157.0
face 0.79 290.0 238.0 326.0 306.0
face 0.58 227.0 188.0 267.0 232.0
face 0.52 456.0 295.0 486.0 327.0
face 0.46 -2.0 4.0 100.0 150.0
face 0.45 672.0 209.0 701.0 240.0
face 0.44 913.0 582.0 931.0 606.0
face 0.39 469.0 135.0 520.0 200.0
face 0.38 914.0 119.0 938.0 154.0
face 0.36 476.0 85.0 575.0 200.0
face 0.33 411.0 137.0 439.0 168.0
face 0.33 680.0 324.0 709.0 358.0
face 0.33 983.0 79.0 1007.0 111.0
face 0.31 755.0 386.0 770.0 404.0
face 0.31 181.0 147.0 197.0 168.0
