face 1.00 921.0 348.0 980.0 417.0
face 1.00 269.0 363.0 313.0 413.0
face 1.00 61.0 386.0 100.0 431.0
face 1.00 106.0 407.0 145.0 457.0
face 1.00 332.0 386.0 386.0 454.0
face 1.00 971.0 322.0 1000.0 357.0
face 1.00 485.0 322.0 529.0 380.0
face 1.00 923.0 316.0 953.0 347.0
face 1.00 653.0 353.0 708.0 414.0
face 1.00 779.0 315.0 805.0 349.0
face 0.99 671.0 299.0 688.0 320.0
face 0.99 400.0 333.0 436.0 382.0
face 0.99 897.0 326.0 920.0 352.0
face 0.93 230.0 318.0 245.0 337.0
face 0.91 526.0 309.0 539.0 324.0
face 0.88 461.0 308.0 477.0 331.0
face 0.87 809.0 292.0 822.0 308.0
face 0.85 786.0 293.0 805.0 314.0
face 0.80 345.0 327.0 368.0 355.0
face 0.77 545.0 306.0 558.0 324.0
face 0.74 963.0 309.0 979.0 327.0
face 0.70 150.0 335.0 161.0 348.0
face 0.66 993.0 278.0 1003.0 290.0
face 0.65 257.0 330.0 282.0 361.0
face 0.63 387.0 336.0 405.0 360.0
face 0.50 975.0 284.0 985.0 297.0
face 0.47 21.0 328.0 33.0 341.0
face 0.47 372.0 314.0 385.0 330.0
face 0.46 734.0 310.0 746.0 325.0
face 0.46 950.0 288.0 961.0 300.0
face 0.45 813.0 338.0 827.0 357.0
face 0.44 888.0 270.0 898.0 283.0
face 0.44 395.0 299.0 411.0 316.0
face 0.41 147.0 345.0 164.0 364.0
face 0.40 15.0 310.0 27.0 323.0
face 0.40 565.0 300.0 580.0 318.0
face 0.39 230.0 294.0 240.0 306.0
face 0.39 759.0 286.0 770.0 299.0
face 0.38 339.0 327.0 354.0 346.0
face 0.38 -1.0 413.0 9.0 428.0
face 0.38 649.0 359.0 677.0 393.0
face 0.38 740.0 308.0 754.0 324.0
face 0.36 524.0 355.0 554.0 392.0
face 0.36 199.0 344.0 228.0 376.0
face 0.35 744.0 302.0 755.0 316.0
face 0.35 827.0 374.0 880.0 430.0
face 0.35 566.0 294.0 576.0 307.0
face 0.34 773.0 316.0 792.0 338.0
face 0.33 586.0 322.0 603.0 345.0
face 0.33 13.0 431.0 27.0 448.0
face 0.32 828.0 327.0 847.0 348.0
face 0.32 1007.0 286.0 1018.0 299.0
face 0.32 389.0 325.0 404.0 345.0
face 0.32 1012.0 298.0 1024.0 317.0
face 0.31 560.0 294.0 571.0 307.0
face 0.31 259.0 313.0 278.0 333.0
face 0.31 582.0 287.0 593.0 299.0
face 0.31 607.0 292.0 617.0 305.0
face 0.31 144.0 334.0 155.0 347.0
face 0.30 960.0 277.0 971.0 289.0
face 0.30 662.0 292.0 673.0 306.0
face 0.30 798.0 285.0 810.0 299.0
face 0.30 796.0 293.0 809.0 309.0
face 0.30 584.0 293.0 594.0 305.0
face 0.30 172.0 299.0 185.0 313.0
face 0.30 904.0 269.0 915.0 282.0
