face 0.94 725.0 1029.0 846.0 1182.0
face 0.94 673.0 331.0 840.0 510.0
face 0.94 517.0 812.0 636.0 899.0
face 0.90 718.0 800.0 863.0 945.0
face 0.71 814.0 292.0 927.0 422.0
face 0.58 266.0 361.0 470.0 560.0
face 0.45 3.0 934.0 226.0 1204.0
face 0.43 373.0 923.0 438.0 988.0
face 0.41 589.0 636.0 612.0 665.0
face 0.40 99.0 350.0 126.0 382.0
face 0.35 286.0 68.0 311.0 100.0
face 0.33 22.0 428.0 33.0 441.0
face 0.31 725.0 413.0 767.0 455.0
face 0.31 458.0 633.0 476.0 654.0
face 0.31 30.0 425.0 45.0 442.0
