face 1.00 765.0 212.0 811.0 272.0
face 0.99 852.0 223.0 905.0 290.0
face 0.98 750.0 108.0 773.0 135.0
face 0.95 317.0 237.0 398.0 326.0
face 0.86 544.0 295.0 635.0 414.0
face 0.82 950.0 350.0 1001.0 414.0
face 0.81 493.0 228.0 547.0 284.0
face 0.66 661.0 343.0 738.0 435.0
face 0.65 396.0 248.0 420.0 282.0
face 0.63 569.0 180.0 609.0 225.0
face 0.57 49.0 293.0 69.0 313.0
face 0.52 659.0 428.0 685.0 459.0
face 0.51 264.0 476.0 280.0 497.0
face 0.49 275.0 362.0 291.0 379.0
face 0.48 213.0 229.0 275.0 305.0
face 0.43 371.0 259.0 391.0 280.0
face 0.42 884.0 235.0 911.0 264.0
face 0.42 168.0 216.0 219.0 279.0
face 0.40 755.0 362.0 773.0 385.0
face 0.38 51.0 292.0 91.0 334.0
face 0.37 326.0 272.0 353.0 301.0
face 0.36 630.0 574.0 713.0 692.0
face 0.35 245.0 233.0 276.0 263.0
face 0.32 508.0 542.0 525.0 567.0
face 0.30 155.0 440.0 267.0 569.0
face 0.30 296.0 466.0 350.0 524.0
