face 1.00 484.0 374.0 685.0 639.0
face 0.99 387.0 483.0 415.0 514.0
face 0.61 357.0 893.0 399.0 947.0
face 0.60 14.0 713.0 35.0 740.0
face 0.53 376.0 843.0 401.0 875.0
face 0.41 719.0 438.0 748.0 481.0
face 0.41 212.0 717.0 226.0 735.0
face 0.36 258.0 720.0 275.0 742.0
face 0.36 1003.0 654.0 1017.0 676.0
face 0.34 309.0 710.0 323.0 726.0
face 0.33 239.0 714.0 252.0 731.0
face 0.32 207.0 873.0 273.0 939.0
face 0.32 293.0 836.0 308.0 855.0
face 0.32 117.0 950.0 175.0 1016.0
face 0.32 444.0 1090.0 543.0 1196.0
face 0.32 423.0 590.0 443.0 613.0
face 0.31 218.0 598.0 243.0 631.0
face 0.31 20.0 709.0 33.0 725.0
face 0.31 321.0 1127.0 508.0 1351.0
face 0.30 247.0 735.0 291.0 799.0
face 0.30 68.0 699.0 84.0 717.0
face 0.30 163.0 722.0 177.0 741.0
