face 1.00 427.0 81.0 532.0 215.0
face 0.85 842.0 1.0 930.0 88.0
face 0.81 747.0 960.0 810.0 1017.0
face 0.80 463.0 388.0 478.0 408.0
face 0.61 657.0 573.0 671.0 589.0
face 0.57 747.0 716.0 766.0 739.0
face 0.54 431.0 406.0 461.0 446.0
face 0.51 679.0 879.0 701.0 907.0
face 0.51 432.0 35.0 450.0 56.0
face 0.44 717.0 765.0 729.0 781.0
face 0.44 647.0 610.0 659.0 626.0
face 0.42 758.0 970.0 789.0 1004.0
face 0.37 451.0 1226.0 469.0 1248.0
face 0.37 501.0 454.0 527.0 484.0
face 0.36 640.0 716.0 652.0 731.0
face 0.36 650.0 886.0 680.0 922.0
face 0.35 617.0 897.0 634.0 919.0
face 0.34 470.0 484.0 482.0 498.0
face 0.33 28.0 141.0 44.0 160.0
face 0.33 455.0 272.0 477.0 298.0
face 0.32 491.0 273.0 508.0 293.0
face 0.32 710.0 111.0 722.0 124.0
face 0.31 374.0 38.0 386.0 52.0
face 0.30 771.0 35.0 785.0 52.0
face 0.30 662.0 743.0 694.0 783.0
face 0.30 186.0 504.0 203.0 525.0
face 0.30 835.0 623.0 854.0 648.0
face 0.30 167.0 497.0 181.0 515.0
