face 1.00 413.0 346.0 519.0 467.0
face 0.75 864.0 948.0 888.0 979.0
face 0.61 54.0 676.0 86.0 713.0
face 0.58 657.0 935.0 696.0 976.0
face 0.54 630.0 459.0 641.0 473.0
face 0.51 845.0 980.0 873.0 1010.0
face 0.42 407.0 759.0 436.0 794.0
face 0.39 421.0 936.0 439.0 958.0
face 0.37 445.0 501.0 457.0 516.0
face 0.37 356.0 735.0 373.0 757.0
face 0.36 466.0 984.0 485.0 1005.0
face 0.36 710.0 845.0 721.0 859.0
face 0.36 167.0 979.0 193.0 1008.0
face 0.35 62.0 984.0 93.0 1016.0
face 0.35 437.0 770.0 456.0 793.0
face 0.34 583.0 730.0 667.0 834.0
face 0.34 553.0 510.0 569.0 531.0
face 0.34 253.0 955.0 266.0 970.0
face 0.33 592.0 423.0 618.0 450.0
face 0.33 653.0 781.0 664.0 795.0
face 0.32 425.0 987.0 442.0 1007.0
face 0.32 551.0 412.0 563.0 427.0
face 0.32 399.0 518.0 410.0 532.0
face 0.32 442.0 986.0 461.0 1008.0
face 0.31 556.0 501.0 567.0 514.0
face 0.30 646.0 623.0 658.0 637.0
