face 1.00 200.0 179.0 277.0 280.0
face 1.00 718.0 403.0 794.0 518.0
face 0.74 784.0 548.0 892.0 644.0
face 0.43 18.0 150.0 31.0 167.0
face 0.43 27.0 169.0 83.0 238.0
face 0.37 797.0 279.0 850.0 333.0
face 0.37 97.0 485.0 122.0 515.0
face 0.36 206.0 780.0 218.0 795.0
face 0.35 199.0 804.0 224.0 835.0
face 0.34 132.0 387.0 227.0 485.0
face 0.32 32.0 271.0 68.0 312.0
face 0.31 201.0 618.0 234.0 656.0
face 0.31 1.0 448.0 43.0 509.0
face 0.31 251.0 781.0 304.0 841.0
face 0.31 693.0 830.0 724.0 861.0
