face 1.00 756.0 97.0 799.0 154.0
face 1.00 256.0 113.0 290.0 157.0
face 1.00 296.0 118.0 342.0 176.0
face 1.00 49.0 27.0 117.0 112.0
face 1.00 845.0 118.0 876.0 154.0
face 1.00 370.0 147.0 387.0 167.0
face 1.00 517.0 95.0 561.0 152.0
face 1.00 674.0 312.0 722.0 365.0
face 1.00 880.0 144.0 913.0 187.0
face 1.00 344.0 305.0 390.0 355.0
face 1.00 768.0 321.0 823.0 379.0
face 0.99 577.0 349.0 619.0 397.0
face 0.99 226.0 129.0 253.0 164.0
face 0.97 280.0 306.0 326.0 363.0
face 0.94 677.0 159.0 698.0 184.0
face 0.93 479.0 337.0 514.0 375.0
face 0.89 83.0 190.0 98.0 209.0
face 0.88 419.0 124.0 449.0 162.0
face 0.81 966.0 56.0 1024.0 137.0
face 0.71 1009.0 209.0 1023.0 227.0
face 0.71 727.0 139.0 754.0 171.0
face 0.48 213.0 149.0 225.0 165.0
face 0.48 593.0 121.0 616.0 152.0
face 0.45 562.0 127.0 578.0 147.0
face 0.45 334.0 86.0 362.0 125.0
face 0.37 979.0 198.0 995.0 218.0
face 0.35 -1.0 49.0 13.0 72.0
face 0.35 438.0 0.0 451.0 13.0
face 0.30 730.0 133.0 748.0 153.0
