face 1.00 659.0 159.0 722.0 239.0
face 0.56 895.0 589.0 907.0 604.0
face 0.47 613.0 463.0 626.0 478.0
face 0.37 735.0 210.0 757.0 236.0
face 0.35 856.0 530.0 873.0 551.0
face 0.34 922.0 523.0 936.0 540.0
face 0.34 710.0 460.0 721.0 473.0
face 0.33 606.0 238.0 619.0 252.0
face 0.33 807.0 603.0 822.0 623.0
face 0.32 637.0 550.0 648.0 564.0
face 0.31 669.0 621.0 682.0 638.0
face 0.31 509.0 540.0 520.0 554.0
face 0.31 813.0 557.0 825.0 571.0
face 0.31 925.0 476.0 940.0 494.0
face 0.30 883.0 589.0 900.0 606.0
face 0.30 778.0 623.0 794.0 644.0
