face 1.00 384.0 79.0 482.0 206.0
face 0.49 740.0 83.0 757.0 104.0
face 0.49 75.0 379.0 89.0 395.0
face 0.46 567.0 147.0 581.0 164.0
face 0.44 189.0 389.0 200.0 402.0
face 0.41 686.0 574.0 738.0 655.0
face 0.39 962.0 365.0 976.0 384.0
face 0.38 505.0 85.0 560.0 155.0
face 0.38 605.0 439.0 617.0 453.0
face 0.37 369.0 570.0 454.0 661.0
face 0.36 391.0 132.0 418.0 164.0
face 0.35 56.0 435.0 66.0 448.0
face 0.35 -2.0 355.0 21.0 399.0
face 0.33 79.0 450.0 90.0 465.0
face 0.33 380.0 659.0 399.0 680.0
face 0.32 621.0 52.0 673.0 118.0
face 0.32 58.0 463.0 81.0 491.0
face 0.31 590.0 149.0 607.0 168.0
face 0.31 906.0 419.0 924.0 440.0
face 0.30 1.0 435.0 20.0 455.0
face 0.30 165.0 413.0 177.0 427.0
face 0.30 48.0 471.0 59.0 484.0
