face 1.00 503.0 456.0 538.0 500.0
face 1.00 503.0 121.0 537.0 163.0
face 1.00 916.0 450.0 939.0 484.0
face 1.00 901.0 123.0 913.0 138.0
face 1.00 518.0 237.0 550.0 273.0
face 0.99 729.0 450.0 768.0 501.0
face 0.99 313.0 373.0 332.0 395.0
face 0.99 142.0 462.0 156.0 479.0
face 0.99 127.0 375.0 157.0 411.0
face 0.99 941.0 353.0 957.0 371.0
face 0.98 975.0 341.0 991.0 362.0
face 0.98 91.0 459.0 102.0 474.0
face 0.98 952.0 111.0 968.0 136.0
face 0.98 333.0 255.0 350.0 275.0
face 0.94 695.0 116.0 732.0 156.0
face 0.93 340.0 462.0 355.0 481.0
face 0.92 49.0 466.0 64.0 483.0
face 0.83 878.0 339.0 894.0 361.0
face 0.81 920.0 135.0 929.0 146.0
face 0.81 277.0 224.0 300.0 251.0
face 0.76 108.0 244.0 122.0 261.0
face 0.76 182.0 372.0 197.0 393.0
face 0.53 52.0 237.0 64.0 253.0
face 0.42 976.0 226.0 994.0 246.0
face 0.40 74.0 383.0 96.0 413.0
face 0.39 180.0 333.0 192.0 347.0
face 0.39 758.0 233.0 774.0 252.0
face 0.37 887.0 339.0 905.0 358.0
face 0.37 549.0 338.0 561.0 353.0
face 0.36 846.0 135.0 856.0 148.0
face 0.35 949.0 133.0 961.0 147.0
face 0.35 229.0 505.0 243.0 522.0
face 0.33 988.0 363.0 1005.0 387.0
face 0.31 296.0 278.0 307.0 291.0
face 0.30 710.0 352.0 740.0 392.0
