face 0.99 198.0 371.0 581.0 701.0
face 0.50 632.0 395.0 645.0 412.0
face 0.44 422.0 291.0 434.0 306.0
face 0.42 703.0 260.0 725.0 288.0
face 0.41 663.0 359.0 673.0 371.0
face 0.39 349.0 277.0 362.0 295.0
face 0.39 511.0 378.0 522.0 393.0
face 0.39 519.0 315.0 530.0 328.0
face 0.39 618.0 1006.0 889.0 1261.0
face 0.38 675.0 341.0 699.0 370.0
face 0.38 695.0 888.0 898.0 1108.0
face 0.37 316.0 191.0 332.0 211.0
face 0.37 671.0 348.0 682.0 362.0
face 0.36 422.0 245.0 433.0 258.0
face 0.34 356.0 185.0 373.0 205.0
face 0.33 692.0 373.0 704.0 387.0
face 0.33 413.0 317.0 426.0 332.0
face 0.31 415.0 260.0 426.0 273.0
face 0.31 325.0 280.0 340.0 300.0
face 0.31 464.0 365.0 475.0 378.0
face 0.31 397.0 325.0 408.0 340.0
face 0.30 404.0 250.0 419.0 268.0
face 0.30 630.0 298.0 646.0 316.0
face 0.30 597.0 372.0 608.0 386.0
face 0.30 824.0 40.0 937.0 170.0
