face 1.00 473.0 322.0 580.0 478.0
face 0.79 437.0 558.0 630.0 836.0
face 0.66 105.0 275.0 164.0 336.0
face 0.57 252.0 804.0 273.0 831.0
face 0.53 232.0 849.0 253.0 876.0
face 0.49 705.0 1358.0 722.0 1380.0
face 0.44 538.0 96.0 669.0 229.0
face 0.44 518.0 1093.0 841.0 1368.0
face 0.42 495.0 509.0 548.0 564.0
face 0.41 117.0 87.0 165.0 146.0
face 0.40 1003.0 379.0 1024.0 410.0
face 0.38 497.0 588.0 513.0 607.0
face 0.37 653.0 488.0 713.0 560.0
face 0.35 485.0 700.0 499.0 715.0
face 0.33 861.0 896.0 889.0 931.0
face 0.32 225.0 842.0 357.0 995.0
face 0.32 886.0 956.0 910.0 985.0
face 0.31 468.0 0.0 501.0 33.0
face 0.30 284.0 151.0 301.0 171.0
