face 1.00 343.0 160.0 441.0 288.0
face 0.99 721.0 267.0 783.0 382.0
face 0.94 931.0 727.0 959.0 759.0
face 0.56 70.0 734.0 99.0 769.0
face 0.41 134.0 651.0 163.0 684.0
face 0.41 969.0 1097.0 997.0 1130.0
face 0.39 933.0 672.0 960.0 706.0
face 0.39 168.0 848.0 193.0 878.0
face 0.38 1014.0 179.0 1025.0 195.0
face 0.37 86.0 1302.0 117.0 1335.0
face 0.35 157.0 1310.0 169.0 1324.0
face 0.34 854.0 309.0 867.0 326.0
face 0.34 904.0 642.0 931.0 677.0
face 0.34 169.0 905.0 197.0 938.0
face 0.33 914.0 690.0 931.0 712.0
face 0.32 39.0 1018.0 70.0 1056.0
face 0.32 73.0 794.0 101.0 827.0
face 0.31 907.0 588.0 932.0 618.0
