face 1.00 530.0 163.0 570.0 216.0
face 1.00 886.0 62.0 914.0 100.0
face 1.00 317.0 55.0 350.0 93.0
face 1.00 636.0 32.0 668.0 78.0
face 1.00 492.0 113.0 528.0 158.0
face 1.00 593.0 182.0 644.0 253.0
face 0.99 89.0 20.0 109.0 45.0
face 0.98 13.0 64.0 31.0 87.0
face 0.84 162.0 1.0 190.0 26.0
face 0.77 758.0 13.0 779.0 39.0
face 0.66 416.0 78.0 440.0 108.0
face 0.49 1000.0 114.0 1020.0 146.0
face 0.39 826.0 19.0 842.0 40.0
face 0.38 506.0 104.0 526.0 129.0
face 0.37 123.0 118.0 140.0 140.0
face 0.36 848.0 2.0 881.0 37.0
face 0.34 872.0 206.0 906.0 252.0
face 0.34 399.0 166.0 427.0 204.0
face 0.34 812.0 67.0 846.0 105.0
face 0.33 568.0 474.0 595.0 510.0
face 0.33 450.0 417.0 471.0 445.0
face 0.32 123.0 3.0 141.0 21.0
face 0.31 45.0 125.0 71.0 156.0
face 0.31 960.0 255.0 971.0 268.0
face 0.30 469.0 145.0 485.0 166.0
face 0.30 552.0 259.0 579.0 298.0
