face 1.00 294.0 12.0 333.0 63.0
face 1.00 165.0 1.0 208.0 53.0
face 1.00 381.0 15.0 423.0 71.0
face 1.00 259.0 128.0 307.0 197.0
face 1.00 3.0 169.0 47.0 215.0
face 1.00 92.0 186.0 130.0 232.0
face 1.00 65.0 206.0 112.0 262.0
face 1.00 491.0 91.0 593.0 216.0
face 1.00 33.0 115.0 69.0 162.0
face 1.00 1.0 239.0 31.0 290.0
face 1.00 805.0 76.0 860.0 133.0
face 0.99 900.0 374.0 942.0 429.0
face 0.99 161.0 232.0 205.0 282.0
face 0.99 -1.0 355.0 48.0 418.0
face 0.96 886.0 61.0 937.0 130.0
face 0.67 137.0 159.0 171.0 197.0
face 0.66 437.0 204.0 467.0 242.0
face 0.64 183.0 176.0 221.0 225.0
face 0.57 682.0 436.0 769.0 535.0
face 0.55 393.0 164.0 409.0 186.0
face 0.50 698.0 198.0 716.0 223.0
face 0.46 383.0 119.0 404.0 146.0
face 0.43 617.0 183.0 644.0 213.0
face 0.38 335.0 428.0 350.0 448.0
face 0.38 454.0 82.0 475.0 111.0
face 0.37 348.0 142.0 383.0 180.0
face 0.35 721.0 555.0 739.0 577.0
face 0.34 96.0 484.0 124.0 516.0
face 0.33 635.0 171.0 653.0 192.0
face 0.33 383.0 516.0 413.0 555.0
face 0.32 69.0 266.0 120.0 326.0
face 0.31 592.0 157.0 616.0 189.0
face 0.31 938.0 448.0 957.0 472.0
face 0.30 919.0 445.0 947.0 474.0
