face 1.00 751.0 90.0 794.0 146.0
face 1.00 283.0 175.0 312.0 213.0
face 1.00 512.0 135.0 542.0 175.0
face 1.00 424.0 175.0 446.0 204.0
face 1.00 555.0 122.0 588.0 161.0
face 1.00 187.0 162.0 204.0 189.0
face 1.00 835.0 141.0 869.0 182.0
face 0.99 1.0 163.0 24.0 212.0
face 0.99 440.0 202.0 463.0 235.0
face 0.99 268.0 150.0 286.0 178.0
face 0.99 325.0 163.0 345.0 187.0
face 0.97 389.0 144.0 412.0 173.0
face 0.91 100.0 157.0 127.0 197.0
face 0.78 383.0 465.0 397.0 484.0
face 0.62 381.0 171.0 400.0 191.0
face 0.46 241.0 426.0 266.0 457.0
face 0.41 354.0 200.0 410.0 265.0
face 0.40 400.0 460.0 415.0 478.0
face 0.39 112.0 26.0 160.0 83.0
face 0.39 148.0 38.0 163.0 57.0
face 0.39 442.0 268.0 456.0 285.0
face 0.37 364.0 393.0 380.0 413.0
face 0.33 600.0 172.0 626.0 203.0
face 0.31 498.0 404.0 512.0 420.0
face 0.31 803.0 136.0 818.0 155.0
face 0.31 239.0 178.0 263.0 213.0
face 0.30 1.0 497.0 18.0 518.0
