face 1.00 907.0 135.0 940.0 178.0
face 1.00 56.0 202.0 79.0 229.0
face 1.00 472.0 179.0 507.0 226.0
face 1.00 640.0 116.0 672.0 166.0
face 1.00 410.0 254.0 452.0 304.0
face 0.99 152.0 309.0 163.0 323.0
face 0.98 9.0 269.0 20.0 282.0
face 0.97 142.0 328.0 154.0 343.0
face 0.97 197.0 256.0 213.0 278.0
face 0.95 32.0 267.0 43.0 280.0
face 0.92 137.0 303.0 148.0 316.0
face 0.91 767.0 229.0 782.0 249.0
face 0.83 462.0 320.0 474.0 334.0
face 0.77 639.0 315.0 650.0 328.0
face 0.65 2.0 234.0 14.0 252.0
face 0.65 3.0 316.0 17.0 332.0
face 0.61 13.0 206.0 27.0 222.0
face 0.59 53.0 153.0 64.0 166.0
face 0.57 161.0 252.0 171.0 264.0
face 0.56 33.0 230.0 46.0 245.0
face 0.54 38.0 224.0 49.0 237.0
face 0.54 558.0 192.0 572.0 210.0
face 0.53 473.0 160.0 488.0 179.0
face 0.52 156.0 228.0 167.0 241.0
face 0.50 129.0 189.0 139.0 200.0
face 0.50 6.0 244.0 16.0 257.0
face 0.50 181.0 260.0 194.0 276.0
face 0.49 616.0 352.0 627.0 365.0
face 0.48 143.0 143.0 153.0 156.0
face 0.47 127.0 208.0 138.0 221.0
face 0.46 159.0 296.0 169.0 307.0
face 0.45 44.0 441.0 60.0 461.0
face 0.44 101.0 140.0 113.0 153.0
face 0.44 748.0 231.0 776.0 265.0
face 0.44 181.0 239.0 190.0 250.0
face 0.41 38.0 151.0 47.0 163.0
face 0.40 279.0 231.0 289.0 243.0
face 0.40 904.0 300.0 957.0 375.0
face 0.40 826.0 207.0 839.0 222.0
face 0.39 55.0 133.0 66.0 146.0
face 0.38 158.0 142.0 169.0 156.0
face 0.38 422.0 349.0 434.0 363.0
face 0.38 105.0 182.0 115.0 194.0
face 0.38 206.0 236.0 218.0 249.0
face 0.37 221.0 197.0 232.0 211.0
face 0.37 21.0 151.0 31.0 163.0
face 0.37 31.0 236.0 43.0 252.0
face 0.37 239.0 167.0 251.0 181.0
face 0.37 622.0 326.0 633.0 339.0
face 0.36 223.0 236.0 237.0 252.0
face 0.36 261.0 255.0 273.0 268.0
face 0.36 440.0 326.0 452.0 340.0
face 0.36 672.0 128.0 689.0 151.0
face 0.36 143.0 260.0 155.0 274.0
face 0.36 142.0 238.0 154.0 251.0
face 0.36 431.0 391.0 443.0 405.0
face 0.35 197.0 221.0 208.0 234.0
face 0.35 228.0 243.0 239.0 257.0
face 0.35 62.0 181.0 74.0 194.0
face 0.35 428.0 361.0 443.0 382.0
face 0.35 199.0 246.0 210.0 259.0
face 0.34 22.0 205.0 33.0 219.0
face 0.34 110.0 223.0 121.0 235.0
face 0.34 23.0 237.0 34.0 251.0
face 0.34 854.0 197.0 866.0 211.0
face 0.34 250.0 213.0 261.0 228.0
face 0.34 213.0 237.0 225.0 250.0
face 0.33 151.0 173.0 162.0 186.0
face 0.33 575.0 329.0 591.0 347.0
face 0.33 16.0 133.0 27.0 146.0
face 0.33 110.0 229.0 120.0 242.0
face 0.33 381.0 239.0 391.0 251.0
face 0.33 149.0 252.0 161.0 267.0
face 0.33 373.0 214.0 385.0 227.0
face 0.33 383.0 252.0 394.0 265.0
face 0.32 22.0 230.0 33.0 242.0
face 0.32 590.0 190.0 601.0 203.0
face 0.32 103.0 207.0 114.0 220.0
face 0.32 127.0 148.0 138.0 161.0
face 0.32 205.0 242.0 219.0 258.0
face 0.32 247.0 245.0 257.0 257.0
face 0.32 223.0 254.0 234.0 266.0
face 0.32 49.0 285.0 62.0 300.0
face 0.32 168.0 182.0 178.0 195.0
face 0.32 607.0 335.0 617.0 348.0
face 0.32 622.0 309.0 633.0 321.0
face 0.32 111.0 151.0 122.0 163.0
face 0.32 227.0 271.0 241.0 290.0
face 0.32 38.0 194.0 53.0 210.0
face 0.32 222.0 213.0 233.0 226.0
face 0.32 121.0 281.0 134.0 301.0
face 0.32 175.0 189.0 186.0 202.0
face 0.32 111.0 236.0 124.0 252.0
face 0.32 64.0 175.0 75.0 187.0
face 0.32 445.0 343.0 456.0 356.0
face 0.31 780.0 321.0 796.0 342.0
face 0.31 111.0 197.0 122.0 210.0
face 0.31 807.0 197.0 819.0 211.0
face 0.31 110.0 206.0 121.0 219.0
face 0.31 391.0 222.0 401.0 234.0
face 0.31 164.0 246.0 174.0 259.0
face 0.31 46.0 173.0 56.0 185.0
face 0.31 415.0 348.0 427.0 363.0
face 0.31 133.0 146.0 148.0 162.0
face 0.31 79.0 109.0 90.0 122.0
face 0.31 15.0 230.0 27.0 243.0
face 0.31 30.0 252.0 42.0 266.0
face 0.31 312.0 174.0 323.0 187.0
face 0.31 271.0 253.0 283.0 266.0
face 0.31 133.0 237.0 145.0 250.0
face 0.31 199.0 239.0 210.0 251.0
face 0.31 257.0 260.0 268.0 273.0
face 0.31 284.0 292.0 311.0 323.0
face 0.31 137.0 167.0 147.0 179.0
face 0.31 230.0 253.0 241.0 266.0
face 0.31 295.0 238.0 306.0 251.0
face 0.31 167.0 285.0 179.0 299.0
face 0.31 615.0 334.0 625.0 346.0
face 0.31 73.0 134.0 83.0 147.0
face 0.31 253.0 197.0 263.0 210.0
face 0.31 63.0 166.0 73.0 178.0
face 0.31 141.0 250.0 156.0 269.0
face 0.30 48.0 150.0 59.0 163.0
face 0.30 517.0 426.0 546.0 457.0
face 0.30 456.0 365.0 467.0 378.0
face 0.30 247.0 238.0 258.0 250.0
face 0.30 71.0 149.0 82.0 162.0
face 0.30 864.0 335.0 875.0 348.0
face 0.30 144.0 190.0 154.0 202.0
face 0.30 94.0 198.0 105.0 210.0
