face 1.00 236.0 1.0 292.0 53.0
face 1.00 14.0 1.0 72.0 55.0
face 1.00 279.0 165.0 334.0 243.0
face 1.00 670.0 122.0 738.0 210.0
face 1.00 22.0 126.0 62.0 192.0
face 1.00 492.0 126.0 549.0 197.0
face 1.00 957.0 41.0 1015.0 112.0
face 1.00 941.0 148.0 1003.0 227.0
face 1.00 66.0 180.0 123.0 248.0
face 0.56 671.0 588.0 695.0 618.0
face 0.42 615.0 608.0 631.0 627.0
face 0.35 362.0 166.0 379.0 191.0
face 0.35 188.0 192.0 217.0 227.0
face 0.33 751.0 -1.0 784.0 24.0
face 0.33 180.0 329.0 211.0 382.0
face 0.32 431.0 51.0 480.0 106.0
face 0.32 332.0 74.0 349.0 94.0
face 0.32 518.0 365.0 549.0 401.0
face 0.32 598.0 4.0 609.0 19.0
face 0.30 574.0 0.0 587.0 12.0
