face 1.00 858.0 283.0 873.0 303.0
face 0.99 702.0 299.0 717.0 318.0
face 0.97 710.0 292.0 724.0 310.0
face 0.96 414.0 301.0 429.0 320.0
face 0.96 676.0 287.0 690.0 305.0
face 0.95 22.0 327.0 34.0 341.0
face 0.95 0.0 326.0 13.0 344.0
face 0.94 78.0 279.0 89.0 294.0
face 0.91 124.0 311.0 136.0 326.0
face 0.89 94.0 230.0 103.0 241.0
face 0.86 109.0 236.0 119.0 248.0
face 0.81 11.0 283.0 23.0 300.0
face 0.78 64.0 268.0 73.0 279.0
face 0.76 162.0 291.0 177.0 310.0
face 0.73 17.0 238.0 29.0 252.0
face 0.70 117.0 225.0 127.0 236.0
face 0.69 50.0 333.0 62.0 347.0
face 0.67 13.0 271.0 24.0 284.0
face 0.61 44.0 278.0 56.0 294.0
face 0.58 15.0 301.0 26.0 314.0
face 0.58 81.0 331.0 94.0 346.0
face 0.58 107.0 332.0 119.0 347.0
face 0.54 69.0 228.0 79.0 240.0
face 0.46 700.0 384.0 722.0 411.0
face 0.46 92.0 315.0 104.0 329.0
face 0.41 48.0 253.0 58.0 266.0
face 0.39 131.0 325.0 144.0 342.0
face 0.35 39.0 299.0 51.0 315.0
face 0.34 77.0 246.0 88.0 259.0
face 0.34 94.0 379.0 106.0 394.0
face 0.33 85.0 325.0 97.0 340.0
face 0.33 128.0 332.0 140.0 346.0
face 0.32 659.0 290.0 677.0 310.0
face 0.31 133.0 356.0 144.0 370.0
face 0.31 69.0 347.0 83.0 364.0
face 0.31 80.0 262.0 92.0 275.0
face 0.31 91.0 331.0 106.0 348.0
face 0.31 6.0 302.0 18.0 315.0
face 0.30 30.0 253.0 42.0 266.0
