face 1.00 24.0 381.0 42.0 402.0
face 0.97 381.0 191.0 405.0 222.0
face 0.97 73.0 386.0 94.0 409.0
face 0.97 190.0 197.0 216.0 233.0
face 0.75 241.0 401.0 254.0 419.0
face 0.63 649.0 419.0 669.0 448.0
face 0.62 979.0 438.0 996.0 458.0
face 0.61 494.0 421.0 505.0 436.0
face 0.50 838.0 406.0 850.0 419.0
face 0.46 883.0 385.0 903.0 410.0
face 0.44 119.0 418.0 147.0 451.0
face 0.42 494.0 368.0 511.0 389.0
face 0.41 911.0 439.0 922.0 454.0
face 0.39 357.0 425.0 374.0 449.0
face 0.36 948.0 383.0 963.0 400.0
face 0.33 804.0 412.0 816.0 427.0
face 0.31 927.0 365.0 940.0 383.0
face 0.31 551.0 435.0 565.0 452.0
