face 1.00 749.0 136.0 865.0 302.0
face 1.00 567.0 611.0 679.0 758.0
face 0.83 432.0 600.0 481.0 669.0
face 0.58 191.0 626.0 238.0 688.0
face 0.57 446.0 1145.0 507.0 1216.0
face 0.53 163.0 769.0 187.0 801.0
face 0.47 320.0 322.0 367.0 381.0
face 0.46 72.0 1025.0 135.0 1098.0
face 0.45 57.0 327.0 83.0 362.0
face 0.43 310.0 601.0 396.0 716.0
face 0.43 317.0 213.0 329.0 229.0
face 0.43 151.0 478.0 191.0 534.0
face 0.40 232.0 710.0 269.0 748.0
face 0.37 -1.0 928.0 42.0 996.0
face 0.37 430.0 613.0 457.0 649.0
face 0.34 62.0 61.0 242.0 259.0
face 0.32 -1.0 270.0 24.0 308.0
face 0.31 743.0 1159.0 754.0 1173.0
