face 1.00 882.0 43.0 992.0 185.0
face 1.00 176.0 48.0 299.0 219.0
face 1.00 596.0 36.0 717.0 203.0
face 1.00 625.0 283.0 735.0 437.0
face 1.00 304.0 288.0 439.0 431.0
face 1.00 417.0 18.0 523.0 170.0
face 0.64 244.0 725.0 293.0 789.0
face 0.62 855.0 84.0 876.0 112.0
face 0.52 210.0 1168.0 317.0 1288.0
face 0.37 350.0 1167.0 405.0 1237.0
face 0.36 505.0 124.0 552.0 176.0
face 0.36 333.0 1169.0 347.0 1188.0
face 0.32 85.0 897.0 112.0 930.0
face 0.32 860.0 457.0 889.0 494.0
face 0.31 349.0 350.0 380.0 386.0
