face 1.00 23.0 175.0 50.0 208.0
face 1.00 184.0 183.0 205.0 209.0
face 1.00 914.0 142.0 955.0 196.0
face 1.00 596.0 164.0 618.0 190.0
face 1.00 466.0 179.0 488.0 210.0
face 1.00 250.0 169.0 271.0 196.0
face 1.00 384.0 174.0 409.0 205.0
face 1.00 790.0 170.0 821.0 210.0
face 1.00 763.0 146.0 793.0 182.0
face 1.00 435.0 163.0 457.0 190.0
face 1.00 738.0 158.0 761.0 187.0
face 1.00 84.0 163.0 112.0 199.0
face 1.00 828.0 147.0 855.0 181.0
face 1.00 539.0 151.0 568.0 190.0
face 1.00 970.0 185.0 999.0 220.0
face 1.00 492.0 178.0 510.0 200.0
face 1.00 664.0 153.0 691.0 185.0
face 1.00 409.0 227.0 462.0 316.0
face 1.00 982.0 158.0 1006.0 187.0
face 1.00 636.0 172.0 656.0 197.0
face 1.00 323.0 185.0 342.0 209.0
face 0.87 564.0 162.0 580.0 184.0
face 0.50 248.0 237.0 264.0 255.0
face 0.37 504.0 228.0 530.0 260.0
face 0.37 509.0 189.0 524.0 208.0
face 0.36 873.0 346.0 896.0 375.0
face 0.36 756.0 180.0 771.0 199.0
face 0.36 506.0 361.0 534.0 390.0
face 0.33 278.0 142.0 289.0 155.0
face 0.31 487.0 332.0 510.0 361.0
face 0.31 625.0 234.0 643.0 259.0
face 0.31 268.0 142.0 284.0 159.0
