face 1.00 496.0 159.0 652.0 338.0
face 0.97 216.0 166.0 342.0 341.0
face 0.70 318.0 143.0 492.0 327.0
face 0.43 511.0 716.0 538.0 748.0
face 0.40 924.0 378.0 1013.0 501.0
face 0.39 928.0 672.0 954.0 704.0
face 0.36 517.0 678.0 532.0 695.0
face 0.35 430.0 396.0 441.0 410.0
face 0.35 809.0 -15.0 900.0 69.0
face 0.33 951.0 444.0 963.0 457.0
face 0.33 570.0 365.0 771.0 580.0
face 0.32 412.0 364.0 426.0 383.0
face 0.32 508.0 689.0 523.0 707.0
face 0.31 518.0 709.0 531.0 724.0
face 0.30 541.0 702.0 553.0 717.0
face 0.30 491.0 684.0 506.0 702.0
