face 1.00 781.0 504.0 860.0 564.0
face 1.00 572.0 224.0 638.0 317.0
face 0.61 5.0 24.0 176.0 252.0
face 0.56 402.0 465.0 419.0 486.0
face 0.52 629.0 402.0 726.0 555.0
face 0.47 59.0 654.0 79.0 681.0
face 0.43 177.0 513.0 193.0 533.0
face 0.43 752.0 0.0 995.0 215.0
face 0.40 462.0 485.0 476.0 503.0
face 0.40 285.0 466.0 310.0 496.0
face 0.38 64.0 526.0 90.0 556.0
face 0.38 42.0 568.0 100.0 637.0
face 0.37 58.0 563.0 86.0 594.0
face 0.37 292.0 601.0 332.0 656.0
face 0.36 162.0 445.0 178.0 464.0
face 0.34 18.0 465.0 34.0 486.0
face 0.33 482.0 635.0 503.0 667.0
face 0.32 244.0 658.0 260.0 676.0
face 0.32 111.0 211.0 135.0 239.0
face 0.32 666.0 548.0 682.0 568.0
face 0.31 255.0 443.0 272.0 465.0
face 0.31 38.0 595.0 64.0 625.0
