face 1.00 170.0 890.0 194.0 920.0
face 1.00 491.0 923.0 523.0 963.0
face 0.98 154.0 951.0 185.0 996.0
face 0.97 651.0 861.0 669.0 883.0
face 0.97 394.0 826.0 432.0 872.0
face 0.96 635.0 896.0 685.0 946.0
face 0.93 143.0 856.0 160.0 878.0
face 0.89 287.0 853.0 300.0 869.0
face 0.86 816.0 861.0 834.0 883.0
face 0.70 911.0 838.0 929.0 859.0
face 0.48 43.0 1053.0 59.0 1073.0
face 0.45 27.0 892.0 44.0 915.0
face 0.44 1005.0 715.0 1026.0 743.0
face 0.39 140.0 934.0 159.0 954.0
face 0.36 305.0 832.0 317.0 847.0
face 0.35 510.0 792.0 527.0 813.0
face 0.34 481.0 798.0 496.0 815.0
face 0.32 632.0 702.0 642.0 715.0
face 0.32 895.0 719.0 904.0 730.0
face 0.31 227.0 294.0 339.0 418.0
face 0.31 39.0 1024.0 54.0 1042.0
face 0.31 428.0 733.0 442.0 750.0
face 0.30 666.0 891.0 683.0 913.0
face 0.30 116.0 1014.0 129.0 1029.0
