face 1.00 452.0 156.0 469.0 181.0
face 1.00 82.0 135.0 97.0 154.0
face 1.00 532.0 187.0 548.0 208.0
face 0.99 861.0 152.0 876.0 173.0
face 0.99 741.0 139.0 755.0 160.0
face 0.97 379.0 141.0 404.0 180.0
face 0.97 197.0 105.0 225.0 149.0
face 0.84 670.0 173.0 685.0 194.0
face 0.81 923.0 97.0 946.0 132.0
face 0.79 518.0 156.0 532.0 174.0
face 0.62 719.0 158.0 734.0 177.0
face 0.53 636.0 166.0 652.0 184.0
face 0.51 515.0 178.0 528.0 197.0
face 0.45 688.0 158.0 699.0 171.0
face 0.40 952.0 95.0 974.0 127.0
face 0.38 604.0 163.0 621.0 184.0
face 0.37 214.0 229.0 225.0 245.0
face 0.37 727.0 293.0 738.0 306.0
face 0.31 682.0 170.0 698.0 190.0
