face 0.99 167.0 238.0 181.0 254.0
face 0.99 532.0 196.0 546.0 213.0
face 0.99 72.0 195.0 84.0 209.0
face 0.98 805.0 332.0 829.0 361.0
face 0.98 584.0 220.0 597.0 236.0
face 0.98 608.0 242.0 622.0 259.0
face 0.98 842.0 211.0 854.0 226.0
face 0.97 88.0 224.0 100.0 237.0
face 0.97 295.0 183.0 307.0 198.0
face 0.97 129.0 140.0 140.0 153.0
face 0.97 824.0 211.0 835.0 224.0
face 0.96 375.0 252.0 387.0 267.0
face 0.96 45.0 255.0 60.0 273.0
face 0.96 961.0 174.0 971.0 187.0
face 0.95 128.0 43.0 142.0 61.0
face 0.95 230.0 233.0 246.0 250.0
face 0.95 276.0 163.0 287.0 178.0
face 0.95 95.0 92.0 106.0 105.0
face 0.95 202.0 229.0 216.0 247.0
face 0.95 841.0 1.0 856.0 20.0
face 0.95 696.0 118.0 706.0 131.0
face 0.95 292.0 259.0 304.0 273.0
face 0.94 85.0 107.0 98.0 123.0
face 0.94 276.0 198.0 288.0 213.0
face 0.93 173.0 98.0 187.0 114.0
face 0.93 57.0 154.0 69.0 170.0
face 0.93 885.0 163.0 897.0 179.0
face 0.93 320.0 255.0 332.0 270.0
face 0.92 765.0 192.0 777.0 206.0
face 0.91 84.0 150.0 97.0 167.0
face 0.91 537.0 110.0 549.0 124.0
face 0.91 370.0 96.0 384.0 112.0
face 0.90 222.0 254.0 235.0 270.0
face 0.90 100.0 199.0 112.0 215.0
face 0.90 31.0 102.0 42.0 117.0
face 0.90 677.0 96.0 687.0 108.0
face 0.90 14.0 91.0 25.0 104.0
face 0.90 5.0 216.0 18.0 232.0
face 0.89 863.0 108.0 874.0 121.0
face 0.89 318.0 183.0 331.0 199.0
face 0.89 139.0 248.0 153.0 265.0
face 0.89 6.0 108.0 16.0 120.0
face 0.88 26.0 233.0 40.0 253.0
face 0.87 721.0 87.0 731.0 101.0
face 0.87 113.0 51.0 125.0 65.0
face 0.87 625.0 5.0 638.0 21.0
face 0.87 292.0 159.0 303.0 174.0
face 0.87 225.0 78.0 239.0 96.0
face 0.87 143.0 166.0 156.0 183.0
face 0.87 542.0 195.0 555.0 211.0
face 0.86 977.0 172.0 987.0 185.0
face 0.86 55.0 101.0 66.0 115.0
face 0.86 412.0 231.0 427.0 249.0
face 0.86 512.0 198.0 526.0 215.0
face 0.86 656.0 180.0 667.0 194.0
face 0.86 81.0 256.0 96.0 273.0
face 0.85 11.0 144.0 25.0 161.0
face 0.85 356.0 179.0 369.0 195.0
face 0.84 974.0 103.0 986.0 117.0
face 0.84 184.0 14.0 195.0 27.0
face 0.84 29.0 19.0 40.0 33.0
face 0.83 718.0 231.0 729.0 245.0
face 0.83 9.0 34.0 22.0 50.0
face 0.83 98.0 243.0 113.0 261.0
face 0.83 168.0 118.0 180.0 132.0
face 0.82 765.0 111.0 776.0 123.0
face 0.82 112.0 88.0 124.0 102.0
face 0.82 916.0 165.0 928.0 179.0
face 0.82 229.0 155.0 242.0 171.0
face 0.82 526.0 246.0 538.0 261.0
face 0.82 949.0 117.0 960.0 131.0
face 0.82 703.0 77.0 715.0 92.0
face 0.81 621.0 183.0 633.0 198.0
face 0.81 10.0 63.0 28.0 85.0
face 0.81 63.0 220.0 78.0 240.0
face 0.81 884.0 17.0 897.0 33.0
face 0.80 554.0 222.0 566.0 236.0
face 0.80 918.0 212.0 929.0 226.0
face 0.79 671.0 58.0 682.0 72.0
face 0.79 1010.0 240.0 1022.0 260.0
face 0.79 85.0 181.0 96.0 195.0
face 0.79 897.0 225.0 910.0 243.0
face 0.78 975.0 146.0 986.0 160.0
face 0.78 39.0 132.0 51.0 147.0
face 0.78 837.0 42.0 850.0 57.0
face 0.77 380.0 66.0 392.0 80.0
face 0.77 907.0 120.0 921.0 138.0
face 0.77 927.0 119.0 938.0 132.0
face 0.76 904.0 189.0 916.0 205.0
face 0.76 734.0 74.0 745.0 88.0
face 0.76 101.0 172.0 115.0 191.0
face 0.76 943.0 85.0 955.0 99.0
face 0.75 1008.0 142.0 1023.0 163.0
face 0.75 921.0 181.0 932.0 195.0
face 0.75 568.0 220.0 579.0 235.0
face 0.75 560.0 11.0 571.0 25.0
face 0.74 438.0 28.0 449.0 41.0
face 0.74 360.0 275.0 371.0 288.0
face 0.74 985.0 227.0 999.0 246.0
face 0.74 884.0 44.0 897.0 59.0
face 0.74 272.0 105.0 283.0 118.0
face 0.74 193.0 173.0 206.0 189.0
face 0.74 430.0 190.0 441.0 203.0
face 0.73 919.0 20.0 930.0 34.0
face 0.73 59.0 142.0 71.0 157.0
face 0.73 415.0 255.0 429.0 270.0
face 0.72 160.0 16.0 173.0 32.0
face 0.72 639.0 109.0 650.0 122.0
face 0.72 366.0 238.0 377.0 253.0
face 0.72 714.0 128.0 724.0 141.0
face 0.72 54.0 12.0 66.0 26.0
face 0.72 614.0 147.0 625.0 161.0
face 0.71 942.0 103.0 953.0 117.0
face 0.71 823.0 166.0 834.0 180.0
face 0.71 633.0 135.0 644.0 147.0
face 0.71 478.0 34.0 488.0 47.0
face 0.70 318.0 52.0 329.0 65.0
face 0.70 630.0 229.0 642.0 244.0
face 0.70 999.0 94.0 1019.0 120.0
face 0.70 505.0 100.0 517.0 114.0
face 0.70 774.0 244.0 786.0 259.0
face 0.69 264.0 35.0 274.0 48.0
face 0.69 425.0 141.0 437.0 157.0
face 0.69 780.0 179.0 802.0 209.0
face 0.69 858.0 147.0 869.0 162.0
face 0.68 797.0 221.0 808.0 234.0
face 0.68 532.0 80.0 544.0 95.0
face 0.68 671.0 239.0 684.0 254.0
face 0.67 140.0 103.0 152.0 117.0
face 0.67 11.0 303.0 29.0 328.0
face 0.67 229.0 134.0 241.0 149.0
face 0.67 912.0 230.0 923.0 245.0
face 0.67 896.0 86.0 909.0 102.0
face 0.67 574.0 38.0 585.0 51.0
face 0.66 831.0 331.0 845.0 349.0
face 0.66 669.0 77.0 680.0 90.0
face 0.65 871.0 229.0 883.0 244.0
face 0.65 992.0 2.0 1003.0 16.0
face 0.65 513.0 316.0 530.0 336.0
face 0.65 527.0 24.0 536.0 36.0
face 0.65 866.0 41.0 879.0 57.0
face 0.65 795.0 327.0 817.0 352.0
face 0.65 351.0 115.0 366.0 133.0
face 0.64 284.0 79.0 296.0 93.0
face 0.63 392.0 88.0 404.0 103.0
face 0.62 879.0 125.0 889.0 139.0
face 0.62 422.0 29.0 433.0 42.0
face 0.62 45.0 68.0 57.0 83.0
face 0.61 322.0 109.0 336.0 125.0
face 0.61 303.0 93.0 315.0 107.0
face 0.61 53.0 300.0 73.0 327.0
face 0.61 725.0 198.0 737.0 213.0
face 0.61 152.0 124.0 163.0 137.0
face 0.61 598.0 139.0 609.0 152.0
face 0.60 681.0 110.0 692.0 122.0
face 0.60 651.0 76.0 663.0 89.0
face 0.60 685.0 181.0 700.0 198.0
face 0.60 381.0 44.0 392.0 58.0
face 0.60 222.0 94.0 233.0 107.0
face 0.60 336.0 279.0 347.0 293.0
face 0.60 103.0 158.0 114.0 171.0
face 0.59 571.0 188.0 586.0 210.0
face 0.59 396.0 252.0 408.0 266.0
face 0.59 947.0 19.0 961.0 36.0
face 0.59 204.0 78.0 215.0 91.0
face 0.59 739.0 171.0 754.0 188.0
face 0.58 414.0 181.0 426.0 194.0
face 0.58 39.0 94.0 51.0 109.0
face 0.58 750.0 247.0 762.0 261.0
face 0.58 77.0 139.0 90.0 155.0
face 0.58 840.0 174.0 853.0 190.0
face 0.58 941.0 172.0 953.0 188.0
face 0.57 28.0 35.0 39.0 49.0
face 0.57 651.0 147.0 666.0 164.0
face 0.57 662.0 110.0 672.0 122.0
face 0.57 687.0 72.0 698.0 86.0
face 0.57 506.0 70.0 517.0 83.0
face 0.56 518.0 39.0 528.0 51.0
face 0.56 97.0 142.0 110.0 157.0
face 0.56 388.0 228.0 402.0 247.0
face 0.56 299.0 107.0 312.0 123.0
face 0.55 318.0 70.0 329.0 82.0
face 0.55 248.0 107.0 262.0 124.0
face 0.55 807.0 41.0 821.0 60.0
face 0.54 704.0 288.0 722.0 308.0
face 0.54 451.0 54.0 464.0 70.0
face 0.54 557.0 28.0 568.0 41.0
face 0.54 62.0 91.0 73.0 105.0
face 0.54 735.0 358.0 746.0 372.0
face 0.54 395.0 283.0 415.0 307.0
face 0.54 349.0 46.0 361.0 60.0
face 0.53 912.0 53.0 926.0 71.0
face 0.53 703.0 94.0 713.0 106.0
face 0.53 563.0 100.0 575.0 115.0
face 0.53 15.0 55.0 26.0 68.0
face 0.53 39.0 55.0 52.0 71.0
face 0.52 796.0 52.0 808.0 66.0
face 0.52 532.0 258.0 549.0 280.0
face 0.51 1000.0 169.0 1016.0 190.0
face 0.51 15.0 124.0 27.0 137.0
face 0.51 80.0 67.0 92.0 82.0
face 0.51 55.0 50.0 71.0 70.0
face 0.51 252.0 114.0 267.0 133.0
face 0.51 990.0 102.0 1001.0 116.0
face 0.51 883.0 78.0 897.0 95.0
face 0.50 936.0 223.0 947.0 237.0
face 0.50 698.0 249.0 714.0 268.0
face 0.50 494.0 127.0 506.0 141.0
face 0.49 84.0 33.0 98.0 51.0
face 0.49 894.0 270.0 917.0 293.0
face 0.48 998.0 30.0 1009.0 43.0
face 0.48 772.0 0.0 784.0 13.0
face 0.48 639.0 45.0 651.0 60.0
face 0.47 21.0 309.0 33.0 326.0
face 0.47 0.0 124.0 11.0 139.0
face 0.47 -2.0 68.0 9.0 85.0
face 0.47 661.0 30.0 672.0 44.0
face 0.47 836.0 272.0 853.0 292.0
face 0.47 395.0 131.0 410.0 152.0
face 0.47 730.0 245.0 742.0 259.0
face 0.46 893.0 195.0 905.0 209.0
face 0.46 624.0 72.0 636.0 86.0
face 0.46 656.0 207.0 667.0 221.0
face 0.45 834.0 29.0 849.0 49.0
face 0.45 231.0 374.0 242.0 387.0
face 0.45 935.0 247.0 959.0 278.0
face 0.45 692.0 184.0 709.0 202.0
face 0.45 829.0 182.0 841.0 197.0
face 0.45 62.0 36.0 75.0 51.0
face 0.44 447.0 35.0 461.0 51.0
face 0.44 326.0 60.0 338.0 75.0
face 0.44 287.0 214.0 297.0 227.0
face 0.44 459.0 0.0 473.0 14.0
face 0.44 968.0 11.0 979.0 25.0
face 0.44 308.0 14.0 318.0 27.0
face 0.44 462.0 84.0 473.0 97.0
face 0.43 975.0 124.0 987.0 137.0
face 0.43 64.0 23.0 75.0 36.0
face 0.43 319.0 57.0 332.0 73.0
face 0.43 96.0 268.0 119.0 301.0
face 0.43 646.0 85.0 657.0 98.0
face 0.43 125.0 31.0 136.0 45.0
face 0.43 251.0 158.0 266.0 176.0
face 0.42 647.0 115.0 658.0 128.0
face 0.42 922.0 98.0 936.0 117.0
face 0.42 790.0 173.0 802.0 188.0
face 0.42 195.0 5.0 207.0 20.0
face 0.42 769.0 29.0 781.0 44.0
face 0.41 391.0 54.0 402.0 68.0
face 0.41 11.0 241.0 27.0 260.0
face 0.41 448.0 133.0 459.0 145.0
face 0.41 255.0 304.0 271.0 324.0
face 0.41 21.0 73.0 35.0 92.0
face 0.40 585.0 29.0 600.0 48.0
face 0.40 941.0 142.0 953.0 156.0
face 0.40 348.0 130.0 364.0 149.0
face 0.40 445.0 79.0 456.0 91.0
face 0.40 256.0 71.0 268.0 85.0
face 0.40 578.0 106.0 592.0 122.0
face 0.40 748.0 172.0 763.0 189.0
face 0.40 241.0 390.0 251.0 403.0
face 0.40 363.0 269.0 376.0 286.0
face 0.40 931.0 11.0 946.0 30.0
face 0.39 859.0 73.0 874.0 92.0
face 0.39 118.0 252.0 129.0 266.0
face 0.39 452.0 154.0 467.0 171.0
face 0.39 911.0 65.0 925.0 85.0
face 0.39 496.0 14.0 506.0 27.0
face 0.39 102.0 34.0 114.0 50.0
face 0.39 331.0 362.0 345.0 379.0
face 0.38 158.0 63.0 169.0 75.0
face 0.38 795.0 93.0 807.0 108.0
face 0.38 908.0 11.0 925.0 30.0
face 0.38 64.0 180.0 76.0 194.0
face 0.38 566.0 254.0 578.0 269.0
face 0.38 813.0 119.0 841.0 151.0
face 0.38 950.0 228.0 960.0 241.0
face 0.38 47.0 149.0 57.0 163.0
face 0.38 750.0 259.0 764.0 274.0
face 0.38 230.0 92.0 241.0 106.0
face 0.38 341.0 84.0 352.0 98.0
face 0.37 238.0 371.0 249.0 384.0
face 0.37 352.0 76.0 363.0 90.0
face 0.37 823.0 88.0 838.0 106.0
face 0.37 549.0 93.0 561.0 108.0
face 0.37 246.0 78.0 261.0 94.0
face 0.37 293.0 58.0 308.0 77.0
face 0.36 1.0 260.0 13.0 278.0
face 0.36 734.0 123.0 745.0 137.0
face 0.36 998.0 36.0 1011.0 52.0
face 0.36 40.0 165.0 51.0 178.0
face 0.36 159.0 91.0 170.0 104.0
face 0.36 512.0 117.0 523.0 131.0
face 0.36 27.0 149.0 41.0 166.0
face 0.36 839.0 86.0 853.0 103.0
face 0.36 486.0 270.0 499.0 284.0
face 0.36 24.0 172.0 34.0 185.0
face 0.36 108.0 243.0 125.0 261.0
face 0.36 456.0 331.0 477.0 358.0
face 0.36 884.0 204.0 895.0 218.0
face 0.36 210.0 118.0 224.0 133.0
face 0.36 389.0 180.0 401.0 193.0
face 0.36 277.0 323.0 307.0 357.0
face 0.35 762.0 145.0 778.0 164.0
face 0.35 788.0 36.0 801.0 50.0
face 0.35 614.0 101.0 625.0 114.0
face 0.35 879.0 212.0 892.0 228.0
face 0.35 622.0 219.0 638.0 241.0
face 0.35 762.0 82.0 780.0 101.0
face 0.35 548.0 36.0 564.0 55.0
face 0.35 499.0 39.0 511.0 53.0
face 0.35 696.0 30.0 709.0 47.0
face 0.35 887.0 199.0 898.0 212.0
face 0.35 814.0 204.0 826.0 219.0
face 0.34 521.0 62.0 531.0 74.0
face 0.34 725.0 111.0 736.0 124.0
face 0.34 873.0 311.0 897.0 340.0
face 0.34 942.0 227.0 955.0 240.0
face 0.34 259.0 161.0 274.0 179.0
face 0.34 284.0 282.0 312.0 311.0
face 0.34 22.0 84.0 34.0 100.0
face 0.34 559.0 334.0 570.0 347.0
face 0.34 542.0 29.0 553.0 42.0
face 0.34 44.0 118.0 57.0 132.0
face 0.34 757.0 174.0 768.0 188.0
face 0.33 334.0 177.0 349.0 196.0
face 0.33 110.0 262.0 121.0 275.0
face 0.33 879.0 132.0 890.0 146.0
face 0.33 594.0 87.0 613.0 109.0
face 0.33 326.0 38.0 338.0 51.0
face 0.33 920.0 38.0 930.0 51.0
face 0.33 948.0 129.0 964.0 149.0
face 0.33 331.0 117.0 346.0 135.0
face 0.33 350.0 464.0 361.0 477.0
face 0.33 814.0 52.0 825.0 66.0
face 0.33 29.0 6.0 40.0 20.0
face 0.33 542.0 22.0 552.0 34.0
face 0.33 359.0 3.0 373.0 18.0
face 0.33 924.0 106.0 939.0 126.0
face 0.33 765.0 165.0 776.0 179.0
face 0.33 724.0 29.0 738.0 46.0
face 0.33 707.0 9.0 723.0 30.0
face 0.33 872.0 180.0 883.0 195.0
face 0.32 829.0 206.0 840.0 220.0
face 0.32 360.0 19.0 373.0 37.0
face 0.32 927.0 276.0 940.0 291.0
face 0.32 327.0 11.0 339.0 26.0
face 0.32 102.0 11.0 115.0 25.0
face 0.32 173.0 45.0 186.0 60.0
face 0.32 763.0 232.0 787.0 260.0
face 0.32 310.0 173.0 321.0 187.0
face 0.32 221.0 358.0 233.0 372.0
face 0.32 542.0 12.0 553.0 25.0
face 0.32 788.0 196.0 801.0 212.0
face 0.32 254.0 233.0 268.0 253.0
face 0.32 847.0 254.0 858.0 267.0
face 0.32 816.0 165.0 827.0 178.0
face 0.32 138.0 26.0 152.0 43.0
face 0.32 66.0 28.0 79.0 44.0
face 0.32 616.0 135.0 627.0 147.0
face 0.32 981.0 166.0 992.0 179.0
face 0.32 183.0 63.0 193.0 76.0
face 0.32 910.0 110.0 921.0 124.0
face 0.32 374.0 159.0 385.0 172.0
face 0.32 167.0 110.0 179.0 125.0
face 0.32 894.0 39.0 905.0 52.0
face 0.32 503.0 3.0 514.0 18.0
face 0.32 934.0 91.0 950.0 109.0
face 0.32 694.0 245.0 707.0 261.0
face 0.32 91.0 343.0 108.0 364.0
face 0.32 46.0 86.0 57.0 99.0
face 0.32 116.0 107.0 129.0 123.0
face 0.32 173.0 106.0 186.0 122.0
face 0.32 966.0 222.0 977.0 235.0
face 0.32 973.0 6.0 985.0 21.0
face 0.32 340.0 56.0 354.0 74.0
face 0.31 166.0 109.0 187.0 135.0
face 0.31 29.0 85.0 40.0 99.0
face 0.31 367.0 187.0 378.0 201.0
face 0.31 566.0 620.0 577.0 634.0
face 0.31 310.0 274.0 326.0 293.0
face 0.31 677.0 67.0 692.0 86.0
face 0.31 878.0 37.0 893.0 55.0
face 0.31 294.0 15.0 305.0 29.0
face 0.31 374.0 237.0 386.0 251.0
face 0.31 44.0 281.0 61.0 301.0
face 0.31 92.0 34.0 108.0 53.0
face 0.31 87.0 43.0 98.0 57.0
face 0.31 445.0 187.0 457.0 201.0
face 0.31 451.0 91.0 467.0 109.0
face 0.31 687.0 237.0 701.0 254.0
face 0.31 646.0 29.0 657.0 43.0
face 0.31 61.0 6.0 73.0 20.0
face 0.31 200.0 68.0 212.0 82.0
face 0.31 622.0 133.0 634.0 146.0
face 0.31 919.0 44.0 930.0 59.0
face 0.31 587.0 271.0 604.0 292.0
face 0.31 83.0 338.0 100.0 359.0
face 0.31 283.0 2.0 298.0 18.0
face 0.30 142.0 149.0 154.0 163.0
face 0.30 341.0 116.0 357.0 135.0
face 0.30 567.0 -1.0 579.0 11.0
face 0.30 235.0 22.0 248.0 38.0
face 0.30 478.0 22.0 489.0 35.0
face 0.30 483.0 106.0 497.0 125.0
face 0.30 261.0 117.0 272.0 131.0
face 0.30 424.0 62.0 435.0 76.0
face 0.30 730.0 8.0 746.0 29.0
face 0.30 566.0 125.0 576.0 137.0
face 0.30 543.0 5.0 554.0 19.0
face 0.30 334.0 252.0 346.0 266.0
face 0.30 463.0 326.0 474.0 341.0
face 0.30 952.0 51.0 963.0 66.0
face 0.30 741.0 276.0 758.0 295.0
face 0.30 126.0 252.0 138.0 266.0
