face 1.00 780.0 271.0 819.0 319.0
face 1.00 130.0 314.0 168.0 363.0
face 1.00 288.0 158.0 324.0 206.0
face 1.00 398.0 149.0 432.0 193.0
face 1.00 382.0 305.0 420.0 353.0
face 1.00 505.0 144.0 538.0 186.0
face 1.00 220.0 308.0 259.0 358.0
face 1.00 77.0 155.0 113.0 202.0
face 1.00 813.0 159.0 847.0 200.0
face 1.00 714.0 119.0 747.0 163.0
face 1.00 636.0 292.0 672.0 339.0
face 1.00 602.0 136.0 636.0 181.0
face 1.00 182.0 152.0 216.0 194.0
face 1.00 503.0 332.0 539.0 377.0
face 0.60 491.0 355.0 507.0 375.0
face 0.55 302.0 424.0 331.0 456.0
face 0.38 457.0 452.0 483.0 484.0
face 0.33 853.0 261.0 865.0 275.0
face 0.33 507.0 510.0 521.0 527.0
face 0.32 1003.0 69.0 1016.0 86.0
face 0.31 139.0 500.0 191.0 572.0
