face 1.00 718.0 69.0 790.0 157.0
face 1.00 372.0 29.0 432.0 100.0
face 1.00 527.0 60.0 573.0 116.0
face 0.76 958.0 95.0 985.0 134.0
face 0.68 547.0 307.0 579.0 353.0
face 0.56 920.0 110.0 950.0 149.0
face 0.51 557.0 250.0 570.0 267.0
face 0.46 41.0 661.0 55.0 677.0
face 0.45 440.0 444.0 469.0 480.0
face 0.40 442.0 10.0 461.0 32.0
face 0.39 273.0 313.0 294.0 336.0
face 0.39 402.0 35.0 434.0 70.0
face 0.39 151.0 90.0 183.0 128.0
face 0.36 374.0 58.0 390.0 78.0
face 0.35 250.0 542.0 270.0 564.0
face 0.35 406.0 63.0 418.0 77.0
face 0.34 664.0 482.0 701.0 524.0
face 0.33 62.0 663.0 73.0 677.0
face 0.32 690.0 9.0 710.0 31.0
face 0.30 188.0 140.0 210.0 169.0
