face 1.00 399.0 195.0 413.0 213.0
face 1.00 406.0 157.0 423.0 177.0
face 1.00 938.0 154.0 953.0 172.0
face 1.00 299.0 172.0 315.0 193.0
face 1.00 613.0 164.0 627.0 182.0
face 1.00 595.0 213.0 611.0 234.0
face 1.00 24.0 154.0 39.0 171.0
face 1.00 652.0 161.0 667.0 180.0
face 1.00 353.0 270.0 370.0 290.0
face 1.00 125.0 101.0 161.0 153.0
face 0.99 440.0 196.0 465.0 225.0
face 0.99 250.0 171.0 266.0 191.0
face 0.99 610.0 252.0 627.0 274.0
face 0.99 566.0 124.0 581.0 143.0
face 0.99 476.0 238.0 519.0 290.0
face 0.99 377.0 218.0 390.0 235.0
face 0.99 354.0 168.0 370.0 188.0
face 0.97 967.0 258.0 983.0 276.0
face 0.95 994.0 149.0 1009.0 168.0
face 0.94 493.0 170.0 509.0 190.0
face 0.94 249.0 272.0 267.0 293.0
face 0.92 574.0 274.0 586.0 289.0
face 0.86 645.0 231.0 661.0 249.0
face 0.81 805.0 120.0 841.0 168.0
face 0.75 1013.0 211.0 1024.0 226.0
face 0.72 870.0 153.0 894.0 182.0
face 0.71 492.0 197.0 507.0 213.0
face 0.62 445.0 177.0 464.0 199.0
face 0.48 875.0 215.0 891.0 237.0
face 0.43 673.0 258.0 689.0 280.0
face 0.42 574.0 196.0 590.0 216.0
face 0.41 999.0 252.0 1010.0 265.0
face 0.36 539.0 213.0 571.0 247.0
face 0.36 506.0 270.0 520.0 286.0
face 0.34 23.0 194.0 46.0 216.0
face 0.33 224.0 20.0 251.0 54.0
face 0.33 453.0 336.0 470.0 357.0
face 0.33 906.0 232.0 936.0 269.0
face 0.33 186.0 84.0 200.0 100.0
face 0.32 559.0 299.0 575.0 318.0
face 0.32 991.0 267.0 1005.0 284.0
face 0.31 641.0 329.0 655.0 349.0
face 0.30 591.0 163.0 605.0 182.0
face 0.30 189.0 524.0 218.0 555.0
face 0.30 959.0 260.0 971.0 274.0
face 0.30 5.0 227.0 18.0 243.0
