face 1.00 525.0 151.0 652.0 312.0
face 0.96 711.0 77.0 788.0 175.0
face 0.96 428.0 96.0 470.0 149.0
face 0.83 278.0 170.0 318.0 227.0
face 0.82 63.0 118.0 151.0 229.0
face 0.61 134.0 170.0 190.0 231.0
face 0.58 660.0 190.0 675.0 211.0
face 0.58 325.0 841.0 471.0 1025.0
face 0.49 540.0 910.0 671.0 1066.0
face 0.40 222.0 218.0 279.0 284.0
face 0.40 259.0 211.0 281.0 242.0
face 0.34 975.0 131.0 1022.0 204.0
face 0.34 543.0 254.0 601.0 317.0
face 0.30 531.0 79.0 549.0 102.0
face 0.30 430.0 146.0 487.0 212.0
face 0.30 352.0 1166.0 473.0 1306.0
