face 1.00 364.0 160.0 394.0 198.0
face 1.00 240.0 259.0 269.0 297.0
face 1.00 675.0 157.0 703.0 189.0
face 1.00 124.0 148.0 154.0 186.0
face 1.00 263.0 362.0 298.0 405.0
face 1.00 757.0 363.0 792.0 409.0
face 1.00 442.0 152.0 469.0 187.0
face 1.00 683.0 258.0 712.0 295.0
face 1.00 506.0 346.0 538.0 389.0
face 1.00 603.0 274.0 633.0 311.0
face 1.00 643.0 353.0 678.0 399.0
face 1.00 501.0 232.0 531.0 271.0
face 1.00 159.0 259.0 190.0 296.0
face 1.00 137.0 369.0 171.0 411.0
face 1.00 411.0 242.0 442.0 279.0
face 1.00 891.0 250.0 924.0 294.0
face 1.00 521.0 150.0 549.0 185.0
face 1.00 325.0 243.0 357.0 282.0
face 1.00 385.0 350.0 418.0 392.0
face 1.00 773.0 252.0 804.0 289.0
face 1.00 72.0 253.0 103.0 289.0
face 0.99 831.0 162.0 862.0 198.0
face 0.98 290.0 164.0 319.0 199.0
face 0.98 219.0 176.0 248.0 210.0
face 0.93 739.0 156.0 770.0 193.0
face 0.87 609.0 156.0 639.0 193.0
face 0.40 224.0 477.0 251.0 507.0
face 0.38 427.0 452.0 449.0 483.0
