face 0.92 658.0 259.0 670.0 274.0
face 0.59 78.0 270.0 92.0 287.0
face 0.58 104.0 89.0 118.0 106.0
face 0.57 572.0 256.0 586.0 273.0
face 0.51 624.0 149.0 635.0 163.0
face 0.48 70.0 249.0 86.0 268.0
face 0.45 -1.0 83.0 10.0 98.0
face 0.42 746.0 147.0 762.0 165.0
face 0.40 257.0 101.0 267.0 114.0
face 0.38 716.0 94.0 728.0 109.0
face 0.38 86.0 327.0 101.0 348.0
face 0.38 639.0 151.0 650.0 164.0
face 0.38 589.0 68.0 600.0 81.0
face 0.35 996.0 117.0 1008.0 130.0
face 0.35 81.0 92.0 94.0 109.0
face 0.35 41.0 142.0 67.0 175.0
face 0.35 248.0 118.0 259.0 132.0
face 0.35 23.0 95.0 35.0 110.0
face 0.34 665.0 348.0 678.0 363.0
face 0.34 1006.0 87.0 1017.0 101.0
face 0.34 293.0 205.0 304.0 221.0
face 0.34 648.0 346.0 661.0 361.0
face 0.33 422.0 118.0 433.0 131.0
face 0.33 222.0 111.0 233.0 125.0
face 0.33 470.0 230.0 480.0 242.0
face 0.33 612.0 154.0 626.0 170.0
face 0.33 855.0 149.0 867.0 164.0
face 0.32 805.0 149.0 816.0 163.0
face 0.32 867.0 648.0 883.0 666.0
face 0.31 621.0 261.0 631.0 273.0
face 0.31 374.0 117.0 386.0 133.0
face 0.31 446.0 232.0 456.0 244.0
face 0.31 713.0 118.0 725.0 133.0
face 0.30 139.0 116.0 152.0 132.0
face 0.30 136.0 109.0 149.0 125.0
