face 1.00 459.0 178.0 512.0 254.0
face 1.00 242.0 152.0 318.0 238.0
face 0.99 189.0 55.0 238.0 123.0
face 0.93 565.0 291.0 581.0 310.0
face 0.68 357.0 83.0 456.0 187.0
face 0.65 901.0 115.0 917.0 137.0
face 0.54 883.0 123.0 993.0 246.0
face 0.45 300.0 15.0 353.0 87.0
face 0.44 863.0 186.0 885.0 217.0
face 0.41 830.0 570.0 842.0 585.0
face 0.40 142.0 50.0 160.0 72.0
face 0.36 749.0 17.0 767.0 41.0
face 0.35 255.0 22.0 277.0 51.0
face 0.35 988.0 167.0 1005.0 190.0
face 0.34 453.0 96.0 478.0 125.0
face 0.34 557.0 304.0 573.0 323.0
face 0.34 69.0 217.0 91.0 244.0
face 0.33 510.0 203.0 526.0 226.0
face 0.33 442.0 155.0 464.0 179.0
face 0.32 861.0 79.0 880.0 102.0
face 0.30 915.0 498.0 931.0 517.0
