face 1.00 495.0 90.0 539.0 148.0
face 1.00 98.0 150.0 140.0 209.0
face 1.00 912.0 78.0 948.0 122.0
face 1.00 684.0 147.0 720.0 192.0
face 1.00 760.0 145.0 787.0 179.0
face 1.00 205.0 165.0 236.0 208.0
face 1.00 406.0 119.0 445.0 166.0
face 0.98 853.0 232.0 868.0 250.0
face 0.62 953.0 273.0 1008.0 330.0
face 0.58 997.0 193.0 1021.0 228.0
face 0.50 27.0 521.0 48.0 547.0
face 0.46 828.0 217.0 843.0 236.0
face 0.41 208.0 333.0 230.0 363.0
face 0.34 970.0 186.0 1014.0 243.0
face 0.33 876.0 334.0 908.0 372.0
