face 0.79 70.0 520.0 81.0 533.0
face 0.64 305.0 598.0 329.0 625.0
face 0.48 44.0 495.0 56.0 509.0
face 0.46 358.0 630.0 369.0 643.0
face 0.46 135.0 547.0 148.0 563.0
face 0.43 15.0 493.0 24.0 505.0
face 0.43 174.0 559.0 185.0 572.0
face 0.42 2.0 445.0 12.0 459.0
face 0.41 24.0 470.0 34.0 481.0
face 0.40 30.0 503.0 42.0 517.0
face 0.39 55.0 510.0 66.0 523.0
face 0.37 606.0 535.0 617.0 548.0
face 0.37 55.0 462.0 69.0 478.0
face 0.35 47.0 510.0 59.0 523.0
face 0.35 15.0 416.0 27.0 429.0
face 0.35 61.0 509.0 71.0 522.0
face 0.35 223.0 588.0 234.0 601.0
face 0.35 199.0 566.0 209.0 579.0
face 0.35 231.0 589.0 242.0 602.0
face 0.34 30.0 565.0 41.0 580.0
face 0.34 -1.0 395.0 11.0 414.0
face 0.33 6.0 462.0 16.0 474.0
face 0.33 206.0 558.0 217.0 570.0
face 0.32 199.0 550.0 209.0 563.0
face 0.32 200.0 557.0 211.0 570.0
face 0.32 36.0 499.0 52.0 517.0
face 0.32 7.0 477.0 17.0 490.0
face 0.32 333.0 613.0 344.0 626.0
face 0.31 -1.0 500.0 9.0 514.0
face 0.31 37.0 508.0 49.0 522.0
face 0.31 85.0 510.0 96.0 523.0
face 0.31 215.0 573.0 225.0 585.0
face 0.31 198.0 526.0 210.0 541.0
face 0.30 24.0 464.0 34.0 476.0
face 0.30 14.0 500.0 24.0 513.0
face 0.30 282.0 596.0 297.0 614.0
face 0.30 30.0 494.0 41.0 507.0
face 0.30 179.0 557.0 193.0 572.0
