face 0.99 904.0 92.0 927.0 124.0
face 0.97 585.0 121.0 606.0 150.0
face 0.95 516.0 132.0 532.0 150.0
face 0.57 469.0 130.0 489.0 155.0
face 0.56 582.0 226.0 596.0 245.0
face 0.53 131.0 147.0 147.0 169.0
face 0.42 -7.0 477.0 46.0 562.0
face 0.37 1.0 163.0 17.0 185.0
face 0.36 933.0 110.0 946.0 125.0
face 0.36 1.0 180.0 22.0 211.0
face 0.36 626.0 157.0 648.0 185.0
face 0.36 636.0 452.0 651.0 470.0
face 0.34 240.0 9.0 257.0 31.0
face 0.33 459.0 -1.0 491.0 34.0
face 0.33 430.0 251.0 446.0 271.0
face 0.32 722.0 115.0 738.0 134.0
