face 1.00 500.0 63.0 570.0 170.0
face 0.92 233.0 316.0 314.0 418.0
face 0.47 184.0 269.0 238.0 324.0
face 0.46 176.0 219.0 282.0 340.0
face 0.44 781.0 70.0 881.0 192.0
face 0.41 870.0 644.0 923.0 715.0
face 0.40 256.0 13.0 349.0 136.0
face 0.40 38.0 325.0 84.0 376.0
face 0.39 909.0 293.0 935.0 326.0
face 0.37 895.0 350.0 938.0 405.0
face 0.37 945.0 174.0 1027.0 303.0
face 0.36 679.0 158.0 720.0 217.0
face 0.33 596.0 -1.0 681.0 103.0
face 0.33 718.0 319.0 744.0 353.0
face 0.33 952.0 0.0 1028.0 109.0
face 0.31 748.0 267.0 797.0 330.0
face 0.30 189.0 326.0 220.0 362.0
