face 1.00 714.0 162.0 730.0 183.0
face 1.00 622.0 178.0 639.0 200.0
face 1.00 490.0 171.0 507.0 191.0
face 1.00 555.0 167.0 573.0 188.0
face 1.00 364.0 180.0 379.0 199.0
face 1.00 384.0 93.0 395.0 107.0
face 1.00 426.0 182.0 442.0 201.0
face 1.00 817.0 167.0 833.0 188.0
face 0.96 1001.0 191.0 1016.0 210.0
face 0.96 968.0 182.0 985.0 202.0
face 0.95 837.0 255.0 853.0 274.0
face 0.95 137.0 315.0 157.0 341.0
face 0.90 444.0 280.0 459.0 298.0
face 0.86 429.0 335.0 454.0 362.0
face 0.79 412.0 284.0 426.0 303.0
face 0.66 509.0 278.0 523.0 297.0
face 0.64 607.0 285.0 622.0 304.0
face 0.62 349.0 278.0 363.0 297.0
face 0.61 697.0 254.0 715.0 276.0
face 0.58 124.0 130.0 148.0 157.0
face 0.54 581.0 223.0 592.0 236.0
face 0.53 538.0 281.0 553.0 300.0
face 0.52 737.0 254.0 753.0 276.0
face 0.50 383.0 279.0 397.0 297.0
face 0.45 574.0 281.0 589.0 299.0
face 0.45 803.0 254.0 819.0 273.0
face 0.44 948.0 277.0 964.0 295.0
face 0.43 474.0 278.0 489.0 298.0
face 0.41 998.0 327.0 1009.0 340.0
face 0.38 399.0 91.0 409.0 105.0
face 0.38 981.0 285.0 997.0 306.0
face 0.38 106.0 472.0 131.0 500.0
face 0.37 638.0 284.0 654.0 304.0
face 0.33 369.0 157.0 382.0 173.0
face 0.32 399.0 159.0 410.0 172.0
face 0.31 493.0 293.0 505.0 307.0
face 0.31 704.0 133.0 715.0 147.0
face 0.30 670.0 134.0 682.0 149.0
