face 1.00 336.0 133.0 363.0 166.0
face 1.00 909.0 129.0 938.0 167.0
face 1.00 174.0 120.0 203.0 161.0
face 1.00 325.0 233.0 357.0 274.0
face 1.00 241.0 247.0 271.0 283.0
face 1.00 740.0 235.0 770.0 271.0
face 1.00 165.0 251.0 197.0 292.0
face 1.00 665.0 228.0 692.0 264.0
face 1.00 406.0 125.0 432.0 158.0
face 1.00 833.0 142.0 859.0 175.0
face 1.00 100.0 132.0 129.0 170.0
face 1.00 895.0 229.0 925.0 268.0
face 1.00 266.0 135.0 297.0 173.0
face 1.00 594.0 247.0 625.0 287.0
face 1.00 831.0 240.0 861.0 279.0
face 1.00 686.0 141.0 714.0 179.0
face 1.00 767.0 152.0 794.0 185.0
face 1.00 619.0 132.0 647.0 172.0
face 1.00 508.0 239.0 540.0 281.0
face 1.00 412.0 267.0 441.0 304.0
face 1.00 548.0 138.0 576.0 175.0
face 1.00 491.0 123.0 519.0 159.0
face 0.73 862.0 170.0 876.0 188.0
face 0.40 952.0 272.0 968.0 294.0
face 0.39 932.0 236.0 950.0 259.0
face 0.36 821.0 294.0 833.0 309.0
face 0.32 534.0 269.0 546.0 284.0
face 0.30 694.0 372.0 709.0 391.0
face 0.30 726.0 451.0 741.0 471.0
