face 1.00 686.0 107.0 734.0 175.0
face 1.00 251.0 238.0 297.0 303.0
face 1.00 898.0 226.0 942.0 282.0
face 1.00 385.0 207.0 419.0 253.0
face 1.00 508.0 58.0 560.0 132.0
face 1.00 84.0 289.0 115.0 331.0
face 0.98 517.0 219.0 567.0 290.0
face 0.51 314.0 282.0 329.0 299.0
face 0.50 486.0 311.0 503.0 332.0
face 0.49 756.0 269.0 771.0 287.0
face 0.48 137.0 158.0 149.0 171.0
face 0.47 474.0 337.0 491.0 359.0
face 0.40 103.0 365.0 118.0 383.0
face 0.40 160.0 177.0 173.0 194.0
face 0.38 120.0 231.0 131.0 245.0
face 0.38 487.0 404.0 498.0 418.0
face 0.38 441.0 374.0 464.0 403.0
face 0.37 3.0 269.0 16.0 287.0
face 0.36 44.0 481.0 60.0 507.0
face 0.34 48.0 283.0 58.0 296.0
face 0.32 108.0 261.0 121.0 276.0
face 0.32 23.0 284.0 34.0 297.0
face 0.31 650.0 375.0 669.0 397.0
face 0.31 10.0 307.0 29.0 327.0
face 0.30 340.0 293.0 388.0 353.0
