face 1.00 773.0 128.0 818.0 186.0
face 1.00 644.0 143.0 691.0 203.0
face 1.00 825.0 93.0 868.0 149.0
face 1.00 492.0 92.0 540.0 153.0
face 1.00 364.0 71.0 415.0 138.0
face 1.00 227.0 106.0 281.0 174.0
face 1.00 122.0 233.0 181.0 320.0
face 1.00 379.0 280.0 437.0 354.0
face 1.00 867.0 121.0 911.0 182.0
face 1.00 527.0 274.0 585.0 350.0
face 1.00 727.0 208.0 776.0 273.0
face 1.00 271.0 239.0 331.0 311.0
face 1.00 842.0 199.0 899.0 272.0
face 1.00 633.0 246.0 687.0 319.0
face 0.30 312.0 444.0 323.0 459.0
