face 1.00 345.0 245.0 371.0 283.0
face 1.00 558.0 229.0 588.0 266.0
face 1.00 672.0 247.0 701.0 286.0
face 1.00 407.0 243.0 436.0 283.0
face 1.00 522.0 250.0 551.0 288.0
face 1.00 598.0 252.0 629.0 290.0
face 1.00 494.0 248.0 521.0 287.0
face 0.99 318.0 242.0 344.0 276.0
face 0.95 453.0 237.0 481.0 275.0
face 0.94 286.0 234.0 317.0 276.0
face 0.91 628.0 244.0 653.0 275.0
face 0.48 28.0 370.0 55.0 413.0
face 0.35 562.0 52.0 668.0 177.0
face 0.31 74.0 540.0 101.0 572.0
face 0.31 649.0 236.0 676.0 269.0
