face 1.00 806.0 330.0 822.0 351.0
face 0.98 732.0 252.0 743.0 266.0
face 0.94 747.0 57.0 760.0 74.0
face 0.87 164.0 222.0 174.0 236.0
face 0.85 1014.0 255.0 1024.0 270.0
face 0.63 989.0 57.0 1003.0 74.0
face 0.63 630.0 37.0 640.0 51.0
face 0.63 778.0 0.0 799.0 22.0
face 0.62 1008.0 61.0 1018.0 73.0
face 0.61 869.0 36.0 879.0 49.0
face 0.58 898.0 35.0 910.0 50.0
face 0.58 610.0 61.0 621.0 76.0
face 0.54 733.0 2.0 755.0 27.0
face 0.54 981.0 38.0 991.0 51.0
face 0.48 942.0 9.0 957.0 26.0
face 0.47 29.0 264.0 41.0 279.0
face 0.44 648.0 70.0 658.0 83.0
face 0.43 685.0 62.0 696.0 76.0
face 0.43 779.0 52.0 795.0 72.0
face 0.41 909.0 20.0 921.0 34.0
face 0.40 1007.0 3.0 1022.0 23.0
face 0.38 724.0 69.0 734.0 81.0
face 0.38 728.0 37.0 739.0 51.0
face 0.36 763.0 39.0 778.0 59.0
face 0.35 789.0 0.0 816.0 27.0
face 0.34 966.0 22.0 977.0 35.0
face 0.34 39.0 275.0 51.0 290.0
face 0.33 966.0 78.0 977.0 92.0
face 0.33 642.0 -2.0 664.0 22.0
face 0.32 1014.0 37.0 1025.0 53.0
face 0.32 693.0 38.0 704.0 51.0
face 0.32 1.0 330.0 12.0 346.0
face 0.31 718.0 0.0 729.0 11.0
face 0.31 998.0 30.0 1009.0 45.0
face 0.31 966.0 45.0 976.0 57.0
face 0.31 719.0 28.0 731.0 42.0
face 0.30 965.0 37.0 976.0 51.0
face 0.30 943.0 38.0 954.0 51.0
