face 1.00 282.0 265.0 362.0 361.0
face 0.67 660.0 682.0 720.0 748.0
face 0.61 665.0 708.0 688.0 737.0
face 0.50 403.0 484.0 469.0 560.0
face 0.48 390.0 438.0 549.0 641.0
face 0.46 694.0 684.0 744.0 738.0
face 0.45 664.0 275.0 790.0 416.0
face 0.39 654.0 665.0 764.0 793.0
face 0.39 551.0 404.0 596.0 454.0
face 0.38 723.0 282.0 741.0 303.0
face 0.37 759.0 711.0 772.0 727.0
face 0.36 788.0 870.0 805.0 893.0
face 0.35 418.0 262.0 438.0 285.0
face 0.34 850.0 859.0 910.0 925.0
face 0.31 795.0 771.0 810.0 790.0
face 0.31 415.0 155.0 442.0 185.0
face 0.30 803.0 780.0 818.0 799.0
face 0.30 887.0 884.0 924.0 931.0
