face 1.00 245.0 337.0 336.0 458.0
face 1.00 779.0 357.0 845.0 453.0
face 1.00 33.0 293.0 103.0 391.0
face 1.00 383.0 317.0 452.0 412.0
face 1.00 883.0 342.0 949.0 424.0
face 1.00 643.0 362.0 709.0 449.0
face 0.96 453.0 303.0 549.0 452.0
face 0.95 199.0 289.0 272.0 391.0
face 0.80 127.0 1173.0 330.0 1381.0
face 0.66 233.0 836.0 480.0 1122.0
face 0.57 990.0 369.0 1018.0 407.0
face 0.53 334.0 1149.0 517.0 1374.0
face 0.38 68.0 573.0 82.0 596.0
face 0.31 862.0 430.0 873.0 442.0
face 0.31 979.0 579.0 1023.0 661.0
face 0.30 1010.0 418.0 1025.0 441.0
