face 0.81 815.0 759.0 838.0 787.0
face 0.75 954.0 725.0 967.0 741.0
face 0.66 799.0 750.0 811.0 764.0
face 0.65 898.0 733.0 913.0 751.0
face 0.64 909.0 758.0 921.0 773.0
face 0.64 335.0 683.0 347.0 697.0
face 0.59 694.0 702.0 711.0 723.0
face 0.55 834.0 738.0 847.0 755.0
face 0.54 423.0 698.0 438.0 715.0
face 0.51 854.0 675.0 865.0 688.0
face 0.50 584.0 709.0 597.0 726.0
face 0.48 301.0 627.0 318.0 647.0
face 0.48 777.0 659.0 798.0 686.0
face 0.47 329.0 705.0 345.0 723.0
face 0.45 747.0 680.0 764.0 702.0
face 0.40 469.0 707.0 484.0 726.0
face 0.38 412.0 644.0 423.0 657.0
face 0.36 654.0 685.0 666.0 699.0
face 0.36 511.0 699.0 522.0 714.0
face 0.35 429.0 678.0 441.0 692.0
face 0.35 583.0 639.0 594.0 653.0
face 0.35 748.0 668.0 764.0 688.0
face 0.34 382.0 658.0 393.0 673.0
face 0.34 609.0 702.0 619.0 715.0
face 0.32 875.0 719.0 893.0 743.0
face 0.32 622.0 677.0 634.0 691.0
face 0.31 635.0 700.0 649.0 717.0
face 0.31 376.0 614.0 387.0 629.0
face 0.31 215.0 521.0 242.0 555.0
face 0.31 662.0 678.0 673.0 692.0
face 0.31 638.0 686.0 649.0 698.0
face 0.31 579.0 673.0 597.0 695.0
face 0.30 552.0 701.0 564.0 715.0
face 0.30 647.0 742.0 659.0 757.0
face 0.30 400.0 660.0 411.0 674.0
face 0.30 512.0 563.0 525.0 579.0
face 0.30 964.0 773.0 976.0 788.0
