face 1.00 878.0 176.0 904.0 206.0
face 1.00 745.0 144.0 806.0 220.0
face 1.00 457.0 161.0 479.0 188.0
face 1.00 812.0 74.0 837.0 106.0
face 1.00 832.0 144.0 856.0 177.0
face 1.00 245.0 109.0 300.0 180.0
face 1.00 734.0 2.0 760.0 34.0
face 1.00 181.0 19.0 200.0 44.0
face 1.00 937.0 72.0 962.0 102.0
face 1.00 880.0 39.0 902.0 68.0
face 1.00 242.0 18.0 264.0 46.0
face 1.00 497.0 197.0 521.0 229.0
face 1.00 59.0 24.0 80.0 48.0
face 1.00 589.0 195.0 613.0 226.0
face 1.00 305.0 14.0 327.0 43.0
face 1.00 528.0 175.0 549.0 202.0
face 1.00 530.0 131.0 551.0 157.0
face 1.00 944.0 6.0 962.0 28.0
face 1.00 667.0 0.0 693.0 29.0
face 1.00 601.0 133.0 621.0 156.0
face 0.99 124.0 22.0 143.0 46.0
face 0.99 723.0 79.0 748.0 109.0
face 0.97 879.0 9.0 902.0 36.0
face 0.93 8.0 15.0 30.0 41.0
face 0.92 966.0 192.0 993.0 226.0
face 0.92 1009.0 79.0 1025.0 106.0
face 0.88 913.0 145.0 927.0 163.0
face 0.88 804.0 27.0 824.0 50.0
face 0.61 940.0 149.0 962.0 180.0
face 0.43 285.0 272.0 296.0 285.0
face 0.43 188.0 313.0 206.0 335.0
face 0.39 450.0 203.0 464.0 220.0
face 0.38 457.0 228.0 479.0 254.0
face 0.36 289.0 68.0 305.0 87.0
face 0.35 29.0 5.0 40.0 20.0
face 0.35 183.0 285.0 196.0 300.0
face 0.34 116.0 1.0 132.0 19.0
face 0.33 232.0 172.0 251.0 192.0
face 0.33 147.0 67.0 160.0 83.0
face 0.31 253.0 264.0 279.0 294.0
face 0.31 932.0 135.0 951.0 158.0
face 0.31 334.0 -1.0 346.0 11.0
face 0.30 774.0 249.0 799.0 278.0
