face 0.96 663.0 414.0 693.0 451.0
face 0.75 289.0 139.0 336.0 198.0
face 0.74 659.0 332.0 673.0 349.0
face 0.72 488.0 495.0 558.0 563.0
face 0.58 907.0 151.0 958.0 211.0
face 0.57 456.0 341.0 470.0 361.0
face 0.54 792.0 176.0 848.0 232.0
face 0.52 870.0 310.0 901.0 351.0
face 0.51 628.0 410.0 659.0 444.0
face 0.50 546.0 364.0 566.0 393.0
face 0.49 451.0 195.0 469.0 218.0
face 0.47 189.0 3.0 242.0 52.0
face 0.47 566.0 249.0 584.0 274.0
face 0.45 959.0 369.0 974.0 390.0
face 0.44 831.0 144.0 935.0 252.0
face 0.44 -2.0 370.0 18.0 402.0
face 0.38 615.0 397.0 628.0 412.0
face 0.36 782.0 238.0 805.0 270.0
face 0.36 720.0 357.0 733.0 373.0
face 0.36 764.0 340.0 783.0 363.0
face 0.35 957.0 201.0 988.0 239.0
face 0.34 394.0 148.0 409.0 165.0
face 0.33 703.0 333.0 715.0 347.0
face 0.31 370.0 25.0 386.0 46.0
face 0.31 692.0 324.0 706.0 342.0
face 0.31 593.0 285.0 612.0 308.0
face 0.30 278.0 554.0 293.0 575.0
face 0.30 965.0 319.0 995.0 357.0
