face 1.00 503.0 249.0 560.0 322.0
face 0.52 155.0 403.0 172.0 423.0
face 0.52 914.0 265.0 941.0 298.0
face 0.50 267.0 285.0 284.0 305.0
face 0.49 26.0 6.0 82.0 69.0
face 0.49 158.0 424.0 170.0 438.0
face 0.47 361.0 339.0 377.0 356.0
face 0.44 774.0 365.0 805.0 408.0
face 0.43 456.0 3.0 481.0 33.0
face 0.41 143.0 405.0 155.0 419.0
face 0.40 260.0 7.0 297.0 51.0
face 0.40 375.0 332.0 386.0 347.0
face 0.40 191.0 386.0 205.0 402.0
face 0.36 642.0 257.0 658.0 277.0
face 0.36 444.0 9.0 461.0 31.0
face 0.35 276.0 340.0 289.0 355.0
face 0.35 68.0 133.0 83.0 151.0
face 0.34 221.0 364.0 233.0 376.0
face 0.33 761.0 314.0 786.0 345.0
face 0.33 48.0 478.0 59.0 491.0
face 0.33 349.0 339.0 361.0 354.0
face 0.33 293.0 317.0 305.0 332.0
face 0.32 295.0 333.0 306.0 347.0
face 0.32 241.0 359.0 251.0 371.0
face 0.32 391.0 309.0 403.0 323.0
face 0.32 671.0 318.0 682.0 331.0
face 0.31 611.0 -2.0 628.0 15.0
face 0.31 859.0 203.0 882.0 234.0
face 0.31 381.0 317.0 393.0 331.0
face 0.31 406.0 309.0 419.0 326.0
face 0.31 412.0 330.0 428.0 350.0
face 0.31 264.0 364.0 276.0 378.0
face 0.31 367.0 317.0 377.0 330.0
face 0.31 293.0 348.0 304.0 362.0
face 0.30 246.0 21.0 258.0 35.0
face 0.30 621.0 316.0 637.0 336.0
face 0.30 164.0 406.0 176.0 420.0
