face 1.00 423.0 189.0 495.0 288.0
face 1.00 575.0 803.0 660.0 930.0
face 0.78 97.0 1171.0 112.0 1188.0
face 0.73 766.0 578.0 778.0 593.0
face 0.72 685.0 958.0 696.0 971.0
face 0.70 339.0 737.0 352.0 753.0
face 0.57 526.0 955.0 536.0 968.0
face 0.52 664.0 1004.0 677.0 1018.0
face 0.52 430.0 639.0 441.0 652.0
face 0.48 382.0 784.0 392.0 795.0
face 0.48 821.0 188.0 832.0 202.0
face 0.47 453.0 925.0 464.0 939.0
face 0.47 167.0 1191.0 178.0 1204.0
face 0.46 372.0 172.0 389.0 194.0
face 0.46 785.0 1004.0 802.0 1022.0
face 0.45 382.0 805.0 393.0 819.0
face 0.45 415.0 580.0 426.0 593.0
face 0.43 485.0 517.0 499.0 534.0
face 0.43 703.0 1333.0 714.0 1345.0
face 0.43 423.0 968.0 437.0 985.0
face 0.40 439.0 781.0 449.0 794.0
face 0.40 159.0 1047.0 170.0 1061.0
face 0.39 407.0 853.0 417.0 865.0
face 0.38 847.0 512.0 858.0 525.0
face 0.38 987.0 536.0 1001.0 553.0
face 0.38 565.0 994.0 579.0 1012.0
face 0.38 382.0 1133.0 393.0 1147.0
face 0.38 168.0 1116.0 180.0 1131.0
face 0.38 701.0 453.0 713.0 466.0
face 0.37 765.0 518.0 776.0 531.0
face 0.37 511.0 1086.0 521.0 1098.0
face 0.36 159.0 1062.0 171.0 1076.0
face 0.36 335.0 578.0 347.0 593.0
face 0.36 339.0 406.0 355.0 423.0
face 0.36 122.0 847.0 223.0 965.0
face 0.36 796.0 539.0 811.0 559.0
face 0.36 177.0 1019.0 194.0 1041.0
face 0.35 143.0 950.0 156.0 964.0
face 0.35 543.0 490.0 591.0 549.0
face 0.34 687.0 1162.0 701.0 1178.0
face 0.34 774.0 477.0 788.0 496.0
face 0.34 174.0 1172.0 186.0 1186.0
face 0.34 503.0 342.0 514.0 355.0
face 0.34 384.0 724.0 395.0 738.0
face 0.34 63.0 830.0 72.0 842.0
face 0.34 393.0 574.0 403.0 587.0
face 0.34 753.0 532.0 764.0 546.0
face 0.33 360.0 734.0 370.0 746.0
face 0.33 637.0 1134.0 647.0 1147.0
face 0.33 814.0 605.0 824.0 618.0
face 0.33 413.0 748.0 424.0 761.0
face 0.33 831.0 621.0 845.0 637.0
face 0.33 959.0 607.0 969.0 620.0
face 0.33 702.0 1368.0 713.0 1381.0
face 0.32 146.0 998.0 163.0 1017.0
face 0.32 728.0 564.0 738.0 576.0
face 0.32 367.0 565.0 378.0 578.0
face 0.32 857.0 357.0 869.0 372.0
face 0.32 742.0 491.0 753.0 504.0
face 0.32 666.0 837.0 680.0 855.0
face 0.32 855.0 552.0 866.0 565.0
face 0.32 164.0 1153.0 191.0 1194.0
face 0.32 376.0 752.0 387.0 765.0
face 0.32 349.0 565.0 359.0 578.0
face 0.32 766.0 566.0 777.0 580.0
face 0.32 516.0 752.0 537.0 779.0
face 0.31 703.0 973.0 714.0 986.0
face 0.31 702.0 957.0 713.0 970.0
face 0.31 87.0 853.0 98.0 866.0
face 0.31 688.0 446.0 699.0 459.0
face 0.31 22.0 383.0 33.0 395.0
face 0.31 1007.0 781.0 1018.0 795.0
face 0.31 843.0 565.0 855.0 580.0
face 0.31 166.0 1149.0 181.0 1167.0
face 0.31 7.0 810.0 19.0 824.0
face 0.31 668.0 1026.0 681.0 1043.0
face 0.31 165.0 1026.0 181.0 1045.0
face 0.31 487.0 279.0 499.0 293.0
face 0.31 563.0 1379.0 576.0 1395.0
face 0.31 40.0 734.0 50.0 745.0
face 0.31 829.0 587.0 841.0 601.0
face 0.30 847.0 582.0 858.0 595.0
face 0.30 704.0 387.0 720.0 406.0
face 0.30 692.0 446.0 708.0 463.0
face 0.30 439.0 759.0 450.0 773.0
