face 1.00 658.0 122.0 701.0 182.0
face 1.00 486.0 470.0 525.0 515.0
face 1.00 412.0 104.0 453.0 174.0
face 1.00 74.0 456.0 114.0 503.0
face 0.98 627.0 452.0 662.0 492.0
face 0.96 293.0 465.0 325.0 502.0
face 0.96 150.0 456.0 178.0 490.0
face 0.89 899.0 647.0 927.0 684.0
face 0.86 416.0 442.0 449.0 479.0
face 0.57 425.0 12.0 442.0 31.0
face 0.55 172.0 349.0 189.0 370.0
face 0.54 539.0 110.0 553.0 127.0
face 0.54 233.0 4.0 251.0 23.0
face 0.52 80.0 92.0 91.0 105.0
face 0.52 117.0 94.0 131.0 111.0
face 0.49 719.0 315.0 744.0 346.0
face 0.47 112.0 335.0 130.0 357.0
face 0.45 480.0 1.0 503.0 28.0
face 0.44 998.0 196.0 1020.0 226.0
face 0.43 189.0 86.0 213.0 114.0
face 0.42 158.0 99.0 169.0 112.0
face 0.41 812.0 627.0 827.0 647.0
face 0.41 573.0 375.0 590.0 395.0
face 0.40 309.0 427.0 325.0 447.0
face 0.40 417.0 338.0 437.0 366.0
face 0.39 386.0 55.0 408.0 84.0
face 0.38 311.0 122.0 328.0 141.0
face 0.38 441.0 1.0 463.0 28.0
face 0.38 272.0 119.0 292.0 143.0
face 0.37 460.0 281.0 478.0 305.0
face 0.37 585.0 564.0 609.0 592.0
face 0.36 352.0 319.0 406.0 398.0
face 0.36 271.0 276.0 294.0 311.0
face 0.36 552.0 1.0 577.0 29.0
face 0.36 497.0 374.0 513.0 392.0
face 0.35 388.0 11.0 406.0 31.0
face 0.35 822.0 654.0 847.0 682.0
face 0.35 218.0 10.0 261.0 67.0
face 0.35 33.0 302.0 51.0 323.0
face 0.35 309.0 96.0 326.0 114.0
face 0.35 118.0 304.0 129.0 317.0
face 0.34 533.0 374.0 548.0 392.0
face 0.34 531.0 631.0 547.0 651.0
face 0.34 462.0 221.0 474.0 235.0
face 0.34 467.0 34.0 482.0 52.0
face 0.33 370.0 650.0 421.0 715.0
face 0.33 465.0 12.0 483.0 33.0
face 0.33 619.0 295.0 654.0 333.0
face 0.33 817.0 261.0 833.0 280.0
face 0.33 828.0 656.0 883.0 707.0
face 0.33 465.0 108.0 478.0 125.0
face 0.33 270.0 249.0 286.0 268.0
face 0.32 310.0 156.0 322.0 172.0
face 0.32 573.0 110.0 585.0 126.0
face 0.32 501.0 11.0 519.0 32.0
face 0.32 260.0 140.0 305.0 197.0
face 0.32 941.0 658.0 960.0 682.0
face 0.31 540.0 15.0 556.0 35.0
face 0.31 301.0 -1.0 314.0 11.0
face 0.31 274.0 5.0 291.0 23.0
face 0.31 276.0 101.0 288.0 114.0
face 0.31 918.0 644.0 930.0 658.0
face 0.31 293.0 0.0 307.0 12.0
face 0.31 501.0 55.0 514.0 73.0
face 0.30 326.0 301.0 351.0 331.0
face 0.30 151.0 332.0 164.0 348.0
