face 1.00 343.0 152.0 385.0 208.0
face 1.00 851.0 108.0 889.0 158.0
face 1.00 699.0 159.0 744.0 214.0
face 1.00 478.0 137.0 516.0 184.0
face 1.00 135.0 176.0 179.0 231.0
face 1.00 789.0 66.0 812.0 91.0
face 1.00 148.0 77.0 168.0 102.0
face 1.00 606.0 84.0 624.0 107.0
face 1.00 536.0 196.0 570.0 250.0
face 1.00 733.0 70.0 756.0 96.0
face 1.00 273.0 135.0 293.0 158.0
face 1.00 451.0 140.0 469.0 162.0
face 1.00 222.0 73.0 239.0 96.0
face 0.98 50.0 69.0 76.0 101.0
face 0.95 674.0 0.0 691.0 16.0
face 0.81 765.0 135.0 781.0 154.0
face 0.73 190.0 129.0 221.0 168.0
face 0.67 79.0 140.0 101.0 171.0
face 0.57 431.0 302.0 442.0 316.0
face 0.49 946.0 214.0 963.0 238.0
face 0.47 631.0 131.0 643.0 146.0
face 0.44 591.0 138.0 607.0 156.0
face 0.43 89.0 387.0 206.0 533.0
face 0.42 760.0 71.0 783.0 97.0
face 0.42 714.0 -1.0 731.0 14.0
face 0.37 182.0 125.0 195.0 143.0
face 0.35 619.0 208.0 633.0 225.0
face 0.32 689.0 1.0 713.0 26.0
face 0.31 348.0 531.0 361.0 546.0
face 0.31 794.0 -1.0 819.0 26.0
face 0.30 196.0 198.0 211.0 217.0
