face 1.00 599.0 101.0 653.0 177.0
face 0.99 129.0 376.0 145.0 396.0
face 0.98 21.0 403.0 42.0 429.0
face 0.96 36.0 379.0 56.0 405.0
face 0.93 56.0 362.0 73.0 383.0
face 0.89 545.0 89.0 599.0 182.0
face 0.88 149.0 394.0 170.0 424.0
face 0.75 92.0 398.0 115.0 427.0
face 0.67 197.0 392.0 213.0 413.0
face 0.65 228.0 370.0 245.0 392.0
face 0.60 256.0 388.0 272.0 409.0
face 0.57 175.0 369.0 193.0 392.0
face 0.53 371.0 171.0 393.0 200.0
face 0.47 378.0 135.0 393.0 159.0
face 0.46 648.0 274.0 688.0 323.0
face 0.46 101.0 351.0 119.0 373.0
face 0.46 696.0 14.0 705.0 25.0
face 0.45 209.0 139.0 222.0 156.0
face 0.43 710.0 21.0 720.0 33.0
face 0.42 744.0 25.0 762.0 46.0
face 0.40 330.0 160.0 373.0 208.0
face 0.37 706.0 36.0 718.0 53.0
face 0.35 309.0 353.0 324.0 376.0
face 0.35 141.0 341.0 156.0 362.0
face 0.33 681.0 6.0 691.0 19.0
face 0.33 211.0 443.0 227.0 462.0
face 0.33 79.0 134.0 91.0 150.0
face 0.32 369.0 367.0 387.0 389.0
face 0.32 679.0 13.0 689.0 26.0
face 0.31 475.0 143.0 491.0 165.0
face 0.31 789.0 -1.0 817.0 26.0
face 0.31 695.0 305.0 720.0 335.0
face 0.31 221.0 158.0 234.0 172.0
face 0.30 687.0 30.0 698.0 43.0
face 0.30 702.0 52.0 713.0 66.0
