face 0.78 225.0 160.0 324.0 287.0
face 0.78 457.0 176.0 569.0 334.0
face 0.68 890.0 727.0 943.0 778.0
face 0.63 66.0 246.0 244.0 448.0
face 0.62 3.0 1121.0 30.0 1152.0
face 0.48 213.0 727.0 339.0 878.0
face 0.44 233.0 759.0 264.0 794.0
face 0.43 1009.0 231.0 1026.0 259.0
face 0.43 262.0 819.0 297.0 859.0
face 0.43 756.0 435.0 783.0 468.0
face 0.41 249.0 226.0 275.0 261.0
face 0.38 952.0 772.0 990.0 811.0
face 0.36 769.0 493.0 815.0 540.0
face 0.34 824.0 654.0 889.0 717.0
face 0.33 872.0 426.0 896.0 465.0
face 0.30 771.0 1070.0 790.0 1096.0
