face 1.00 471.0 150.0 571.0 276.0
face 1.00 604.0 91.0 703.0 229.0
face 1.00 97.0 116.0 215.0 260.0
face 1.00 792.0 110.0 912.0 256.0
face 1.00 291.0 148.0 391.0 292.0
face 0.74 810.0 7.0 861.0 71.0
face 0.61 211.0 701.0 231.0 728.0
face 0.56 853.0 530.0 869.0 551.0
face 0.53 992.0 673.0 1006.0 690.0
face 0.44 491.0 71.0 508.0 90.0
face 0.41 914.0 154.0 970.0 247.0
face 0.39 932.0 190.0 964.0 234.0
face 0.37 859.0 139.0 952.0 259.0
face 0.35 610.0 656.0 628.0 676.0
face 0.31 878.0 261.0 890.0 275.0
face 0.31 804.0 5.0 816.0 21.0
face 0.31 567.0 668.0 579.0 683.0
face 0.31 750.0 117.0 765.0 136.0
face 0.31 902.0 375.0 913.0 388.0
face 0.31 517.0 74.0 533.0 94.0
