face 0.82 82.0 446.0 115.0 483.0
face 0.70 108.0 395.0 128.0 422.0
face 0.55 387.0 561.0 402.0 579.0
face 0.52 150.0 198.0 161.0 212.0
face 0.51 860.0 19.0 875.0 40.0
face 0.43 653.0 557.0 665.0 571.0
face 0.39 318.0 149.0 330.0 163.0
face 0.38 885.0 520.0 902.0 541.0
face 0.36 766.0 290.0 783.0 311.0
face 0.36 157.0 560.0 171.0 580.0
face 0.36 914.0 290.0 932.0 311.0
face 0.36 62.0 217.0 91.0 252.0
face 0.36 813.0 563.0 842.0 597.0
face 0.35 861.0 34.0 878.0 55.0
face 0.35 922.0 628.0 940.0 646.0
face 0.34 375.0 566.0 386.0 580.0
face 0.34 168.0 253.0 180.0 266.0
face 0.34 863.0 231.0 887.0 267.0
face 0.31 926.0 516.0 939.0 531.0
face 0.31 427.0 561.0 442.0 582.0
face 0.31 875.0 397.0 892.0 420.0
