face 1.00 305.0 73.0 393.0 195.0
face 1.00 534.0 48.0 629.0 190.0
face 0.76 269.0 52.0 319.0 121.0
face 0.71 536.0 465.0 651.0 660.0
face 0.55 325.0 282.0 342.0 302.0
face 0.55 713.0 213.0 756.0 267.0
face 0.48 243.0 429.0 260.0 450.0
face 0.41 268.0 62.0 286.0 87.0
face 0.39 514.0 333.0 534.0 362.0
face 0.38 217.0 274.0 248.0 312.0
face 0.36 264.0 470.0 275.0 483.0
face 0.35 266.0 43.0 297.0 92.0
face 0.33 275.0 342.0 290.0 360.0
face 0.32 305.0 329.0 322.0 350.0
face 0.32 258.0 409.0 276.0 432.0
face 0.32 236.0 647.0 348.0 795.0
face 0.32 245.0 305.0 262.0 325.0
face 0.31 503.0 486.0 515.0 501.0
face 0.31 751.0 164.0 799.0 218.0
face 0.30 239.0 334.0 265.0 363.0
