face 1.00 516.0 26.0 601.0 144.0
face 1.00 379.0 109.0 455.0 215.0
face 0.98 360.0 302.0 480.0 459.0
face 0.47 904.0 791.0 915.0 805.0
face 0.45 838.0 631.0 849.0 646.0
face 0.44 19.0 642.0 67.0 692.0
face 0.42 879.0 712.0 891.0 727.0
face 0.40 706.0 -4.0 893.0 163.0
face 0.39 839.0 608.0 854.0 627.0
face 0.39 195.0 768.0 238.0 817.0
face 0.39 959.0 651.0 987.0 682.0
face 0.36 989.0 660.0 1004.0 681.0
face 0.35 381.0 269.0 405.0 298.0
face 0.34 823.0 771.0 834.0 786.0
face 0.33 924.0 709.0 939.0 727.0
face 0.33 901.0 747.0 914.0 764.0
face 0.33 953.0 551.0 972.0 573.0
face 0.31 887.0 795.0 897.0 810.0
face 0.31 851.0 796.0 864.0 811.0
face 0.31 838.0 765.0 848.0 779.0
face 0.31 825.0 557.0 877.0 618.0
face 0.31 941.0 459.0 970.0 489.0
face 0.31 904.0 717.0 915.0 731.0
face 0.30 145.0 364.0 185.0 407.0
face 0.30 839.0 772.0 850.0 788.0
face 0.30 955.0 695.0 974.0 718.0
face 0.30 916.0 805.0 928.0 818.0
