face 1.00 392.0 775.0 619.0 1095.0
face 0.70 628.0 392.0 738.0 528.0
face 0.55 290.0 1258.0 459.0 1452.0
face 0.52 543.0 -1.0 721.0 231.0
face 0.48 879.0 1304.0 895.0 1325.0
face 0.46 146.0 1282.0 161.0 1300.0
face 0.45 388.0 1135.0 405.0 1155.0
face 0.45 273.0 31.0 331.0 112.0
face 0.44 386.0 1083.0 409.0 1114.0
face 0.43 948.0 1419.0 991.0 1483.0
face 0.42 914.0 1321.0 932.0 1345.0
face 0.39 819.0 1375.0 837.0 1399.0
face 0.38 901.0 1348.0 917.0 1369.0
face 0.38 18.0 1418.0 67.0 1474.0
face 0.37 37.0 1473.0 55.0 1495.0
face 0.37 865.0 1363.0 881.0 1383.0
face 0.36 914.0 1222.0 930.0 1243.0
face 0.35 107.0 1282.0 124.0 1302.0
face 0.35 176.0 1296.0 200.0 1334.0
face 0.34 1006.0 1331.0 1018.0 1347.0
face 0.34 954.0 1362.0 972.0 1385.0
face 0.34 27.0 1411.0 45.0 1434.0
face 0.33 982.0 1229.0 994.0 1243.0
face 0.33 871.0 1228.0 885.0 1246.0
face 0.32 943.0 1223.0 958.0 1242.0
face 0.32 836.0 1322.0 854.0 1344.0
face 0.32 46.0 1346.0 62.0 1368.0
face 0.32 54.0 1307.0 71.0 1326.0
face 0.32 970.0 1107.0 986.0 1127.0
face 0.31 547.0 23.0 594.0 77.0
face 0.31 978.0 1274.0 995.0 1295.0
face 0.31 28.0 1080.0 45.0 1102.0
face 0.30 841.0 1304.0 857.0 1324.0
face 0.30 131.0 1343.0 147.0 1363.0
face 0.30 947.0 1292.0 964.0 1312.0
face 0.30 816.0 1373.0 828.0 1389.0
