face 1.00 302.0 183.0 346.0 244.0
face 1.00 841.0 251.0 882.0 306.0
face 1.00 628.0 202.0 669.0 258.0
face 1.00 940.0 298.0 977.0 351.0
face 1.00 172.0 260.0 215.0 315.0
face 1.00 69.0 288.0 111.0 341.0
face 1.00 542.0 182.0 585.0 237.0
face 1.00 750.0 194.0 791.0 247.0
face 1.00 419.0 208.0 455.0 259.0
face 1.00 37.0 243.0 86.0 301.0
face 0.96 98.0 39.0 121.0 68.0
face 0.95 75.0 171.0 117.0 231.0
face 0.92 14.0 104.0 40.0 138.0
face 0.91 545.0 65.0 593.0 126.0
face 0.88 22.0 45.0 48.0 80.0
face 0.80 656.0 64.0 675.0 87.0
face 0.73 701.0 94.0 735.0 145.0
face 0.72 947.0 118.0 966.0 144.0
face 0.65 771.0 1.0 790.0 25.0
face 0.64 111.0 447.0 133.0 475.0
face 0.60 920.0 452.0 931.0 467.0
face 0.58 556.0 132.0 580.0 164.0
face 0.58 110.0 117.0 130.0 143.0
face 0.58 868.0 193.0 885.0 216.0
face 0.52 332.0 37.0 349.0 60.0
face 0.52 931.0 175.0 949.0 201.0
face 0.49 142.0 255.0 175.0 304.0
face 0.49 358.0 19.0 380.0 48.0
face 0.48 107.0 398.0 120.0 413.0
face 0.47 186.0 350.0 201.0 368.0
face 0.42 76.0 470.0 102.0 500.0
face 0.42 830.0 60.0 841.0 74.0
face 0.41 838.0 76.0 866.0 109.0
face 0.40 473.0 107.0 490.0 128.0
face 0.38 94.0 163.0 115.0 189.0
face 0.38 141.0 232.0 164.0 261.0
face 0.38 507.0 33.0 523.0 51.0
face 0.37 909.0 27.0 926.0 50.0
face 0.37 517.0 26.0 534.0 49.0
face 0.36 13.0 217.0 36.0 244.0
face 0.36 20.0 310.0 34.0 328.0
face 0.35 125.0 390.0 136.0 404.0
face 0.35 222.0 429.0 234.0 443.0
face 0.34 141.0 332.0 154.0 347.0
face 0.33 220.0 139.0 250.0 178.0
face 0.33 409.0 65.0 431.0 94.0
face 0.33 70.0 234.0 95.0 269.0
face 0.33 506.0 68.0 522.0 88.0
face 0.32 785.0 60.0 808.0 95.0
face 0.32 -1.0 270.0 19.0 299.0
face 0.32 459.0 93.0 473.0 109.0
face 0.32 227.0 251.0 251.0 282.0
face 0.31 838.0 34.0 860.0 62.0
face 0.31 557.0 -1.0 570.0 11.0
face 0.31 822.0 -2.0 839.0 15.0
face 0.31 939.0 452.0 955.0 472.0
face 0.30 965.0 103.0 981.0 123.0
face 0.30 523.0 64.0 540.0 87.0
face 0.30 70.0 438.0 82.0 452.0
