face 0.74 395.0 315.0 455.0 376.0
face 0.61 570.0 464.0 592.0 494.0
face 0.48 702.0 475.0 717.0 492.0
face 0.47 916.0 457.0 939.0 487.0
face 0.46 366.0 522.0 381.0 540.0
face 0.42 981.0 543.0 996.0 561.0
face 0.42 886.0 460.0 912.0 492.0
face 0.40 838.0 557.0 849.0 571.0
face 0.38 781.0 546.0 793.0 560.0
face 0.37 1008.0 463.0 1019.0 476.0
face 0.37 725.0 523.0 741.0 544.0
face 0.37 151.0 532.0 174.0 562.0
face 0.36 675.0 459.0 691.0 478.0
face 0.35 95.0 457.0 150.0 518.0
face 0.35 563.0 567.0 579.0 586.0
face 0.35 531.0 462.0 547.0 483.0
face 0.35 509.0 524.0 522.0 540.0
face 0.34 810.0 522.0 825.0 542.0
face 0.34 806.0 476.0 821.0 495.0
face 0.34 836.0 504.0 850.0 525.0
face 0.34 442.0 512.0 459.0 532.0
face 0.34 123.0 514.0 142.0 535.0
face 0.33 781.0 469.0 797.0 490.0
face 0.32 242.0 537.0 260.0 557.0
face 0.32 474.0 306.0 504.0 342.0
face 0.31 461.0 548.0 478.0 567.0
face 0.31 374.0 502.0 386.0 515.0
face 0.31 774.0 444.0 789.0 463.0
face 0.31 856.0 500.0 867.0 514.0
face 0.30 438.0 532.0 453.0 550.0
face 0.30 997.0 370.0 1013.0 391.0
face 0.30 274.0 547.0 292.0 567.0
face 0.30 951.0 517.0 962.0 530.0
face 0.30 933.0 499.0 950.0 519.0
face 0.30 590.0 526.0 601.0 539.0
face 0.30 341.0 510.0 352.0 522.0
