face 1.00 497.0 271.0 576.0 376.0
face 0.98 824.0 73.0 872.0 138.0
face 0.63 473.0 195.0 521.0 261.0
face 0.57 982.0 182.0 1024.0 252.0
face 0.56 591.0 195.0 689.0 324.0
face 0.56 630.0 65.0 696.0 152.0
face 0.50 463.0 262.0 508.0 329.0
face 0.47 453.0 62.0 539.0 200.0
face 0.45 88.0 81.0 223.0 241.0
face 0.40 982.0 315.0 1022.0 384.0
face 0.36 968.0 365.0 1002.0 404.0
face 0.34 827.0 518.0 936.0 640.0
face 0.32 573.0 392.0 588.0 410.0
face 0.32 784.0 201.0 850.0 274.0
face 0.30 978.0 -2.0 1021.0 50.0
