face 1.00 98.0 111.0 133.0 156.0
face 1.00 487.0 61.0 517.0 102.0
face 1.00 823.0 56.0 855.0 99.0
face 1.00 180.0 228.0 218.0 275.0
face 1.00 406.0 77.0 437.0 117.0
face 1.00 389.0 121.0 423.0 165.0
face 1.00 486.0 261.0 525.0 308.0
face 1.00 318.0 69.0 347.0 107.0
face 1.00 200.0 125.0 233.0 167.0
face 1.00 297.0 126.0 334.0 174.0
face 1.00 490.0 125.0 524.0 168.0
face 1.00 792.0 124.0 827.0 167.0
face 1.00 233.0 66.0 261.0 104.0
face 1.00 670.0 249.0 709.0 297.0
face 1.00 580.0 73.0 611.0 113.0
face 1.00 826.0 232.0 866.0 280.0
face 1.00 754.0 64.0 785.0 105.0
face 1.00 692.0 124.0 728.0 168.0
face 1.00 591.0 126.0 625.0 168.0
face 1.00 374.0 231.0 412.0 280.0
face 1.00 895.0 127.0 928.0 170.0
face 1.00 549.0 274.0 585.0 320.0
face 1.00 147.0 66.0 178.0 107.0
face 0.96 672.0 71.0 702.0 113.0
face 0.49 183.0 332.0 199.0 350.0
face 0.41 775.0 139.0 788.0 155.0
face 0.40 371.0 183.0 406.0 218.0
face 0.40 487.0 405.0 500.0 421.0
face 0.38 216.0 186.0 240.0 217.0
face 0.37 537.0 236.0 583.0 295.0
face 0.31 699.0 201.0 716.0 221.0
