face 1.00 464.0 225.0 484.0 247.0
face 0.88 584.0 175.0 598.0 192.0
face 0.79 603.0 109.0 616.0 125.0
face 0.65 841.0 181.0 876.0 219.0
face 0.63 564.0 106.0 575.0 120.0
face 0.59 487.0 291.0 511.0 323.0
face 0.55 525.0 293.0 542.0 312.0
face 0.55 398.0 289.0 413.0 308.0
face 0.54 851.0 398.0 889.0 440.0
face 0.49 589.0 202.0 605.0 220.0
face 0.46 720.0 387.0 734.0 403.0
face 0.45 441.0 276.0 458.0 296.0
face 0.40 459.0 292.0 495.0 329.0
face 0.35 814.0 172.0 826.0 187.0
face 0.31 830.0 311.0 861.0 349.0
face 0.30 460.0 260.0 475.0 279.0
