face 1.00 561.0 1101.0 594.0 1151.0
face 0.72 8.0 639.0 59.0 690.0
face 0.57 224.0 195.0 478.0 494.0
face 0.56 311.0 1125.0 344.0 1169.0
face 0.56 286.0 69.0 582.0 389.0
face 0.46 203.0 1033.0 222.0 1056.0
face 0.42 46.0 602.0 172.0 749.0
face 0.41 190.0 1037.0 216.0 1066.0
face 0.41 219.0 972.0 246.0 1001.0
face 0.41 200.0 1067.0 228.0 1101.0
face 0.39 801.0 1047.0 924.0 1183.0
face 0.37 967.0 622.0 982.0 641.0
face 0.37 326.0 1091.0 341.0 1111.0
face 0.36 119.0 1326.0 149.0 1371.0
face 0.35 507.0 483.0 703.0 720.0
face 0.34 31.0 437.0 59.0 471.0
face 0.33 784.0 1012.0 852.0 1087.0
face 0.33 691.0 1128.0 708.0 1148.0
face 0.32 362.0 1070.0 378.0 1091.0
face 0.32 58.0 1314.0 124.0 1387.0
face 0.32 237.0 625.0 291.0 693.0
face 0.31 0.0 1327.0 25.0 1359.0
face 0.31 398.0 1469.0 411.0 1481.0
face 0.31 469.0 1211.0 486.0 1232.0
face 0.30 32.0 1101.0 157.0 1248.0
face 0.30 196.0 1186.0 215.0 1209.0
