face 0.98 551.0 456.0 655.0 597.0
face 0.79 357.0 392.0 485.0 537.0
face 0.60 878.0 195.0 900.0 220.0
face 0.44 965.0 635.0 982.0 656.0
face 0.43 70.0 246.0 237.0 457.0
face 0.43 859.0 367.0 886.0 401.0
face 0.40 75.0 450.0 252.0 654.0
face 0.36 96.0 163.0 215.0 313.0
face 0.34 870.0 260.0 896.0 292.0
face 0.33 933.0 389.0 967.0 431.0
face 0.32 905.0 351.0 926.0 374.0
face 0.31 874.0 291.0 898.0 320.0
face 0.31 897.0 382.0 950.0 449.0
face 0.31 900.0 331.0 932.0 370.0
face 0.30 154.0 209.0 279.0 373.0
face 0.30 292.0 454.0 417.0 604.0
