face 1.00 472.0 108.0 584.0 262.0
face 0.90 778.0 784.0 796.0 804.0
face 0.79 63.0 715.0 95.0 755.0
face 0.72 738.0 388.0 911.0 614.0
face 0.60 728.0 308.0 755.0 339.0
face 0.47 96.0 695.0 122.0 728.0
face 0.47 168.0 688.0 185.0 708.0
face 0.46 162.0 464.0 179.0 485.0
face 0.45 64.0 859.0 81.0 878.0
face 0.44 765.0 253.0 777.0 268.0
face 0.41 589.0 473.0 611.0 500.0
face 0.41 727.0 707.0 761.0 750.0
face 0.38 2.0 165.0 16.0 182.0
face 0.37 194.0 723.0 221.0 755.0
face 0.36 711.0 268.0 723.0 282.0
face 0.35 791.0 267.0 824.0 302.0
face 0.35 853.0 815.0 871.0 836.0
face 0.35 118.0 181.0 130.0 195.0
face 0.34 13.0 456.0 23.0 468.0
face 0.34 661.0 222.0 690.0 254.0
face 0.34 773.0 312.0 808.0 349.0
face 0.33 288.0 46.0 300.0 60.0
face 0.33 60.0 444.0 75.0 462.0
face 0.33 718.0 269.0 729.0 281.0
face 0.32 747.0 340.0 764.0 359.0
face 0.32 292.0 710.0 553.0 964.0
face 0.32 660.0 294.0 725.0 374.0
face 0.31 575.0 462.0 586.0 476.0
face 0.31 276.0 740.0 293.0 760.0
face 0.31 777.0 11.0 795.0 34.0
face 0.30 181.0 502.0 194.0 517.0
face 0.30 179.0 707.0 199.0 733.0
face 0.30 871.0 799.0 886.0 819.0
face 0.30 239.0 779.0 251.0 793.0
