face 1.00 730.0 151.0 751.0 181.0
face 1.00 154.0 170.0 172.0 193.0
face 0.99 658.0 133.0 682.0 165.0
face 0.98 866.0 167.0 880.0 184.0
face 0.98 65.0 162.0 82.0 182.0
face 0.91 697.0 160.0 722.0 188.0
face 0.86 598.0 177.0 619.0 200.0
face 0.75 0.0 174.0 15.0 194.0
face 0.57 801.0 159.0 820.0 179.0
face 0.57 263.0 356.0 274.0 369.0
face 0.50 64.0 13.0 76.0 30.0
face 0.42 213.0 309.0 225.0 323.0
face 0.41 271.0 311.0 282.0 324.0
face 0.33 725.0 326.0 737.0 341.0
face 0.33 46.0 172.0 58.0 187.0
face 0.33 589.0 408.0 605.0 428.0
face 0.32 92.0 214.0 109.0 236.0
