face 1.00 894.0 235.0 913.0 258.0
face 0.99 410.0 231.0 430.0 260.0
face 0.99 191.0 283.0 202.0 296.0
face 0.98 339.0 252.0 354.0 270.0
face 0.91 -1.0 276.0 10.0 292.0
face 0.88 989.0 219.0 1011.0 244.0
face 0.85 253.0 256.0 264.0 270.0
face 0.74 356.0 204.0 369.0 218.0
face 0.68 415.0 373.0 427.0 388.0
face 0.68 371.0 255.0 385.0 272.0
face 0.61 145.0 261.0 156.0 273.0
face 0.61 633.0 240.0 644.0 252.0
face 0.61 848.0 244.0 860.0 258.0
face 0.57 185.0 337.0 202.0 356.0
face 0.57 43.0 184.0 57.0 203.0
face 0.41 661.0 236.0 672.0 250.0
face 0.39 119.0 259.0 136.0 280.0
face 0.37 275.0 252.0 292.0 271.0
face 0.32 552.0 301.0 564.0 315.0
face 0.32 511.0 160.0 534.0 188.0
face 0.31 218.0 256.0 233.0 275.0
face 0.30 319.0 238.0 330.0 252.0
face 0.30 655.0 244.0 666.0 257.0
face 0.30 272.0 261.0 299.0 291.0
face 0.30 538.0 164.0 552.0 183.0
