face 1.00 379.0 156.0 414.0 199.0
face 1.00 686.0 192.0 707.0 219.0
face 1.00 110.0 130.0 151.0 196.0
face 0.92 777.0 140.0 802.0 176.0
face 0.87 232.0 196.0 247.0 215.0
face 0.85 654.0 217.0 667.0 233.0
face 0.85 908.0 174.0 925.0 197.0
face 0.83 790.0 211.0 802.0 226.0
face 0.75 415.0 444.0 442.0 488.0
face 0.59 854.0 203.0 865.0 217.0
face 0.57 917.0 206.0 930.0 225.0
face 0.57 974.0 187.0 990.0 209.0
face 0.56 630.0 219.0 651.0 245.0
face 0.46 482.0 512.0 497.0 532.0
face 0.39 860.0 256.0 878.0 279.0
face 0.37 766.0 202.0 779.0 218.0
face 0.37 170.0 178.0 202.0 222.0
face 0.36 579.0 187.0 602.0 213.0
face 0.34 35.0 423.0 50.0 442.0
face 0.34 221.0 172.0 234.0 190.0
face 0.33 229.0 178.0 245.0 197.0
face 0.33 15.0 548.0 27.0 563.0
face 0.32 0.0 183.0 22.0 213.0
face 0.32 721.0 122.0 744.0 157.0
face 0.31 403.0 240.0 418.0 260.0
face 0.31 382.0 228.0 393.0 242.0
face 0.31 641.0 228.0 658.0 247.0
