face 1.00 473.0 145.0 810.0 456.0
face 0.93 233.0 41.0 465.0 303.0
face 0.89 833.0 597.0 881.0 652.0
face 0.79 808.0 167.0 838.0 216.0
face 0.70 112.0 329.0 237.0 477.0
face 0.46 906.0 548.0 940.0 587.0
face 0.43 852.0 527.0 867.0 546.0
face 0.38 696.0 614.0 760.0 683.0
face 0.35 216.0 393.0 396.0 595.0
face 0.34 323.0 342.0 348.0 377.0
face 0.33 871.0 415.0 882.0 427.0
face 0.32 626.0 679.0 681.0 748.0
face 0.31 422.0 274.0 468.0 339.0
face 0.31 353.0 296.0 416.0 356.0
face 0.31 442.0 532.0 474.0 574.0
face 0.30 380.0 570.0 407.0 599.0
