face 1.00 602.0 3.0 775.0 238.0
face 0.67 913.0 430.0 946.0 463.0
face 0.53 626.0 757.0 643.0 778.0
face 0.51 542.0 535.0 560.0 558.0
face 0.51 502.0 348.0 519.0 369.0
face 0.42 430.0 594.0 457.0 627.0
face 0.40 666.0 480.0 720.0 543.0
face 0.39 759.0 403.0 772.0 418.0
face 0.38 641.0 531.0 657.0 553.0
face 0.37 611.0 530.0 628.0 552.0
face 0.35 210.0 740.0 224.0 757.0
face 0.34 759.0 706.0 773.0 724.0
face 0.33 762.0 336.0 995.0 604.0
face 0.33 597.0 702.0 647.0 766.0
face 0.32 928.0 432.0 964.0 474.0
