face 1.00 682.0 268.0 705.0 297.0
face 1.00 926.0 245.0 947.0 273.0
face 1.00 273.0 307.0 341.0 405.0
face 1.00 884.0 320.0 946.0 399.0
face 1.00 844.0 233.0 861.0 255.0
face 1.00 790.0 273.0 828.0 325.0
face 1.00 896.0 481.0 1022.0 678.0
face 1.00 959.0 261.0 974.0 281.0
face 1.00 175.0 279.0 201.0 308.0
face 1.00 573.0 246.0 591.0 267.0
face 1.00 723.0 263.0 742.0 286.0
face 1.00 878.0 261.0 893.0 278.0
face 1.00 748.0 246.0 763.0 264.0
face 0.99 376.0 264.0 399.0 293.0
face 0.99 372.0 282.0 403.0 326.0
face 0.96 762.0 272.0 790.0 312.0
face 0.89 609.0 305.0 638.0 340.0
face 0.72 1003.0 267.0 1021.0 292.0
face 0.48 991.0 259.0 1004.0 277.0
face 0.38 1010.0 258.0 1025.0 282.0
face 0.32 995.0 254.0 1009.0 270.0
