face 1.00 826.0 339.0 881.0 407.0
face 1.00 378.0 67.0 409.0 103.0
face 1.00 274.0 321.0 331.0 383.0
face 0.68 488.0 125.0 523.0 160.0
face 0.62 198.0 181.0 254.0 238.0
face 0.62 363.0 253.0 420.0 302.0
face 0.59 152.0 144.0 189.0 185.0
face 0.40 140.0 245.0 151.0 257.0
face 0.36 313.0 276.0 376.0 342.0
face 0.35 175.0 293.0 186.0 306.0
face 0.34 112.0 256.0 127.0 275.0
face 0.31 299.0 0.0 357.0 55.0
face 0.31 103.0 231.0 114.0 246.0
face 0.31 809.0 353.0 826.0 377.0
face 0.31 183.0 260.0 193.0 272.0
