face 1.00 464.0 160.0 504.0 208.0
face 1.00 429.0 40.0 461.0 80.0
face 1.00 121.0 169.0 179.0 244.0
face 1.00 707.0 207.0 766.0 283.0
face 1.00 376.0 159.0 407.0 196.0
face 1.00 105.0 317.0 177.0 400.0
face 1.00 621.0 194.0 674.0 260.0
face 0.99 868.0 105.0 885.0 130.0
face 0.99 162.0 206.0 202.0 256.0
face 0.83 358.0 182.0 384.0 219.0
face 0.80 718.0 299.0 830.0 451.0
face 0.69 200.0 120.0 219.0 143.0
face 0.61 278.0 195.0 293.0 213.0
face 0.52 819.0 123.0 833.0 141.0
face 0.48 739.0 102.0 758.0 127.0
face 0.47 662.0 159.0 676.0 178.0
face 0.40 562.0 137.0 579.0 159.0
face 0.36 851.0 176.0 871.0 200.0
face 0.35 544.0 213.0 558.0 230.0
face 0.34 604.0 311.0 629.0 340.0
face 0.34 148.0 149.0 181.0 192.0
face 0.34 290.0 376.0 494.0 584.0
face 0.33 413.0 157.0 424.0 171.0
face 0.33 359.0 262.0 371.0 275.0
face 0.32 772.0 160.0 791.0 183.0
face 0.32 956.0 202.0 975.0 226.0
face 0.32 622.0 300.0 635.0 315.0
face 0.30 578.0 137.0 596.0 161.0
face 0.30 1014.0 124.0 1024.0 140.0
face 0.30 653.0 157.0 669.0 175.0
face 0.30 326.0 269.0 342.0 290.0
