face 0.99 470.0 232.0 639.0 518.0
face 0.65 944.0 516.0 962.0 536.0
face 0.57 745.0 656.0 855.0 775.0
face 0.46 821.0 765.0 832.0 779.0
face 0.46 741.0 826.0 755.0 842.0
face 0.46 713.0 162.0 738.0 194.0
face 0.39 959.0 974.0 969.0 987.0
face 0.37 595.0 456.0 622.0 489.0
face 0.34 434.0 52.0 450.0 72.0
face 0.33 537.0 1259.0 553.0 1277.0
face 0.33 495.0 38.0 506.0 51.0
face 0.32 418.0 70.0 434.0 90.0
face 0.32 700.0 1203.0 713.0 1219.0
face 0.32 703.0 798.0 714.0 811.0
face 0.32 712.0 1236.0 727.0 1255.0
face 0.32 469.0 1278.0 481.0 1294.0
face 0.31 951.0 520.0 978.0 551.0
face 0.31 310.0 1019.0 323.0 1033.0
face 0.30 582.0 310.0 609.0 342.0
