face 0.85 386.0 622.0 404.0 643.0
face 0.83 318.0 636.0 338.0 665.0
face 0.72 157.0 645.0 186.0 681.0
face 0.68 580.0 605.0 595.0 621.0
face 0.63 191.0 552.0 209.0 575.0
face 0.62 1.0 570.0 15.0 587.0
face 0.60 762.0 529.0 780.0 548.0
face 0.58 6.0 635.0 18.0 649.0
face 0.57 96.0 661.0 109.0 676.0
face 0.55 229.0 671.0 247.0 693.0
face 0.53 482.0 184.0 548.0 280.0
face 0.49 157.0 637.0 176.0 663.0
face 0.48 558.0 626.0 572.0 642.0
face 0.47 371.0 545.0 394.0 572.0
face 0.45 75.0 484.0 87.0 499.0
face 0.42 342.0 661.0 352.0 674.0
face 0.41 801.0 299.0 916.0 434.0
face 0.37 992.0 543.0 1003.0 557.0
face 0.36 959.0 660.0 985.0 696.0
face 0.36 862.0 512.0 888.0 542.0
face 0.35 590.0 612.0 602.0 626.0
face 0.35 422.0 560.0 433.0 574.0
face 0.34 21.0 634.0 37.0 655.0
face 0.33 504.0 63.0 535.0 98.0
face 0.33 403.0 612.0 416.0 627.0
face 0.33 99.0 488.0 114.0 506.0
face 0.31 623.0 642.0 640.0 662.0
face 0.31 29.0 556.0 41.0 571.0
face 0.31 29.0 550.0 41.0 563.0
face 0.31 325.0 662.0 336.0 676.0
face 0.31 5.0 605.0 16.0 619.0
face 0.30 14.0 620.0 28.0 637.0
face 0.30 24.0 569.0 38.0 587.0
face 0.30 416.0 593.0 430.0 610.0
