face 1.00 726.0 372.0 765.0 420.0
face 1.00 125.0 368.0 164.0 419.0
face 1.00 234.0 380.0 277.0 435.0
face 1.00 608.0 377.0 647.0 431.0
face 1.00 457.0 380.0 494.0 427.0
face 1.00 538.0 239.0 564.0 272.0
face 1.00 589.0 240.0 615.0 270.0
face 1.00 785.0 314.0 818.0 353.0
face 1.00 526.0 384.0 558.0 424.0
face 1.00 839.0 305.0 871.0 341.0
face 1.00 651.0 250.0 681.0 285.0
face 1.00 831.0 350.0 869.0 396.0
face 1.00 179.0 242.0 217.0 287.0
face 1.00 906.0 360.0 942.0 404.0
face 1.00 491.0 349.0 523.0 389.0
face 1.00 188.0 382.0 221.0 426.0
face 1.00 185.0 308.0 220.0 350.0
face 1.00 489.0 284.0 516.0 322.0
face 1.00 710.0 337.0 741.0 376.0
face 1.00 456.0 281.0 485.0 314.0
face 1.00 732.0 234.0 757.0 267.0
face 0.99 688.0 227.0 715.0 258.0
face 0.99 408.0 347.0 438.0 386.0
face 0.98 763.0 281.0 791.0 315.0
face 0.98 283.0 300.0 313.0 331.0
face 0.97 275.0 213.0 304.0 247.0
face 0.96 353.0 393.0 387.0 435.0
face 0.95 276.0 328.0 310.0 370.0
face 0.92 463.0 221.0 493.0 262.0
face 0.89 819.0 236.0 847.0 274.0
face 0.89 641.0 344.0 672.0 383.0
face 0.87 32.0 221.0 54.0 249.0
face 0.85 264.0 290.0 281.0 311.0
face 0.72 196.0 230.0 228.0 272.0
face 0.61 594.0 74.0 610.0 93.0
face 0.53 426.0 434.0 445.0 456.0
face 0.52 856.0 278.0 883.0 311.0
face 0.38 516.0 500.0 545.0 538.0
face 0.37 308.0 83.0 324.0 103.0
face 0.36 153.0 281.0 170.0 302.0
face 0.33 213.0 536.0 236.0 565.0
face 0.31 475.0 286.0 502.0 318.0
