face 0.86 816.0 735.0 848.0 773.0
face 0.79 947.0 718.0 961.0 735.0
face 0.74 424.0 131.0 506.0 234.0
face 0.72 678.0 737.0 695.0 757.0
face 0.69 699.0 720.0 714.0 738.0
face 0.59 532.0 749.0 545.0 765.0
face 0.55 237.0 748.0 252.0 767.0
face 0.53 927.0 714.0 938.0 729.0
face 0.52 614.0 730.0 629.0 749.0
face 0.47 294.0 333.0 545.0 600.0
face 0.45 978.0 734.0 994.0 757.0
face 0.45 188.0 718.0 203.0 735.0
face 0.43 416.0 710.0 426.0 722.0
face 0.43 986.0 754.0 1002.0 772.0
face 0.42 719.0 681.0 750.0 715.0
face 0.40 83.0 728.0 101.0 749.0
face 0.40 205.0 726.0 216.0 740.0
face 0.40 549.0 721.0 563.0 738.0
face 0.39 880.0 723.0 890.0 737.0
face 0.39 662.0 180.0 690.0 213.0
face 0.38 198.0 723.0 211.0 739.0
face 0.38 1003.0 723.0 1019.0 745.0
face 0.37 920.0 718.0 931.0 732.0
face 0.36 703.0 181.0 730.0 212.0
face 0.36 382.0 732.0 394.0 745.0
face 0.35 557.0 723.0 569.0 738.0
face 0.35 613.0 158.0 643.0 190.0
face 0.35 848.0 477.0 925.0 561.0
face 0.35 335.0 719.0 346.0 732.0
face 0.34 308.0 726.0 323.0 745.0
face 0.34 107.0 734.0 119.0 748.0
face 0.34 383.0 708.0 395.0 722.0
face 0.34 937.0 693.0 949.0 707.0
face 0.33 544.0 724.0 554.0 737.0
face 0.33 476.0 710.0 489.0 724.0
face 0.33 389.0 731.0 404.0 747.0
face 0.32 603.0 738.0 618.0 757.0
face 0.32 910.0 707.0 921.0 722.0
face 0.31 661.0 726.0 672.0 739.0
face 0.31 903.0 722.0 916.0 739.0
face 0.30 518.0 728.0 529.0 740.0
face 0.30 367.0 717.0 378.0 731.0
