face 1.00 529.0 197.0 583.0 270.0
face 1.00 715.0 78.0 785.0 178.0
face 1.00 445.0 261.0 502.0 342.0
face 1.00 200.0 278.0 256.0 377.0
face 0.98 365.0 346.0 421.0 436.0
face 0.77 846.0 139.0 894.0 196.0
face 0.66 912.0 207.0 926.0 223.0
face 0.45 721.0 176.0 738.0 200.0
face 0.44 500.0 98.0 517.0 121.0
face 0.44 307.0 264.0 340.0 300.0
face 0.41 304.0 210.0 409.0 327.0
face 0.40 956.0 385.0 975.0 408.0
face 0.38 160.0 -1.0 186.0 26.0
face 0.35 151.0 24.0 167.0 46.0
face 0.35 785.0 92.0 812.0 132.0
face 0.35 430.0 211.0 478.0 269.0
face 0.32 134.0 -2.0 159.0 20.0
