face 1.00 426.0 107.0 503.0 212.0
face 0.76 621.0 157.0 883.0 436.0
face 0.59 328.0 592.0 345.0 612.0
face 0.59 638.0 336.0 837.0 602.0
face 0.45 574.0 639.0 589.0 657.0
face 0.44 374.0 539.0 411.0 577.0
face 0.41 454.0 412.0 488.0 466.0
face 0.40 240.0 627.0 250.0 641.0
face 0.35 505.0 243.0 521.0 264.0
face 0.35 315.0 596.0 332.0 614.0
face 0.35 279.0 649.0 290.0 661.0
face 0.34 363.0 604.0 380.0 624.0
face 0.32 748.0 235.0 952.0 467.0
face 0.31 467.0 602.0 484.0 624.0
face 0.31 551.0 603.0 561.0 616.0
face 0.31 255.0 627.0 267.0 641.0
face 0.31 253.0 645.0 265.0 659.0
