face 1.00 508.0 288.0 536.0 324.0
face 1.00 650.0 248.0 667.0 269.0
face 1.00 490.0 553.0 545.0 623.0
face 1.00 784.0 185.0 802.0 208.0
face 1.00 457.0 415.0 501.0 469.0
face 0.99 910.0 281.0 930.0 311.0
face 0.99 275.0 182.0 290.0 200.0
face 0.96 742.0 268.0 759.0 292.0
face 0.93 643.0 190.0 656.0 207.0
face 0.89 694.0 181.0 711.0 203.0
face 0.88 736.0 177.0 751.0 195.0
face 0.83 484.0 154.0 495.0 168.0
face 0.78 651.0 287.0 667.0 308.0
face 0.70 478.0 188.0 492.0 205.0
face 0.67 211.0 570.0 259.0 643.0
face 0.46 760.0 310.0 795.0 352.0
face 0.43 357.0 195.0 369.0 210.0
face 0.42 535.0 160.0 547.0 174.0
face 0.41 765.0 208.0 782.0 228.0
face 0.40 677.0 250.0 692.0 269.0
face 0.40 519.0 259.0 530.0 272.0
face 0.39 819.0 205.0 834.0 223.0
face 0.38 505.0 151.0 515.0 163.0
face 0.35 726.0 202.0 739.0 220.0
face 0.34 789.0 278.0 802.0 292.0
face 0.33 316.0 190.0 329.0 205.0
face 0.32 442.0 391.0 466.0 419.0
face 0.30 437.0 109.0 453.0 129.0
face 0.30 -2.0 214.0 12.0 236.0
face 0.30 403.0 588.0 418.0 605.0
