face 1.00 182.0 141.0 247.0 212.0
face 0.89 706.0 51.0 770.0 128.0
face 0.88 403.0 190.0 454.0 245.0
face 0.50 768.0 254.0 782.0 272.0
face 0.49 56.0 194.0 81.0 228.0
face 0.45 464.0 324.0 497.0 363.0
face 0.39 498.0 202.0 560.0 280.0
face 0.36 212.0 278.0 230.0 300.0
face 0.35 723.0 3.0 751.0 38.0
face 0.35 524.0 335.0 576.0 408.0
face 0.34 75.0 450.0 259.0 654.0
face 0.33 693.0 131.0 709.0 152.0
face 0.32 197.0 451.0 213.0 472.0
face 0.32 877.0 607.0 904.0 636.0
face 0.31 217.0 257.0 240.0 295.0
