face 1.00 867.0 127.0 913.0 181.0
face 1.00 276.0 154.0 319.0 208.0
face 0.99 700.0 16.0 740.0 68.0
face 0.99 443.0 122.0 475.0 160.0
face 0.99 385.0 133.0 397.0 147.0
face 0.98 321.0 210.0 339.0 230.0
face 0.97 189.0 132.0 202.0 148.0
face 0.96 846.0 182.0 859.0 197.0
face 0.95 318.0 130.0 332.0 147.0
face 0.94 226.0 138.0 240.0 155.0
face 0.93 147.0 86.0 186.0 158.0
face 0.87 364.0 136.0 376.0 151.0
face 0.71 651.0 23.0 668.0 44.0
face 0.69 409.0 137.0 422.0 153.0
face 0.63 681.0 24.0 693.0 38.0
face 0.50 777.0 50.0 792.0 69.0
face 0.50 243.0 209.0 264.0 234.0
face 0.49 99.0 1.0 114.0 17.0
face 0.46 601.0 12.0 611.0 25.0
face 0.42 503.0 4.0 517.0 21.0
face 0.41 525.0 7.0 535.0 19.0
face 0.40 808.0 39.0 822.0 56.0
face 0.37 724.0 483.0 742.0 505.0
face 0.36 61.0 0.0 73.0 12.0
face 0.36 788.0 206.0 818.0 242.0
face 0.35 461.0 -1.0 472.0 12.0
face 0.34 528.0 19.0 540.0 34.0
face 0.32 213.0 141.0 225.0 155.0
face 0.32 513.0 173.0 529.0 192.0
face 0.30 770.0 109.0 785.0 128.0
