face 1.00 341.0 50.0 434.0 167.0
face 1.00 631.0 112.0 720.0 225.0
face 0.82 320.0 17.0 341.0 42.0
face 0.60 742.0 149.0 771.0 190.0
face 0.44 469.0 262.0 497.0 303.0
face 0.44 600.0 380.0 626.0 413.0
face 0.41 432.0 20.0 460.0 64.0
face 0.38 676.0 405.0 691.0 424.0
face 0.37 670.0 652.0 682.0 666.0
face 0.36 604.0 355.0 623.0 376.0
face 0.36 687.0 368.0 702.0 387.0
face 0.36 675.0 644.0 690.0 662.0
face 0.33 643.0 386.0 660.0 406.0
face 0.32 607.0 507.0 622.0 526.0
face 0.32 627.0 496.0 646.0 517.0
face 0.32 446.0 189.0 461.0 213.0
face 0.31 532.0 237.0 554.0 268.0
face 0.31 818.0 357.0 835.0 379.0
face 0.30 611.0 410.0 631.0 432.0
