face 1.00 777.0 270.0 805.0 324.0
face 0.99 117.0 11.0 134.0 30.0
face 0.99 193.0 215.0 226.0 261.0
face 0.98 421.0 0.0 448.0 26.0
face 0.68 467.0 -1.0 488.0 21.0
face 0.68 311.0 9.0 330.0 31.0
face 0.62 677.0 52.0 691.0 71.0
face 0.49 623.0 6.0 643.0 32.0
face 0.48 613.0 49.0 640.0 81.0
face 0.36 173.0 23.0 190.0 43.0
face 0.35 992.0 24.0 1019.0 53.0
face 0.33 690.0 51.0 707.0 73.0
face 0.31 531.0 400.0 553.0 425.0
face 0.31 170.0 9.0 190.0 32.0
face 0.31 565.0 2.0 582.0 20.0
face 0.31 670.0 100.0 683.0 114.0
