face 1.00 286.0 4.0 335.0 65.0
face 1.00 897.0 232.0 963.0 332.0
face 1.00 570.0 119.0 625.0 201.0
face 1.00 703.0 102.0 757.0 188.0
face 1.00 761.0 94.0 818.0 171.0
face 0.74 708.0 369.0 725.0 391.0
face 0.50 726.0 151.0 755.0 188.0
face 0.43 661.0 364.0 676.0 383.0
face 0.40 724.0 363.0 736.0 379.0
face 0.37 739.0 292.0 760.0 320.0
face 0.36 773.0 351.0 785.0 366.0
face 0.36 797.0 392.0 812.0 412.0
face 0.35 220.0 51.0 265.0 103.0
face 0.35 629.0 397.0 642.0 413.0
face 0.35 634.0 377.0 657.0 403.0
face 0.34 711.0 346.0 723.0 361.0
face 0.33 555.0 678.0 579.0 710.0
face 0.33 838.0 452.0 853.0 473.0
face 0.32 659.0 524.0 676.0 547.0
face 0.32 851.0 426.0 867.0 443.0
face 0.31 663.0 346.0 675.0 360.0
face 0.31 598.0 619.0 609.0 633.0
face 0.31 614.0 589.0 625.0 602.0
face 0.30 828.0 435.0 840.0 450.0
face 0.30 606.0 606.0 617.0 619.0
