face 1.00 97.0 122.0 201.0 176.0
face 0.48 642.0 220.0 656.0 238.0
face 0.47 299.0 171.0 357.0 233.0
face 0.47 112.0 299.0 129.0 322.0
face 0.45 403.0 398.0 433.0 437.0
face 0.40 112.0 146.0 169.0 203.0
face 0.38 245.0 193.0 299.0 260.0
face 0.35 148.0 237.0 175.0 269.0
face 0.34 361.0 549.0 387.0 580.0
face 0.32 367.0 369.0 386.0 391.0
face 0.32 635.0 172.0 655.0 202.0
face 0.31 294.0 436.0 325.0 477.0
face 0.31 119.0 177.0 135.0 196.0
face 0.31 506.0 356.0 534.0 387.0
face 0.31 202.0 240.0 303.0 347.0
face 0.31 619.0 84.0 634.0 103.0
