face 1.00 775.0 4.0 802.0 38.0
face 1.00 776.0 127.0 803.0 156.0
face 1.00 631.0 114.0 654.0 146.0
face 1.00 563.0 0.0 586.0 26.0
face 1.00 512.0 19.0 531.0 39.0
face 1.00 738.0 11.0 757.0 36.0
face 0.99 628.0 17.0 650.0 46.0
face 0.99 549.0 59.0 566.0 80.0
face 0.99 913.0 -1.0 948.0 37.0
face 0.99 235.0 22.0 252.0 41.0
face 0.99 180.0 45.0 197.0 66.0
face 0.99 847.0 120.0 876.0 157.0
face 0.98 815.0 -1.0 840.0 24.0
face 0.98 683.0 58.0 706.0 86.0
face 0.98 841.0 59.0 870.0 94.0
face 0.98 602.0 100.0 623.0 127.0
face 0.98 732.0 303.0 769.0 359.0
face 0.98 432.0 27.0 453.0 52.0
face 0.97 325.0 95.0 348.0 123.0
face 0.96 656.0 6.0 675.0 28.0
face 0.96 731.0 64.0 756.0 96.0
face 0.94 245.0 176.0 271.0 212.0
face 0.94 951.0 298.0 1003.0 367.0
face 0.93 481.0 18.0 499.0 40.0
face 0.90 687.0 25.0 710.0 53.0
face 0.90 714.0 119.0 744.0 157.0
face 0.89 120.0 19.0 135.0 36.0
face 0.89 346.0 50.0 362.0 68.0
face 0.86 593.0 163.0 618.0 195.0
face 0.85 876.0 112.0 920.0 166.0
face 0.83 86.0 308.0 128.0 366.0
face 0.80 92.0 37.0 109.0 57.0
face 0.73 967.0 466.0 992.0 503.0
face 0.71 676.0 6.0 692.0 26.0
face 0.66 492.0 464.0 505.0 482.0
face 0.64 961.0 42.0 1010.0 119.0
face 0.62 382.0 16.0 397.0 34.0
face 0.57 377.0 37.0 398.0 63.0
face 0.56 595.0 47.0 618.0 72.0
face 0.50 648.0 548.0 670.0 578.0
face 0.49 368.0 99.0 388.0 124.0
face 0.48 188.0 36.0 206.0 57.0
face 0.48 847.0 345.0 890.0 401.0
face 0.48 494.0 100.0 521.0 131.0
face 0.47 34.0 19.0 51.0 39.0
face 0.44 584.0 425.0 599.0 444.0
face 0.43 693.0 112.0 719.0 142.0
face 0.43 599.0 3.0 627.0 38.0
face 0.43 223.0 11.0 236.0 27.0
face 0.42 362.0 0.0 379.0 18.0
face 0.42 -1.0 25.0 12.0 44.0
face 0.40 458.0 21.0 481.0 56.0
face 0.40 103.0 303.0 125.0 337.0
face 0.38 492.0 10.0 508.0 33.0
face 0.38 251.0 1.0 268.0 20.0
face 0.38 434.0 2.0 457.0 24.0
face 0.38 964.0 90.0 995.0 127.0
face 0.37 861.0 25.0 878.0 45.0
face 0.37 429.0 1.0 445.0 16.0
face 0.37 288.0 35.0 315.0 70.0
face 0.37 406.0 12.0 417.0 26.0
face 0.36 111.0 0.0 123.0 12.0
face 0.36 180.0 0.0 196.0 15.0
face 0.35 59.0 14.0 78.0 37.0
face 0.35 933.0 341.0 945.0 355.0
face 0.35 158.0 -1.0 170.0 11.0
face 0.35 422.0 21.0 433.0 36.0
face 0.34 155.0 20.0 170.0 38.0
face 0.34 763.0 109.0 790.0 143.0
face 0.34 404.0 26.0 417.0 42.0
face 0.33 202.0 164.0 219.0 186.0
face 0.32 694.0 110.0 707.0 125.0
face 0.32 85.0 -1.0 98.0 12.0
face 0.32 270.0 5.0 284.0 21.0
face 0.32 -3.0 176.0 21.0 208.0
face 0.32 396.0 188.0 412.0 211.0
face 0.32 532.0 42.0 548.0 62.0
face 0.32 110.0 19.0 124.0 37.0
face 0.32 502.0 171.0 514.0 186.0
face 0.32 765.0 11.0 780.0 31.0
face 0.31 747.0 113.0 771.0 141.0
face 0.31 541.0 53.0 554.0 69.0
face 0.31 562.0 28.0 577.0 45.0
face 0.30 725.0 53.0 737.0 66.0
face 0.30 669.0 531.0 682.0 546.0
