face 1.00 389.0 267.0 481.0 384.0
face 1.00 264.0 205.0 285.0 229.0
face 0.97 828.0 127.0 850.0 151.0
face 0.96 714.0 109.0 736.0 136.0
face 0.94 110.0 196.0 129.0 220.0
face 0.93 154.0 136.0 173.0 159.0
face 0.92 34.0 191.0 51.0 215.0
face 0.91 385.0 190.0 413.0 224.0
face 0.90 749.0 46.0 764.0 66.0
face 0.88 85.0 106.0 104.0 133.0
face 0.87 170.0 569.0 188.0 590.0
face 0.86 67.0 197.0 85.0 220.0
face 0.80 990.0 97.0 1011.0 124.0
face 0.79 122.0 179.0 141.0 202.0
face 0.79 384.0 141.0 404.0 166.0
face 0.79 360.0 580.0 384.0 610.0
face 0.78 349.0 197.0 370.0 222.0
face 0.71 602.0 193.0 619.0 213.0
face 0.70 253.0 184.0 268.0 202.0
face 0.70 279.0 120.0 296.0 142.0
face 0.68 214.0 559.0 230.0 579.0
face 0.67 729.0 182.0 745.0 202.0
face 0.65 548.0 203.0 568.0 227.0
face 0.65 945.0 49.0 961.0 69.0
face 0.64 189.0 548.0 206.0 567.0
face 0.60 329.0 423.0 355.0 457.0
face 0.57 589.0 128.0 605.0 148.0
face 0.52 221.0 257.0 234.0 272.0
face 0.51 338.0 718.0 356.0 739.0
face 0.46 679.0 41.0 694.0 62.0
face 0.46 94.0 185.0 107.0 201.0
face 0.45 365.0 184.0 381.0 203.0
face 0.44 345.0 559.0 357.0 575.0
face 0.42 394.0 133.0 409.0 151.0
face 0.41 344.0 646.0 366.0 673.0
face 0.41 60.0 170.0 74.0 187.0
face 0.41 197.0 582.0 214.0 601.0
face 0.40 795.0 121.0 813.0 143.0
face 0.39 451.0 184.0 480.0 217.0
face 0.39 325.0 526.0 336.0 540.0
face 0.37 368.0 693.0 380.0 708.0
face 0.37 229.0 572.0 241.0 586.0
face 0.36 446.0 460.0 458.0 475.0
face 0.35 158.0 175.0 171.0 189.0
face 0.35 343.0 525.0 354.0 537.0
face 0.34 438.0 131.0 451.0 146.0
face 0.33 366.0 527.0 378.0 541.0
face 0.32 619.0 181.0 635.0 201.0
face 0.32 334.0 512.0 345.0 524.0
face 0.32 268.0 69.0 283.0 89.0
face 0.32 380.0 210.0 397.0 231.0
face 0.32 638.0 171.0 652.0 190.0
face 0.32 790.0 141.0 801.0 154.0
face 0.31 268.0 410.0 355.0 514.0
face 0.31 373.0 285.0 387.0 304.0
face 0.31 220.0 565.0 237.0 584.0
face 0.31 232.0 205.0 248.0 223.0
face 0.30 415.0 125.0 428.0 142.0
face 0.30 785.0 298.0 802.0 319.0
