face 0.99 818.0 337.0 852.0 374.0
face 0.98 924.0 355.0 961.0 402.0
face 0.96 10.0 157.0 38.0 189.0
face 0.96 842.0 96.0 868.0 131.0
face 0.91 224.0 541.0 258.0 576.0
face 0.87 492.0 152.0 558.0 217.0
face 0.76 378.0 327.0 422.0 384.0
face 0.70 544.0 398.0 561.0 419.0
face 0.69 85.0 478.0 123.0 518.0
face 0.62 906.0 4.0 967.0 73.0
face 0.58 572.0 438.0 616.0 498.0
face 0.57 8.0 0.0 30.0 27.0
face 0.50 121.0 301.0 146.0 330.0
face 0.50 122.0 538.0 167.0 578.0
face 0.48 866.0 379.0 881.0 397.0
face 0.45 43.0 317.0 67.0 347.0
face 0.43 30.0 258.0 62.0 293.0
face 0.42 58.0 346.0 74.0 367.0
face 0.42 826.0 8.0 858.0 44.0
face 0.39 139.0 555.0 159.0 579.0
face 0.35 203.0 505.0 218.0 524.0
face 0.35 276.0 159.0 338.0 220.0
face 0.33 44.0 373.0 59.0 392.0
face 0.32 483.0 276.0 527.0 338.0
face 0.32 439.0 64.0 503.0 151.0
face 0.32 667.0 31.0 684.0 53.0
face 0.31 894.0 435.0 911.0 457.0
face 0.30 953.0 365.0 972.0 390.0
