face 1.00 432.0 88.0 605.0 342.0
face 0.80 302.0 557.0 314.0 571.0
face 0.63 417.0 864.0 433.0 884.0
face 0.58 774.0 533.0 786.0 548.0
face 0.57 630.0 875.0 641.0 889.0
face 0.53 401.0 582.0 417.0 601.0
face 0.50 334.0 583.0 350.0 603.0
face 0.45 384.0 709.0 395.0 722.0
face 0.45 711.0 614.0 723.0 628.0
face 0.43 302.0 589.0 313.0 602.0
face 0.43 395.0 691.0 409.0 708.0
face 0.42 645.0 717.0 659.0 733.0
face 0.41 940.0 740.0 956.0 759.0
face 0.40 934.0 630.0 945.0 644.0
face 0.39 598.0 957.0 609.0 971.0
face 0.39 946.0 1338.0 963.0 1356.0
face 0.37 630.0 920.0 641.0 932.0
face 0.37 718.0 537.0 741.0 562.0
face 0.37 284.0 404.0 314.0 441.0
face 0.37 721.0 493.0 734.0 508.0
face 0.36 150.0 748.0 162.0 762.0
face 0.36 708.0 597.0 720.0 610.0
face 0.35 275.0 543.0 291.0 565.0
face 0.34 422.0 960.0 433.0 974.0
face 0.34 132.0 1090.0 149.0 1109.0
face 0.34 934.0 781.0 946.0 795.0
face 0.34 599.0 905.0 617.0 927.0
face 0.34 640.0 978.0 653.0 995.0
face 0.34 444.0 985.0 457.0 1001.0
face 0.33 623.0 886.0 634.0 899.0
face 0.33 645.0 965.0 656.0 979.0
face 0.33 745.0 532.0 759.0 548.0
face 0.33 406.0 563.0 422.0 582.0
face 0.32 586.0 937.0 600.0 955.0
face 0.32 131.0 732.0 144.0 750.0
face 0.31 624.0 719.0 635.0 732.0
face 0.31 389.0 733.0 400.0 745.0
face 0.31 663.0 1020.0 675.0 1033.0
face 0.31 959.0 1299.0 972.0 1314.0
face 0.31 699.0 729.0 714.0 747.0
face 0.31 699.0 590.0 716.0 608.0
face 0.30 278.0 556.0 290.0 570.0
face 0.30 359.0 534.0 369.0 547.0
face 0.30 422.0 699.0 432.0 713.0
face 0.30 678.0 887.0 689.0 900.0
face 0.30 693.0 641.0 710.0 662.0
