face 1.00 673.0 346.0 718.0 400.0
face 1.00 858.0 316.0 910.0 377.0
face 1.00 850.0 208.0 873.0 234.0
face 1.00 550.0 350.0 590.0 402.0
face 1.00 217.0 402.0 250.0 443.0
face 1.00 325.0 383.0 365.0 429.0
face 0.99 632.0 208.0 653.0 235.0
face 0.99 93.0 120.0 138.0 190.0
face 0.99 456.0 223.0 480.0 251.0
face 0.99 344.0 212.0 370.0 243.0
face 0.98 966.0 193.0 988.0 219.0
face 0.98 628.0 344.0 666.0 391.0
face 0.98 569.0 225.0 588.0 250.0
face 0.97 224.0 243.0 246.0 270.0
face 0.97 547.0 238.0 567.0 264.0
face 0.97 978.0 302.0 1020.0 352.0
face 0.96 957.0 316.0 984.0 350.0
face 0.95 465.0 366.0 505.0 410.0
face 0.94 177.0 376.0 210.0 417.0
face 0.93 277.0 258.0 303.0 290.0
face 0.90 787.0 215.0 803.0 238.0
face 0.83 1.0 281.0 20.0 307.0
face 0.82 962.0 457.0 991.0 488.0
face 0.79 1011.0 397.0 1024.0 418.0
face 0.76 766.0 209.0 792.0 237.0
face 0.67 427.0 366.0 449.0 392.0
face 0.65 602.0 248.0 616.0 265.0
face 0.64 709.0 224.0 731.0 250.0
face 0.61 452.0 356.0 469.0 377.0
face 0.61 240.0 275.0 260.0 296.0
face 0.57 923.0 323.0 955.0 367.0
face 0.53 331.0 525.0 348.0 545.0
face 0.52 336.0 517.0 360.0 547.0
face 0.49 261.0 359.0 280.0 381.0
face 0.49 141.0 551.0 171.0 595.0
face 0.45 953.0 289.0 966.0 306.0
face 0.45 535.0 372.0 546.0 385.0
face 0.44 847.0 342.0 858.0 356.0
face 0.44 198.0 549.0 226.0 587.0
face 0.44 225.0 294.0 238.0 310.0
face 0.44 510.0 242.0 526.0 264.0
face 0.43 462.0 476.0 486.0 504.0
face 0.41 858.0 345.0 883.0 376.0
face 0.38 188.0 443.0 204.0 461.0
face 0.37 781.0 360.0 812.0 395.0
face 0.37 494.0 545.0 524.0 585.0
face 0.35 309.0 308.0 321.0 324.0
face 0.34 642.0 425.0 659.0 445.0
face 0.34 877.0 245.0 889.0 259.0
face 0.34 439.0 540.0 468.0 576.0
face 0.34 522.0 344.0 552.0 380.0
face 0.33 437.0 229.0 453.0 247.0
face 0.33 427.0 299.0 439.0 314.0
face 0.33 483.0 288.0 500.0 310.0
face 0.33 623.0 314.0 637.0 332.0
face 0.32 326.0 373.0 337.0 386.0
face 0.31 763.0 430.0 787.0 458.0
face 0.31 215.0 333.0 228.0 348.0
face 0.31 662.0 427.0 678.0 445.0
face 0.31 267.0 351.0 295.0 382.0
face 0.31 791.0 203.0 803.0 217.0
face 0.30 757.0 210.0 775.0 232.0
face 0.30 398.0 340.0 409.0 354.0
