face 1.00 54.0 320.0 80.0 349.0
face 1.00 610.0 326.0 638.0 358.0
face 1.00 94.0 322.0 125.0 358.0
face 1.00 334.0 282.0 358.0 311.0
face 1.00 168.0 288.0 200.0 325.0
face 1.00 15.0 308.0 41.0 337.0
face 1.00 765.0 304.0 781.0 323.0
face 0.99 482.0 296.0 501.0 320.0
face 0.99 252.0 274.0 278.0 307.0
face 0.99 455.0 305.0 475.0 330.0
face 0.98 864.0 301.0 881.0 321.0
face 0.97 707.0 286.0 723.0 304.0
face 0.92 955.0 306.0 968.0 322.0
face 0.83 934.0 298.0 949.0 314.0
face 0.81 839.0 298.0 852.0 313.0
face 0.76 226.0 323.0 251.0 353.0
face 0.71 473.0 370.0 489.0 390.0
face 0.68 863.0 330.0 875.0 345.0
face 0.67 807.0 296.0 820.0 312.0
face 0.66 903.0 314.0 925.0 338.0
face 0.65 220.0 574.0 242.0 601.0
face 0.62 201.0 295.0 229.0 329.0
face 0.61 571.0 287.0 585.0 308.0
face 0.58 276.0 291.0 297.0 319.0
face 0.58 800.0 322.0 813.0 339.0
face 0.57 984.0 341.0 995.0 355.0
face 0.53 746.0 286.0 763.0 311.0
face 0.42 794.0 177.0 811.0 199.0
face 0.42 847.0 333.0 858.0 346.0
face 0.41 364.0 526.0 381.0 548.0
face 0.40 380.0 253.0 395.0 275.0
face 0.40 790.0 301.0 802.0 315.0
face 0.39 1008.0 302.0 1023.0 319.0
face 0.36 598.0 291.0 616.0 311.0
face 0.36 234.0 296.0 251.0 316.0
face 0.35 518.0 325.0 530.0 340.0
face 0.35 419.0 306.0 433.0 323.0
face 0.35 934.0 325.0 946.0 338.0
face 0.35 -1.0 314.0 12.0 336.0
face 0.34 45.0 306.0 61.0 326.0
face 0.34 895.0 303.0 907.0 317.0
face 0.33 401.0 281.0 427.0 316.0
face 0.33 92.0 531.0 108.0 547.0
face 0.31 741.0 310.0 752.0 325.0
face 0.31 903.0 229.0 913.0 242.0
face 0.31 498.0 292.0 514.0 311.0
face 0.30 423.0 356.0 435.0 371.0
face 0.30 943.0 386.0 955.0 401.0
face 0.30 925.0 308.0 938.0 322.0
