face 1.00 656.0 68.0 715.0 162.0
face 1.00 495.0 128.0 548.0 201.0
face 1.00 390.0 145.0 449.0 227.0
face 1.00 543.0 155.0 594.0 224.0
face 1.00 598.0 275.0 653.0 345.0
face 0.54 288.0 473.0 302.0 491.0
face 0.42 922.0 266.0 1015.0 392.0
face 0.42 391.0 407.0 402.0 420.0
face 0.41 667.0 135.0 687.0 157.0
face 0.40 510.0 206.0 521.0 218.0
face 0.40 902.0 45.0 915.0 60.0
face 0.39 680.0 392.0 765.0 542.0
face 0.38 967.0 72.0 978.0 86.0
face 0.37 268.0 0.0 286.0 20.0
face 0.36 814.0 68.0 858.0 130.0
face 0.34 414.0 356.0 425.0 369.0
face 0.33 53.0 232.0 70.0 258.0
face 0.33 366.0 388.0 377.0 402.0
face 0.32 413.0 373.0 424.0 387.0
face 0.32 64.0 549.0 76.0 564.0
face 0.32 100.0 172.0 116.0 194.0
face 0.31 139.0 66.0 155.0 87.0
face 0.31 643.0 353.0 662.0 373.0
face 0.30 285.0 359.0 300.0 379.0
face 0.30 301.0 0.0 328.0 27.0
