face 1.00 460.0 294.0 546.0 406.0
face 1.00 242.0 166.0 327.0 314.0
face 1.00 602.0 269.0 664.0 363.0
face 0.97 8.0 670.0 57.0 733.0
face 0.82 532.0 783.0 557.0 809.0
face 0.78 677.0 169.0 879.0 422.0
face 0.76 565.0 612.0 630.0 699.0
face 0.71 983.0 935.0 1007.0 971.0
face 0.57 942.0 634.0 993.0 688.0
face 0.48 0.0 514.0 40.0 594.0
face 0.45 932.0 542.0 1030.0 682.0
face 0.44 980.0 697.0 997.0 720.0
face 0.44 336.0 706.0 408.0 796.0
face 0.42 354.0 1247.0 379.0 1277.0
face 0.42 634.0 401.0 653.0 430.0
face 0.39 528.0 542.0 582.0 603.0
face 0.35 985.0 575.0 1024.0 657.0
face 0.34 999.0 607.0 1023.0 642.0
face 0.33 867.0 953.0 971.0 1075.0
face 0.32 984.0 353.0 1010.0 387.0
face 0.31 982.0 925.0 994.0 939.0
face 0.31 603.0 697.0 621.0 717.0
face 0.30 773.0 573.0 784.0 588.0
face 0.30 988.0 708.0 1001.0 724.0
face 0.30 613.0 683.0 632.0 704.0
