face 1.00 686.0 617.0 759.0 713.0
face 1.00 389.0 632.0 456.0 715.0
face 0.99 1.0 911.0 31.0 965.0
face 0.88 696.0 55.0 807.0 156.0
face 0.87 658.0 1138.0 721.0 1221.0
face 0.80 190.0 754.0 236.0 817.0
face 0.79 367.0 415.0 438.0 483.0
face 0.74 808.0 214.0 933.0 349.0
face 0.58 103.0 33.0 176.0 123.0
face 0.56 144.0 75.0 215.0 144.0
face 0.56 745.0 319.0 775.0 356.0
face 0.53 36.0 1005.0 132.0 1118.0
face 0.45 748.0 0.0 811.0 56.0
face 0.42 876.0 35.0 923.0 101.0
face 0.41 552.0 865.0 602.0 915.0
face 0.40 199.0 271.0 252.0 339.0
face 0.38 678.0 331.0 706.0 361.0
face 0.37 618.0 336.0 635.0 356.0
face 0.37 846.0 373.0 875.0 409.0
face 0.37 311.0 1000.0 508.0 1221.0
face 0.36 489.0 103.0 541.0 162.0
face 0.36 838.0 259.0 866.0 292.0
face 0.36 61.0 478.0 79.0 500.0
face 0.35 529.0 722.0 578.0 773.0
face 0.35 673.0 189.0 725.0 253.0
face 0.34 396.0 225.0 412.0 245.0
face 0.34 0.0 8.0 15.0 31.0
face 0.34 730.0 171.0 755.0 201.0
face 0.33 390.0 1158.0 416.0 1185.0
face 0.32 699.0 232.0 716.0 252.0
face 0.32 183.0 645.0 243.0 726.0
face 0.32 232.0 863.0 258.0 892.0
face 0.32 888.0 22.0 925.0 64.0
face 0.31 321.0 329.0 348.0 364.0
face 0.31 900.0 703.0 920.0 724.0
face 0.30 508.0 194.0 568.0 262.0
face 0.30 569.0 326.0 604.0 365.0
