face 1.00 271.0 238.0 293.0 269.0
face 0.98 683.0 276.0 703.0 305.0
face 0.97 363.0 255.0 381.0 280.0
face 0.94 176.0 272.0 208.0 312.0
face 0.76 120.0 369.0 148.0 405.0
face 0.65 682.0 342.0 694.0 356.0
face 0.64 612.0 279.0 629.0 298.0
face 0.59 863.0 283.0 900.0 336.0
face 0.52 152.0 460.0 163.0 474.0
face 0.47 907.0 365.0 923.0 387.0
face 0.43 618.0 479.0 628.0 491.0
face 0.38 714.0 280.0 739.0 314.0
face 0.38 293.0 314.0 306.0 331.0
face 0.37 878.0 269.0 903.0 300.0
face 0.36 221.0 357.0 233.0 372.0
face 0.36 647.0 341.0 659.0 355.0
face 0.35 619.0 269.0 635.0 291.0
face 0.34 940.0 355.0 959.0 376.0
face 0.34 648.0 447.0 659.0 459.0
face 0.33 678.0 483.0 690.0 497.0
face 0.33 619.0 333.0 634.0 352.0
face 0.32 645.0 421.0 656.0 434.0
face 0.30 203.0 357.0 220.0 376.0
