face 1.00 191.0 429.0 244.0 499.0
face 1.00 289.0 441.0 334.0 504.0
face 0.99 124.0 445.0 179.0 519.0
face 0.98 150.0 98.0 166.0 120.0
face 0.97 206.0 140.0 225.0 162.0
face 0.95 256.0 148.0 273.0 169.0
face 0.94 344.0 77.0 363.0 104.0
face 0.76 352.0 445.0 414.0 523.0
face 0.56 635.0 450.0 651.0 467.0
face 0.46 676.0 327.0 699.0 356.0
face 0.45 654.0 553.0 670.0 572.0
face 0.40 638.0 562.0 649.0 577.0
face 0.39 664.0 595.0 676.0 610.0
face 0.37 654.0 539.0 670.0 560.0
face 0.34 646.0 590.0 657.0 604.0
face 0.33 727.0 578.0 743.0 601.0
face 0.32 734.0 373.0 746.0 387.0
face 0.31 676.0 542.0 689.0 556.0
face 0.31 670.0 331.0 685.0 349.0
face 0.31 628.0 424.0 660.0 462.0
face 0.30 131.0 106.0 147.0 125.0
