face 1.00 325.0 639.0 398.0 736.0
face 1.00 706.0 289.0 744.0 350.0
face 1.00 86.0 379.0 144.0 470.0
face 1.00 437.0 336.0 493.0 412.0
face 1.00 214.0 331.0 268.0 406.0
face 1.00 795.0 398.0 861.0 479.0
face 1.00 347.0 332.0 390.0 405.0
face 1.00 572.0 172.0 611.0 235.0
face 1.00 828.0 327.0 876.0 391.0
face 0.99 776.0 670.0 843.0 758.0
face 0.99 667.0 212.0 716.0 282.0
face 0.99 170.0 278.0 211.0 347.0
face 0.94 846.0 278.0 893.0 355.0
face 0.94 111.0 344.0 159.0 419.0
face 0.75 222.0 141.0 248.0 173.0
face 0.56 323.0 221.0 367.0 291.0
face 0.55 489.0 249.0 548.0 309.0
face 0.51 680.0 379.0 731.0 453.0
face 0.49 186.0 95.0 252.0 174.0
face 0.43 513.0 276.0 558.0 332.0
face 0.42 171.0 274.0 195.0 311.0
face 0.42 814.0 133.0 826.0 148.0
face 0.41 228.0 217.0 274.0 281.0
face 0.40 567.0 248.0 584.0 270.0
face 0.40 758.0 707.0 770.0 723.0
face 0.39 695.0 308.0 724.0 344.0
face 0.39 552.0 185.0 577.0 218.0
face 0.38 792.0 316.0 823.0 350.0
face 0.35 227.0 979.0 465.0 1260.0
face 0.34 605.0 -2.0 621.0 14.0
face 0.34 581.0 168.0 606.0 200.0
face 0.33 362.0 318.0 414.0 388.0
face 0.33 567.0 100.0 627.0 178.0
face 0.32 586.0 -1.0 634.0 43.0
face 0.32 972.0 1276.0 987.0 1294.0
face 0.31 362.0 -3.0 381.0 21.0
face 0.31 581.0 132.0 598.0 152.0
face 0.31 800.0 250.0 851.0 322.0
face 0.30 191.0 1337.0 238.0 1388.0
