face 0.87 337.0 206.0 375.0 253.0
face 0.69 195.0 289.0 232.0 337.0
face 0.68 378.0 1019.0 391.0 1035.0
face 0.65 576.0 458.0 629.0 524.0
face 0.61 46.0 604.0 61.0 623.0
face 0.57 46.0 716.0 57.0 729.0
face 0.53 458.0 113.0 474.0 134.0
face 0.52 129.0 802.0 144.0 821.0
face 0.52 509.0 557.0 554.0 606.0
face 0.51 206.0 852.0 216.0 865.0
face 0.51 512.0 226.0 532.0 247.0
face 0.51 573.0 451.0 585.0 466.0
face 0.50 623.0 61.0 668.0 113.0
face 0.49 289.0 814.0 302.0 829.0
face 0.48 651.0 980.0 663.0 995.0
face 0.47 35.0 1290.0 49.0 1308.0
face 0.47 502.0 16.0 530.0 46.0
face 0.45 478.0 991.0 490.0 1004.0
face 0.45 505.0 161.0 526.0 189.0
face 0.45 55.0 243.0 88.0 285.0
face 0.45 247.0 254.0 271.0 282.0
face 0.45 529.0 266.0 570.0 315.0
face 0.43 585.0 558.0 788.0 781.0
face 0.43 252.0 819.0 283.0 852.0
face 0.41 610.0 1084.0 623.0 1100.0
face 0.40 223.0 871.0 232.0 882.0
face 0.40 101.0 876.0 113.0 890.0
face 0.40 0.0 2.0 22.0 30.0
face 0.39 214.0 682.0 241.0 718.0
face 0.39 279.0 275.0 309.0 313.0
face 0.38 583.0 1120.0 594.0 1133.0
face 0.37 133.0 1163.0 144.0 1176.0
face 0.37 488.0 950.0 499.0 962.0
face 0.37 334.0 261.0 346.0 275.0
face 0.37 167.0 1062.0 275.0 1182.0
face 0.37 42.0 1244.0 62.0 1264.0
face 0.36 1.0 810.0 18.0 829.0
face 0.35 559.0 1095.0 570.0 1108.0
face 0.35 550.0 965.0 561.0 978.0
face 0.35 318.0 386.0 335.0 405.0
face 0.35 61.0 261.0 73.0 275.0
face 0.35 119.0 1220.0 130.0 1234.0
face 0.35 135.0 1123.0 145.0 1136.0
face 0.34 264.0 284.0 276.0 298.0
face 0.34 495.0 574.0 511.0 593.0
face 0.33 518.0 1061.0 529.0 1075.0
face 0.33 445.0 786.0 459.0 802.0
face 0.33 132.0 1200.0 146.0 1218.0
face 0.33 422.0 259.0 443.0 286.0
face 0.33 87.0 1191.0 98.0 1204.0
face 0.33 834.0 1044.0 848.0 1060.0
face 0.33 176.0 398.0 186.0 410.0
face 0.33 139.0 1114.0 155.0 1135.0
face 0.33 351.0 382.0 372.0 409.0
face 0.32 79.0 1207.0 90.0 1221.0
face 0.32 752.0 921.0 783.0 955.0
face 0.32 200.0 973.0 211.0 986.0
face 0.32 197.0 989.0 208.0 1003.0
face 0.32 215.0 1323.0 228.0 1338.0
face 0.31 195.0 314.0 209.0 331.0
face 0.31 317.0 277.0 348.0 313.0
face 0.31 566.0 964.0 578.0 977.0
face 0.31 149.0 1181.0 162.0 1196.0
face 0.31 674.0 458.0 692.0 479.0
face 0.31 69.0 1254.0 84.0 1272.0
face 0.31 197.0 807.0 209.0 821.0
face 0.31 70.0 1283.0 82.0 1298.0
face 0.31 699.0 302.0 712.0 318.0
face 0.30 198.0 756.0 224.0 788.0
face 0.30 326.0 894.0 338.0 907.0
face 0.30 311.0 806.0 323.0 820.0
face 0.30 503.0 1092.0 513.0 1104.0
face 0.30 534.0 981.0 545.0 995.0
face 0.30 385.0 304.0 401.0 324.0
face 0.30 205.0 926.0 217.0 941.0
face 0.30 446.0 140.0 458.0 156.0
face 0.30 524.0 973.0 537.0 988.0
