face 1.00 320.0 236.0 368.0 306.0
face 1.00 733.0 201.0 780.0 261.0
face 1.00 475.0 227.0 518.0 283.0
face 0.81 104.0 279.0 180.0 368.0
face 0.72 423.0 390.0 449.0 428.0
face 0.59 846.0 575.0 872.0 608.0
face 0.58 698.0 332.0 724.0 368.0
face 0.45 901.0 86.0 933.0 124.0
face 0.43 349.0 188.0 405.0 250.0
face 0.36 975.0 330.0 1001.0 367.0
face 0.31 589.0 543.0 602.0 558.0
face 0.31 986.0 312.0 1003.0 336.0
face 0.31 820.0 441.0 836.0 461.0
face 0.30 664.0 323.0 696.0 360.0
face 0.30 683.0 643.0 699.0 660.0
