face 0.98 89.0 82.0 150.0 201.0
face 0.96 799.0 325.0 810.0 339.0
face 0.94 239.0 278.0 262.0 307.0
face 0.91 814.0 319.0 825.0 334.0
face 0.83 324.0 828.0 338.0 845.0
face 0.79 450.0 456.0 530.0 523.0
face 0.79 162.0 289.0 178.0 311.0
face 0.57 503.0 269.0 557.0 327.0
face 0.54 479.0 941.0 517.0 996.0
face 0.54 285.0 865.0 310.0 898.0
face 0.51 1005.0 472.0 1025.0 497.0
face 0.49 529.0 449.0 554.0 478.0
face 0.48 479.0 821.0 491.0 835.0
face 0.47 297.0 833.0 312.0 851.0
face 0.47 970.0 438.0 996.0 470.0
face 0.47 181.0 925.0 192.0 939.0
face 0.45 337.0 930.0 352.0 949.0
face 0.44 624.0 283.0 668.0 333.0
face 0.41 740.0 305.0 756.0 327.0
face 0.41 658.0 356.0 702.0 406.0
face 0.40 415.0 295.0 427.0 309.0
face 0.38 530.0 523.0 626.0 637.0
face 0.37 556.0 271.0 572.0 290.0
face 0.36 612.0 875.0 628.0 896.0
face 0.36 160.0 408.0 178.0 429.0
face 0.35 473.0 886.0 497.0 914.0
face 0.34 272.0 935.0 296.0 971.0
face 0.34 75.0 213.0 149.0 328.0
face 0.34 323.0 779.0 339.0 801.0
face 0.34 530.0 955.0 547.0 976.0
face 0.33 571.0 150.0 588.0 172.0
face 0.33 348.0 815.0 365.0 836.0
face 0.33 332.0 830.0 344.0 844.0
face 0.32 616.0 287.0 644.0 322.0
face 0.32 648.0 572.0 669.0 597.0
face 0.31 605.0 974.0 618.0 989.0
face 0.30 710.0 131.0 725.0 152.0
