face 1.00 648.0 205.0 669.0 232.0
face 1.00 706.0 185.0 728.0 213.0
face 1.00 838.0 200.0 870.0 243.0
face 0.99 490.0 207.0 517.0 237.0
face 0.94 996.0 185.0 1026.0 245.0
face 0.93 919.0 189.0 936.0 213.0
face 0.89 569.0 187.0 586.0 208.0
face 0.85 467.0 298.0 496.0 330.0
face 0.73 456.0 42.0 478.0 68.0
face 0.72 798.0 195.0 821.0 221.0
face 0.68 697.0 5.0 738.0 60.0
face 0.68 489.0 561.0 558.0 620.0
face 0.60 721.0 187.0 740.0 210.0
face 0.47 505.0 208.0 524.0 229.0
face 0.46 858.0 203.0 892.0 241.0
face 0.46 169.0 342.0 192.0 372.0
face 0.44 758.0 209.0 773.0 228.0
face 0.44 550.0 138.0 562.0 153.0
face 0.44 148.0 330.0 193.0 400.0
face 0.42 124.0 317.0 212.0 452.0
face 0.41 640.0 305.0 686.0 361.0
face 0.38 667.0 187.0 684.0 207.0
face 0.34 693.0 197.0 705.0 210.0
face 0.33 60.0 120.0 75.0 141.0
face 0.33 764.0 214.0 794.0 256.0
face 0.33 928.0 193.0 947.0 213.0
face 0.33 984.0 202.0 1010.0 235.0
face 0.32 912.0 222.0 923.0 236.0
face 0.32 231.0 236.0 243.0 251.0
face 0.32 836.0 195.0 853.0 219.0
face 0.31 666.0 207.0 684.0 229.0
face 0.31 752.0 198.0 763.0 212.0
