face 1.00 240.0 119.0 262.0 146.0
face 1.00 553.0 137.0 572.0 160.0
face 1.00 799.0 142.0 821.0 168.0
face 0.99 345.0 139.0 366.0 166.0
face 0.96 623.0 131.0 651.0 165.0
face 0.84 584.0 146.0 610.0 180.0
face 0.82 610.0 152.0 625.0 171.0
face 0.64 456.0 280.0 476.0 303.0
face 0.56 293.0 141.0 317.0 171.0
face 0.52 18.0 581.0 102.0 683.0
face 0.51 106.0 287.0 129.0 315.0
face 0.50 427.0 541.0 445.0 565.0
face 0.46 171.0 93.0 191.0 116.0
face 0.44 311.0 234.0 324.0 252.0
face 0.40 342.0 10.0 369.0 44.0
face 0.36 451.0 73.0 468.0 95.0
face 0.33 621.0 125.0 638.0 145.0
face 0.32 106.0 442.0 122.0 459.0
face 0.32 927.0 282.0 1023.0 406.0
face 0.30 117.0 668.0 129.0 681.0
face 0.30 292.0 243.0 308.0 265.0
face 0.30 559.0 365.0 575.0 387.0
face 0.30 707.0 392.0 722.0 411.0
face 0.30 149.0 102.0 162.0 118.0
