face 1.00 881.0 241.0 898.0 260.0
face 0.80 775.0 218.0 788.0 235.0
face 0.72 912.0 235.0 925.0 253.0
face 0.66 724.0 188.0 764.0 235.0
face 0.60 259.0 149.0 500.0 422.0
face 0.57 500.0 226.0 520.0 252.0
face 0.47 763.0 197.0 777.0 214.0
face 0.44 772.0 655.0 787.0 674.0
face 0.44 916.0 231.0 928.0 245.0
face 0.41 662.0 448.0 691.0 478.0
face 0.39 409.0 227.0 423.0 244.0
face 0.33 447.0 191.0 472.0 218.0
face 0.33 457.0 242.0 473.0 261.0
face 0.32 718.0 181.0 746.0 212.0
face 0.31 821.0 244.0 836.0 262.0
