face 1.00 776.0 149.0 812.0 194.0
face 0.74 739.0 148.0 770.0 184.0
face 0.66 133.0 173.0 148.0 191.0
face 0.62 396.0 448.0 438.0 505.0
face 0.57 933.0 372.0 959.0 402.0
face 0.57 488.0 448.0 513.0 477.0
face 0.56 485.0 287.0 698.0 553.0
face 0.53 708.0 599.0 725.0 620.0
face 0.48 352.0 167.0 370.0 188.0
face 0.43 544.0 369.0 589.0 422.0
face 0.41 822.0 533.0 834.0 547.0
face 0.40 200.0 136.0 235.0 176.0
face 0.38 92.0 163.0 108.0 182.0
face 0.38 22.0 140.0 34.0 156.0
face 0.38 725.0 723.0 736.0 737.0
face 0.36 831.0 725.0 842.0 738.0
face 0.36 745.0 732.0 762.0 753.0
face 0.35 736.0 668.0 748.0 682.0
face 0.35 593.0 675.0 610.0 692.0
face 0.35 827.0 678.0 857.0 715.0
face 0.34 846.0 718.0 858.0 731.0
face 0.34 255.0 671.0 267.0 686.0
face 0.34 740.0 415.0 755.0 435.0
face 0.34 966.0 712.0 981.0 733.0
face 0.34 543.0 618.0 597.0 683.0
face 0.34 154.0 3.0 242.0 113.0
face 0.34 402.0 608.0 448.0 658.0
face 0.34 87.0 23.0 99.0 37.0
face 0.33 789.0 385.0 803.0 403.0
face 0.33 102.0 13.0 114.0 28.0
face 0.33 638.0 133.0 649.0 146.0
face 0.33 293.0 686.0 306.0 702.0
face 0.33 606.0 557.0 618.0 570.0
face 0.32 342.0 725.0 355.0 741.0
face 0.32 183.0 53.0 194.0 67.0
face 0.32 814.0 364.0 828.0 381.0
face 0.32 655.0 136.0 666.0 149.0
face 0.31 646.0 156.0 656.0 169.0
face 0.31 339.0 712.0 357.0 734.0
face 0.31 838.0 361.0 852.0 378.0
face 0.31 0.0 145.0 32.0 194.0
face 0.31 589.0 630.0 600.0 643.0
face 0.31 865.0 526.0 884.0 550.0
face 0.31 637.0 565.0 648.0 578.0
face 0.30 425.0 137.0 444.0 159.0
face 0.30 710.0 708.0 721.0 722.0
face 0.30 1004.0 515.0 1020.0 536.0
face 0.30 401.0 481.0 419.0 502.0
face 0.30 700.0 722.0 715.0 740.0
face 0.30 1006.0 432.0 1022.0 453.0
face 0.30 679.0 506.0 694.0 524.0
face 0.30 322.0 715.0 339.0 735.0
face 0.30 910.0 301.0 922.0 316.0
