face 1.00 65.0 225.0 121.0 302.0
face 1.00 487.0 48.0 707.0 323.0
face 0.96 223.0 161.0 409.0 396.0
face 0.89 425.0 160.0 485.0 253.0
face 0.83 37.0 266.0 69.0 310.0
face 0.82 201.0 838.0 233.0 874.0
face 0.75 704.0 187.0 763.0 268.0
face 0.64 404.0 489.0 529.0 621.0
face 0.63 93.0 542.0 260.0 776.0
face 0.58 862.0 919.0 904.0 975.0
face 0.39 467.0 303.0 529.0 371.0
face 0.38 99.0 794.0 226.0 933.0
face 0.32 166.0 531.0 416.0 810.0
face 0.32 843.0 118.0 860.0 139.0
face 0.31 838.0 441.0 1015.0 658.0
face 0.31 193.0 826.0 211.0 848.0
face 0.30 677.0 668.0 900.0 943.0
face 0.30 518.0 630.0 530.0 645.0
