face 1.00 656.0 486.0 679.0 514.0
face 0.94 805.0 316.0 823.0 337.0
face 0.91 420.0 508.0 439.0 531.0
face 0.91 450.0 339.0 467.0 359.0
face 0.89 866.0 349.0 884.0 372.0
face 0.87 268.0 388.0 291.0 412.0
face 0.86 430.0 590.0 453.0 620.0
face 0.77 887.0 287.0 901.0 305.0
face 0.76 852.0 191.0 866.0 210.0
face 0.72 472.0 331.0 488.0 350.0
face 0.64 418.0 404.0 439.0 425.0
face 0.62 784.0 298.0 797.0 314.0
face 0.62 800.0 255.0 813.0 271.0
face 0.59 727.0 43.0 742.0 59.0
face 0.58 808.0 236.0 819.0 250.0
face 0.56 425.0 432.0 442.0 453.0
face 0.56 614.0 125.0 626.0 139.0
face 0.52 973.0 73.0 998.0 105.0
face 0.52 581.0 540.0 596.0 559.0
face 0.51 788.0 103.0 800.0 117.0
face 0.45 375.0 316.0 387.0 333.0
face 0.45 873.0 258.0 889.0 277.0
face 0.44 364.0 323.0 379.0 341.0
face 0.43 775.0 230.0 788.0 245.0
face 0.43 789.0 351.0 806.0 376.0
face 0.43 603.0 570.0 618.0 592.0
face 0.41 329.0 407.0 342.0 423.0
face 0.41 755.0 330.0 771.0 350.0
face 0.41 670.0 112.0 682.0 125.0
face 0.40 560.0 149.0 570.0 161.0
face 0.40 413.0 315.0 428.0 334.0
face 0.40 226.0 410.0 243.0 430.0
face 0.40 350.0 365.0 377.0 400.0
face 0.39 791.0 184.0 806.0 202.0
face 0.38 549.0 90.0 564.0 110.0
face 0.38 1011.0 210.0 1024.0 231.0
face 0.38 550.0 168.0 561.0 183.0
face 0.38 772.0 273.0 791.0 295.0
face 0.37 200.0 641.0 221.0 668.0
face 0.37 892.0 348.0 908.0 368.0
face 0.36 869.0 266.0 884.0 285.0
face 0.36 822.0 536.0 874.0 598.0
face 0.35 775.0 196.0 786.0 210.0
face 0.35 380.0 322.0 395.0 341.0
face 0.35 647.0 99.0 658.0 113.0
face 0.35 550.0 142.0 561.0 154.0
face 0.35 462.0 179.0 478.0 198.0
face 0.34 720.0 240.0 746.0 271.0
face 0.33 423.0 359.0 449.0 390.0
face 0.33 410.0 345.0 425.0 363.0
face 0.33 794.0 328.0 815.0 352.0
face 0.32 849.0 540.0 872.0 572.0
face 0.32 423.0 270.0 440.0 294.0
face 0.32 348.0 428.0 365.0 448.0
face 0.31 34.0 575.0 52.0 598.0
face 0.31 910.0 98.0 927.0 117.0
face 0.31 544.0 569.0 590.0 628.0
face 0.31 495.0 164.0 506.0 178.0
face 0.31 811.0 241.0 826.0 258.0
face 0.30 665.0 466.0 684.0 487.0
face 0.30 342.0 331.0 358.0 352.0
