face 0.88 517.0 292.0 531.0 308.0
face 0.82 630.0 583.0 643.0 597.0
face 0.78 270.0 348.0 296.0 386.0
face 0.68 583.0 302.0 593.0 314.0
face 0.59 551.0 300.0 561.0 313.0
face 0.54 590.0 318.0 600.0 330.0
face 0.50 228.0 342.0 271.0 399.0
face 0.45 606.0 316.0 616.0 329.0
face 0.38 585.0 526.0 700.0 658.0
face 0.37 785.0 507.0 842.0 570.0
face 0.37 574.0 325.0 585.0 338.0
face 0.33 533.0 280.0 549.0 298.0
face 0.33 86.0 131.0 100.0 148.0
face 0.32 610.0 333.0 622.0 349.0
face 0.31 455.0 308.0 468.0 324.0
face 0.30 54.0 574.0 64.0 587.0
