face 1.00 338.0 114.0 476.0 303.0
face 0.98 818.0 1551.0 882.0 1629.0
face 0.80 897.0 1566.0 939.0 1624.0
face 0.60 511.0 515.0 525.0 532.0
face 0.48 20.0 586.0 51.0 618.0
face 0.44 69.0 592.0 95.0 620.0
face 0.44 459.0 490.0 476.0 510.0
face 0.43 570.0 517.0 587.0 540.0
face 0.41 23.0 539.0 39.0 557.0
face 0.41 999.0 442.0 1021.0 477.0
face 0.41 888.0 1594.0 902.0 1612.0
face 0.38 2.0 859.0 74.0 952.0
face 0.38 85.0 1154.0 103.0 1180.0
face 0.37 70.0 785.0 94.0 817.0
face 0.34 86.0 779.0 145.0 851.0
face 0.33 461.0 457.0 477.0 481.0
face 0.32 83.0 594.0 100.0 614.0
face 0.32 450.0 861.0 632.0 1080.0
face 0.32 597.0 1554.0 615.0 1575.0
face 0.31 37.0 557.0 50.0 573.0
