face 1.00 322.0 230.0 364.0 281.0
face 1.00 163.0 249.0 213.0 309.0
face 1.00 422.0 151.0 463.0 201.0
face 1.00 641.0 197.0 695.0 263.0
face 1.00 47.0 237.0 98.0 315.0
face 0.99 930.0 222.0 974.0 273.0
face 0.98 618.0 138.0 653.0 183.0
face 0.73 275.0 395.0 291.0 414.0
face 0.68 797.0 146.0 888.0 254.0
face 0.64 500.0 519.0 529.0 555.0
face 0.43 105.0 409.0 125.0 435.0
face 0.33 526.0 41.0 571.0 102.0
face 0.32 139.0 450.0 158.0 472.0
face 0.31 904.0 236.0 929.0 265.0
face 0.31 80.0 420.0 161.0 501.0
