face 1.00 245.0 96.0 320.0 210.0
face 1.00 671.0 59.0 749.0 145.0
face 0.71 329.0 405.0 355.0 433.0
face 0.70 431.0 308.0 443.0 323.0
face 0.64 416.0 300.0 432.0 319.0
face 0.58 338.0 481.0 357.0 502.0
face 0.56 346.0 514.0 360.0 530.0
face 0.52 391.0 348.0 404.0 362.0
face 0.51 275.0 268.0 289.0 284.0
face 0.49 597.0 224.0 654.0 292.0
face 0.48 363.0 360.0 379.0 378.0
face 0.47 178.0 215.0 196.0 236.0
face 0.46 653.0 344.0 679.0 376.0
face 0.46 311.0 381.0 326.0 401.0
face 0.46 687.0 359.0 708.0 390.0
face 0.44 355.0 409.0 388.0 449.0
face 0.44 422.0 383.0 433.0 398.0
face 0.44 328.0 234.0 345.0 253.0
face 0.44 796.0 230.0 808.0 244.0
face 0.43 426.0 430.0 439.0 447.0
face 0.40 431.0 356.0 442.0 369.0
face 0.38 815.0 524.0 829.0 541.0
face 0.37 277.0 286.0 289.0 300.0
face 0.37 634.0 191.0 650.0 210.0
face 0.36 707.0 231.0 725.0 253.0
face 0.36 388.0 386.0 411.0 413.0
face 0.36 604.0 258.0 636.0 293.0
face 0.36 770.0 118.0 790.0 144.0
face 0.35 789.0 234.0 806.0 256.0
face 0.35 808.0 239.0 819.0 253.0
face 0.34 399.0 434.0 414.0 452.0
face 0.34 681.0 44.0 706.0 84.0
face 0.34 368.0 265.0 384.0 284.0
face 0.34 339.0 321.0 354.0 338.0
face 0.33 316.0 545.0 345.0 574.0
face 0.33 761.0 141.0 779.0 165.0
face 0.33 823.0 145.0 839.0 166.0
face 0.33 789.0 357.0 805.0 375.0
face 0.32 737.0 426.0 755.0 451.0
face 0.32 686.0 294.0 697.0 308.0
face 0.32 651.0 360.0 669.0 383.0
face 0.32 351.0 584.0 379.0 616.0
face 0.32 339.0 532.0 355.0 550.0
face 0.32 199.0 164.0 228.0 196.0
face 0.31 808.0 222.0 820.0 235.0
face 0.31 679.0 220.0 690.0 233.0
face 0.31 782.0 469.0 793.0 482.0
face 0.31 398.0 486.0 411.0 501.0
face 0.31 294.0 532.0 320.0 562.0
face 0.31 766.0 478.0 777.0 490.0
face 0.31 703.0 509.0 714.0 523.0
face 0.30 708.0 499.0 724.0 519.0
face 0.30 405.0 245.0 420.0 265.0
