face 1.00 628.0 29.0 685.0 109.0
face 1.00 392.0 33.0 450.0 115.0
face 1.00 125.0 28.0 185.0 119.0
face 0.98 864.0 47.0 925.0 129.0
face 0.87 77.0 332.0 137.0 396.0
face 0.72 451.0 153.0 467.0 175.0
face 0.67 318.0 147.0 354.0 192.0
face 0.60 297.0 175.0 328.0 211.0
face 0.53 434.0 141.0 452.0 163.0
face 0.45 357.0 126.0 370.0 140.0
face 0.45 89.0 316.0 185.0 427.0
face 0.41 472.0 198.0 498.0 234.0
face 0.41 480.0 180.0 504.0 208.0
face 0.40 84.0 228.0 99.0 246.0
face 0.37 96.0 249.0 123.0 281.0
face 0.35 76.0 344.0 106.0 383.0
face 0.35 1001.0 396.0 1018.0 416.0
face 0.34 819.0 438.0 837.0 459.0
face 0.32 146.0 352.0 162.0 374.0
face 0.32 338.0 138.0 355.0 158.0
