face 1.00 462.0 146.0 603.0 327.0
face 0.84 763.0 1026.0 784.0 1053.0
face 0.54 725.0 1571.0 754.0 1605.0
face 0.51 860.0 185.0 877.0 206.0
face 0.49 810.0 1434.0 843.0 1468.0
face 0.47 844.0 589.0 855.0 603.0
face 0.46 899.0 669.0 914.0 687.0
face 0.46 774.0 65.0 807.0 103.0
face 0.46 574.0 319.0 614.0 374.0
face 0.44 825.0 350.0 843.0 370.0
face 0.43 253.0 251.0 265.0 266.0
face 0.41 796.0 63.0 826.0 96.0
face 0.41 893.0 181.0 907.0 199.0
face 0.39 85.0 1483.0 102.0 1504.0
face 0.39 766.0 830.0 780.0 848.0
face 0.39 277.0 1548.0 288.0 1561.0
face 0.39 663.0 295.0 674.0 310.0
face 0.38 504.0 1710.0 527.0 1737.0
face 0.37 624.0 1514.0 651.0 1550.0
face 0.37 611.0 126.0 636.0 157.0
face 0.37 1009.0 1072.0 1024.0 1093.0
face 0.37 843.0 1586.0 892.0 1651.0
face 0.36 258.0 276.0 275.0 296.0
face 0.36 362.0 281.0 404.0 332.0
face 0.36 255.0 1515.0 271.0 1534.0
face 0.36 497.0 28.0 545.0 100.0
face 0.35 406.0 1615.0 431.0 1646.0
face 0.35 160.0 1598.0 189.0 1628.0
face 0.35 783.0 419.0 795.0 433.0
face 0.35 941.0 661.0 953.0 675.0
face 0.35 781.0 703.0 796.0 722.0
face 0.34 502.0 51.0 518.0 73.0
face 0.34 694.0 1559.0 758.0 1624.0
face 0.33 1006.0 427.0 1019.0 443.0
face 0.33 353.0 1646.0 370.0 1665.0
face 0.33 111.0 1550.0 123.0 1564.0
face 0.33 84.0 20.0 101.0 42.0
face 0.33 317.0 340.0 351.0 382.0
face 0.33 554.0 1698.0 574.0 1723.0
face 0.32 397.0 306.0 414.0 327.0
face 0.32 410.0 1692.0 427.0 1711.0
face 0.32 759.0 35.0 774.0 52.0
face 0.32 504.0 1653.0 536.0 1687.0
face 0.32 205.0 1652.0 220.0 1669.0
face 0.32 995.0 1644.0 1024.0 1678.0
face 0.31 400.0 1660.0 411.0 1672.0
face 0.31 818.0 238.0 835.0 259.0
face 0.31 397.0 142.0 409.0 157.0
face 0.31 867.0 1163.0 885.0 1185.0
face 0.31 734.0 46.0 744.0 58.0
face 0.31 720.0 60.0 731.0 73.0
face 0.31 761.0 1678.0 794.0 1714.0
face 0.31 793.0 358.0 816.0 385.0
face 0.31 407.0 124.0 418.0 137.0
face 0.31 1005.0 887.0 1023.0 911.0
face 0.30 114.0 1559.0 131.0 1580.0
face 0.30 894.0 699.0 908.0 718.0
face 0.30 997.0 141.0 1010.0 157.0
face 0.30 87.0 1580.0 98.0 1594.0
