face 1.00 935.0 36.0 962.0 73.0
face 1.00 561.0 27.0 626.0 109.0
face 1.00 999.0 22.0 1022.0 56.0
face 0.99 263.0 13.0 364.0 80.0
face 0.75 845.0 33.0 902.0 109.0
face 0.65 167.0 611.0 231.0 692.0
face 0.45 791.0 346.0 808.0 368.0
face 0.40 92.0 598.0 141.0 652.0
face 0.39 760.0 290.0 954.0 512.0
face 0.36 82.0 188.0 131.0 253.0
face 0.36 328.0 572.0 422.0 699.0
face 0.34 595.0 267.0 630.0 304.0
face 0.33 257.0 692.0 293.0 728.0
face 0.31 737.0 269.0 750.0 285.0
face 0.30 791.0 297.0 819.0 331.0
face 0.30 895.0 309.0 907.0 323.0
face 0.30 197.0 668.0 214.0 688.0
