face 1.00 607.0 44.0 666.0 120.0
face 1.00 793.0 29.0 855.0 119.0
face 1.00 279.0 87.0 380.0 251.0
face 0.96 633.0 2.0 677.0 46.0
face 0.75 627.0 324.0 737.0 472.0
face 0.72 962.0 0.0 978.0 17.0
face 0.63 495.0 49.0 519.0 78.0
face 0.59 891.0 5.0 906.0 23.0
face 0.57 908.0 68.0 925.0 92.0
face 0.48 684.0 57.0 701.0 80.0
face 0.47 518.0 67.0 532.0 85.0
face 0.45 543.0 66.0 564.0 95.0
face 0.44 764.0 27.0 781.0 46.0
face 0.41 710.0 49.0 724.0 68.0
face 0.41 936.0 68.0 951.0 85.0
face 0.41 767.0 107.0 782.0 125.0
face 0.37 699.0 67.0 715.0 87.0
face 0.36 395.0 488.0 454.0 569.0
face 0.35 591.0 -1.0 603.0 12.0
face 0.34 582.0 67.0 597.0 87.0
face 0.34 693.0 0.0 706.0 13.0
face 0.33 499.0 18.0 515.0 40.0
face 0.33 526.0 82.0 542.0 102.0
face 0.32 658.0 4.0 677.0 26.0
face 0.32 757.0 21.0 773.0 39.0
face 0.30 597.0 21.0 614.0 41.0
