face 1.00 181.0 322.0 260.0 430.0
face 1.00 864.0 307.0 941.0 408.0
face 1.00 351.0 303.0 429.0 407.0
face 0.67 252.0 708.0 275.0 736.0
face 0.63 942.0 1090.0 972.0 1123.0
face 0.58 -6.0 515.0 92.0 680.0
face 0.51 129.0 855.0 165.0 892.0
face 0.50 590.0 718.0 762.0 932.0
face 0.45 969.0 1068.0 989.0 1098.0
face 0.43 293.0 542.0 307.0 561.0
face 0.40 742.0 843.0 754.0 860.0
face 0.39 694.0 134.0 727.0 175.0
face 0.37 316.0 561.0 331.0 581.0
face 0.37 950.0 912.0 998.0 968.0
face 0.36 750.0 838.0 775.0 870.0
face 0.36 237.0 1014.0 254.0 1037.0
face 0.35 421.0 46.0 487.0 115.0
face 0.34 391.0 812.0 402.0 826.0
face 0.34 -1.0 1277.0 26.0 1316.0
face 0.33 800.0 813.0 851.0 878.0
face 0.30 396.0 16.0 467.0 94.0
face 0.30 238.0 764.0 252.0 781.0
