face 1.00 787.0 670.0 943.0 886.0
face 0.99 235.0 432.0 683.0 798.0
face 0.96 244.0 807.0 437.0 1005.0
face 0.90 4.0 561.0 103.0 818.0
face 0.83 280.0 4.0 313.0 36.0
face 0.76 564.0 217.0 807.0 491.0
face 0.76 199.0 834.0 316.0 1002.0
face 0.51 748.0 126.0 786.0 171.0
face 0.50 78.0 924.0 102.0 955.0
face 0.46 90.0 907.0 121.0 950.0
face 0.46 136.0 441.0 169.0 485.0
face 0.44 943.0 745.0 998.0 809.0
face 0.40 982.0 57.0 1010.0 92.0
face 0.40 401.0 10.0 451.0 69.0
face 0.40 321.0 303.0 630.0 600.0
face 0.36 283.0 972.0 339.0 1021.0
face 0.36 749.0 0.0 767.0 20.0
face 0.35 232.0 806.0 286.0 878.0
face 0.31 363.0 10.0 420.0 70.0
face 0.30 798.0 684.0 828.0 718.0
