face 1.00 442.0 121.0 604.0 341.0
face 0.85 895.0 312.0 922.0 346.0
face 0.79 778.0 1942.0 856.0 2028.0
face 0.70 436.0 799.0 451.0 819.0
face 0.70 204.0 953.0 263.0 1017.0
face 0.66 544.0 523.0 563.0 550.0
face 0.50 842.0 1906.0 862.0 1934.0
face 0.48 571.0 1102.0 591.0 1132.0
face 0.48 567.0 1009.0 584.0 1028.0
face 0.44 630.0 468.0 646.0 487.0
face 0.40 419.0 797.0 435.0 820.0
face 0.39 388.0 1957.0 405.0 1977.0
face 0.38 566.0 1393.0 751.0 1614.0
face 0.36 361.0 1812.0 381.0 1834.0
face 0.35 426.0 237.0 448.0 269.0
face 0.35 831.0 1843.0 851.0 1873.0
face 0.35 561.0 1196.0 752.0 1438.0
face 0.34 270.0 1107.0 283.0 1125.0
face 0.34 637.0 1107.0 653.0 1132.0
face 0.34 430.0 707.0 458.0 739.0
face 0.33 418.0 1853.0 433.0 1875.0
face 0.31 790.0 1831.0 805.0 1850.0
face 0.31 393.0 1384.0 410.0 1407.0
face 0.31 443.0 1035.0 460.0 1055.0
face 0.30 354.0 1904.0 429.0 1983.0
