face 1.00 864.0 41.0 949.0 161.0
face 1.00 343.0 46.0 418.0 150.0
face 1.00 604.0 40.0 676.0 146.0
face 1.00 88.0 27.0 171.0 135.0
face 0.53 270.0 426.0 331.0 513.0
face 0.52 75.0 464.0 86.0 477.0
face 0.51 180.0 423.0 190.0 435.0
face 0.48 184.0 685.0 195.0 699.0
face 0.44 147.0 582.0 158.0 595.0
face 0.43 992.0 387.0 1003.0 402.0
face 0.43 166.0 678.0 176.0 690.0
face 0.42 141.0 463.0 152.0 476.0
face 0.41 650.0 229.0 674.0 258.0
face 0.40 88.0 560.0 98.0 572.0
face 0.38 170.0 639.0 180.0 651.0
face 0.38 215.0 511.0 226.0 524.0
face 0.36 950.0 332.0 963.0 347.0
face 0.36 166.0 565.0 177.0 578.0
face 0.35 104.0 406.0 114.0 418.0
face 0.35 178.0 374.0 188.0 387.0
face 0.34 112.0 207.0 123.0 219.0
face 0.33 193.0 469.0 206.0 484.0
face 0.33 678.0 516.0 692.0 531.0
face 0.33 93.0 589.0 105.0 605.0
face 0.33 76.0 232.0 88.0 247.0
face 0.33 70.0 527.0 81.0 539.0
face 0.32 86.0 181.0 98.0 194.0
face 0.32 1013.0 662.0 1024.0 676.0
face 0.32 113.0 478.0 123.0 491.0
face 0.32 190.0 407.0 200.0 419.0
face 0.32 182.0 301.0 193.0 314.0
face 0.31 175.0 596.0 186.0 608.0
face 0.31 162.0 509.0 173.0 522.0
face 0.31 151.0 535.0 161.0 547.0
face 0.31 104.0 198.0 114.0 210.0
face 0.30 160.0 581.0 170.0 594.0
face 0.30 190.0 526.0 201.0 540.0
face 0.30 512.0 462.0 547.0 510.0
face 0.30 88.0 197.0 98.0 209.0
face 0.30 157.0 662.0 167.0 674.0
face 0.30 167.0 596.0 178.0 609.0
