face 1.00 366.0 239.0 677.0 567.0
face 1.00 23.0 380.0 159.0 545.0
face 1.00 742.0 410.0 811.0 495.0
face 0.97 168.0 970.0 286.0 1117.0
face 0.73 850.0 695.0 907.0 767.0
face 0.62 200.0 498.0 381.0 699.0
face 0.57 781.0 271.0 809.0 303.0
face 0.46 706.0 362.0 725.0 382.0
face 0.41 665.0 1240.0 785.0 1381.0
face 0.39 909.0 446.0 934.0 478.0
face 0.37 161.0 584.0 177.0 604.0
face 0.36 894.0 388.0 922.0 424.0
face 0.36 598.0 476.0 694.0 573.0
face 0.34 981.0 602.0 1026.0 667.0
face 0.31 226.0 163.0 252.0 196.0
face 0.31 227.0 65.0 349.0 220.0
face 0.30 808.0 320.0 827.0 342.0
