face 1.00 192.0 61.0 272.0 175.0
face 1.00 724.0 65.0 791.0 165.0
face 0.84 13.0 531.0 26.0 547.0
face 0.70 709.0 867.0 725.0 886.0
face 0.47 681.0 525.0 696.0 544.0
face 0.46 10.0 76.0 31.0 99.0
face 0.43 796.0 336.0 811.0 354.0
face 0.41 292.0 487.0 305.0 502.0
face 0.38 13.0 130.0 28.0 150.0
face 0.37 189.0 596.0 236.0 656.0
face 0.33 305.0 110.0 316.0 123.0
face 0.33 157.0 566.0 174.0 587.0
face 0.32 171.0 364.0 189.0 384.0
face 0.32 350.0 485.0 362.0 500.0
face 0.31 8.0 340.0 22.0 358.0
face 0.31 63.0 741.0 78.0 760.0
face 0.31 104.0 398.0 118.0 415.0
