face 1.00 427.0 148.0 521.0 288.0
face 0.79 893.0 714.0 906.0 731.0
face 0.59 538.0 948.0 552.0 965.0
face 0.56 953.0 1315.0 964.0 1328.0
face 0.56 492.0 1310.0 504.0 1324.0
face 0.49 942.0 182.0 954.0 195.0
face 0.49 934.0 1301.0 946.0 1317.0
face 0.46 174.0 1221.0 185.0 1235.0
face 0.40 144.0 371.0 172.0 405.0
face 0.40 413.0 43.0 429.0 62.0
face 0.38 271.0 1075.0 281.0 1089.0
face 0.35 908.0 1229.0 924.0 1248.0
face 0.34 1009.0 1005.0 1023.0 1022.0
face 0.34 844.0 340.0 927.0 458.0
face 0.34 626.0 1204.0 642.0 1223.0
face 0.34 136.0 425.0 184.0 484.0
face 0.34 934.0 474.0 946.0 490.0
face 0.33 535.0 901.0 546.0 914.0
face 0.33 909.0 0.0 921.0 12.0
face 0.33 917.0 1325.0 928.0 1339.0
face 0.32 143.0 -1.0 172.0 30.0
face 0.32 565.0 620.0 591.0 650.0
face 0.31 78.0 245.0 90.0 259.0
face 0.31 624.0 1192.0 636.0 1206.0
face 0.31 934.0 1223.0 946.0 1236.0
face 0.31 110.0 293.0 124.0 312.0
face 0.31 6.0 1303.0 17.0 1316.0
face 0.30 901.0 1173.0 912.0 1187.0
face 0.30 650.0 564.0 672.0 594.0
