face 1.00 724.0 217.0 803.0 317.0
face 1.00 267.0 295.0 302.0 336.0
face 1.00 439.0 114.0 569.0 295.0
face 1.00 254.0 170.0 282.0 207.0
face 1.00 638.0 261.0 670.0 300.0
face 1.00 571.0 288.0 628.0 365.0
face 1.00 906.0 278.0 942.0 322.0
face 1.00 866.0 242.0 898.0 280.0
face 0.98 739.0 647.0 828.0 736.0
face 0.97 999.0 252.0 1025.0 292.0
face 0.96 681.0 183.0 713.0 221.0
face 0.96 223.0 240.0 253.0 276.0
face 0.65 356.0 222.0 388.0 259.0
face 0.65 469.0 1471.0 496.0 1499.0
face 0.63 637.0 892.0 696.0 944.0
face 0.46 849.0 295.0 870.0 319.0
face 0.40 222.0 303.0 245.0 334.0
face 0.39 54.0 243.0 120.0 359.0
face 0.33 664.0 873.0 700.0 917.0
face 0.32 306.0 250.0 367.0 312.0
face 0.32 992.0 306.0 1006.0 322.0
face 0.31 348.0 1137.0 513.0 1348.0
face 0.31 457.0 1409.0 475.0 1431.0
