face 1.00 540.0 219.0 647.0 439.0
face 0.56 129.0 90.0 153.0 118.0
face 0.48 201.0 15.0 214.0 31.0
face 0.47 948.0 394.0 1023.0 519.0
face 0.42 531.0 874.0 674.0 1020.0
face 0.38 348.0 713.0 450.0 855.0
face 0.37 17.0 363.0 67.0 428.0
face 0.36 227.0 329.0 246.0 349.0
face 0.34 739.0 1033.0 1016.0 1312.0
face 0.34 881.0 278.0 905.0 306.0
face 0.33 529.0 51.0 547.0 71.0
face 0.33 1010.0 237.0 1024.0 257.0
face 0.32 901.0 266.0 919.0 288.0
face 0.32 62.0 219.0 87.0 251.0
face 0.32 574.0 486.0 845.0 766.0
face 0.31 740.0 123.0 754.0 142.0
face 0.31 774.0 189.0 785.0 203.0
face 0.30 104.0 420.0 135.0 456.0
face 0.30 644.0 175.0 659.0 194.0
