face 1.00 595.0 144.0 762.0 349.0
face 1.00 184.0 166.0 232.0 266.0
face 0.72 972.0 188.0 998.0 225.0
face 0.53 856.0 199.0 879.0 235.0
face 0.49 917.0 142.0 959.0 199.0
face 0.46 333.0 578.0 376.0 636.0
face 0.40 479.0 203.0 495.0 224.0
face 0.38 469.0 259.0 505.0 307.0
face 0.37 765.0 72.0 782.0 96.0
face 0.37 930.0 217.0 961.0 254.0
face 0.35 266.0 725.0 299.0 764.0
face 0.35 150.0 844.0 178.0 887.0
face 0.34 871.0 101.0 883.0 115.0
face 0.33 939.0 155.0 958.0 180.0
face 0.31 345.0 653.0 397.0 709.0
