face 1.00 225.0 133.0 333.0 281.0
face 1.00 738.0 254.0 849.0 401.0
face 0.97 646.0 210.0 691.0 302.0
face 0.84 960.0 423.0 989.0 460.0
face 0.59 296.0 636.0 390.0 744.0
face 0.59 169.0 1432.0 287.0 1535.0
face 0.53 982.0 290.0 994.0 305.0
face 0.51 403.0 1419.0 428.0 1451.0
face 0.51 895.0 824.0 998.0 955.0
face 0.46 593.0 289.0 609.0 308.0
face 0.43 940.0 995.0 956.0 1016.0
face 0.39 943.0 330.0 959.0 351.0
face 0.37 940.0 301.0 957.0 323.0
face 0.36 56.0 466.0 82.0 500.0
face 0.35 970.0 470.0 1001.0 507.0
face 0.35 599.0 293.0 626.0 323.0
face 0.34 778.0 1529.0 792.0 1545.0
face 0.33 852.0 290.0 893.0 348.0
face 0.32 896.0 554.0 911.0 573.0
face 0.32 580.0 462.0 595.0 480.0
face 0.32 918.0 310.0 929.0 323.0
face 0.32 921.0 219.0 938.0 240.0
face 0.32 808.0 922.0 922.0 1046.0
face 0.32 299.0 533.0 314.0 551.0
face 0.31 309.0 1353.0 333.0 1380.0
face 0.31 918.0 582.0 928.0 593.0
face 0.31 121.0 164.0 224.0 297.0
face 0.30 890.0 67.0 915.0 100.0
face 0.30 269.0 515.0 284.0 533.0
