face 1.00 702.0 161.0 778.0 263.0
face 1.00 266.0 58.0 358.0 173.0
face 0.96 783.0 155.0 797.0 174.0
face 0.77 363.0 224.0 392.0 261.0
face 0.69 321.0 245.0 364.0 291.0
face 0.62 282.0 445.0 306.0 474.0
face 0.49 339.0 1068.0 389.0 1136.0
face 0.46 268.0 221.0 300.0 266.0
face 0.45 328.0 508.0 355.0 540.0
face 0.43 382.0 348.0 407.0 380.0
face 0.41 324.0 508.0 339.0 529.0
face 0.41 183.0 362.0 208.0 397.0
face 0.41 413.0 397.0 430.0 419.0
face 0.41 99.0 1053.0 189.0 1141.0
face 0.38 179.0 411.0 195.0 432.0
face 0.38 266.0 201.0 283.0 225.0
face 0.37 269.0 548.0 282.0 564.0
face 0.37 238.0 543.0 285.0 593.0
face 0.34 588.0 756.0 603.0 776.0
face 0.34 295.0 524.0 344.0 582.0
face 0.33 348.0 570.0 365.0 590.0
face 0.32 358.0 388.0 371.0 404.0
face 0.31 696.0 665.0 905.0 902.0
face 0.31 131.0 1075.0 150.0 1096.0
face 0.31 337.0 231.0 376.0 276.0
face 0.30 326.0 348.0 339.0 365.0
face 0.30 283.0 285.0 302.0 307.0
