face 1.00 164.0 170.0 256.0 293.0
face 1.00 478.0 161.0 538.0 244.0
face 1.00 235.0 124.0 297.0 207.0
face 1.00 694.0 81.0 792.0 228.0
face 0.79 212.0 667.0 226.0 683.0
face 0.70 282.0 181.0 310.0 214.0
face 0.61 630.0 198.0 642.0 213.0
face 0.41 244.0 376.0 261.0 397.0
face 0.39 -1.0 226.0 24.0 271.0
face 0.36 254.0 351.0 265.0 364.0
face 0.35 19.0 408.0 63.0 475.0
face 0.34 41.0 352.0 67.0 385.0
face 0.33 236.0 174.0 262.0 211.0
face 0.33 568.0 190.0 582.0 206.0
face 0.33 254.0 330.0 269.0 346.0
face 0.32 217.0 164.0 268.0 240.0
face 0.32 262.0 174.0 288.0 206.0
face 0.30 573.0 196.0 585.0 211.0
