face 1.00 320.0 388.0 348.0 424.0
face 1.00 607.0 449.0 660.0 542.0
face 0.58 460.0 376.0 493.0 414.0
face 0.52 374.0 339.0 388.0 359.0
face 0.51 347.0 378.0 363.0 397.0
face 0.50 119.0 217.0 140.0 246.0
face 0.50 445.0 379.0 461.0 400.0
face 0.40 619.0 376.0 636.0 399.0
face 0.39 629.0 495.0 658.0 538.0
face 0.38 818.0 564.0 850.0 601.0
face 0.36 649.0 688.0 676.0 721.0
face 0.35 413.0 341.0 424.0 354.0
face 0.34 172.0 333.0 198.0 366.0
face 0.33 413.0 301.0 425.0 315.0
face 0.32 388.0 337.0 402.0 355.0
face 0.31 276.0 337.0 293.0 360.0
face 0.31 180.0 401.0 198.0 426.0
