face 1.00 643.0 87.0 714.0 168.0
face 0.97 572.0 124.0 638.0 205.0
face 0.96 833.0 116.0 879.0 204.0
face 0.67 956.0 97.0 1012.0 167.0
face 0.58 150.0 271.0 163.0 288.0
face 0.51 533.0 222.0 561.0 257.0
face 0.46 472.0 99.0 514.0 162.0
face 0.41 440.0 81.0 493.0 153.0
face 0.38 831.0 189.0 855.0 221.0
face 0.35 707.0 229.0 732.0 260.0
face 0.35 750.0 143.0 771.0 173.0
face 0.34 477.0 102.0 495.0 127.0
face 0.32 401.0 73.0 448.0 123.0
face 0.31 376.0 107.0 397.0 136.0
face 0.30 756.0 139.0 813.0 207.0
