face 0.69 164.0 43.0 183.0 67.0
face 0.56 480.0 160.0 506.0 203.0
face 0.55 61.0 77.0 72.0 89.0
face 0.45 131.0 102.0 149.0 125.0
face 0.44 221.0 40.0 232.0 54.0
face 0.42 248.0 132.0 259.0 146.0
face 0.42 258.0 262.0 273.0 280.0
face 0.41 408.0 281.0 422.0 299.0
face 0.40 307.0 186.0 325.0 207.0
face 0.39 322.0 184.0 339.0 206.0
face 0.38 189.0 173.0 200.0 186.0
face 0.37 279.0 287.0 290.0 300.0
face 0.37 120.0 114.0 147.0 148.0
face 0.36 77.0 77.0 88.0 89.0
face 0.36 189.0 309.0 201.0 324.0
face 0.35 362.0 309.0 381.0 330.0
face 0.35 277.0 70.0 289.0 84.0
face 0.35 239.0 117.0 250.0 131.0
face 0.35 291.0 268.0 308.0 290.0
face 0.35 377.0 306.0 392.0 326.0
face 0.35 214.0 159.0 225.0 172.0
face 0.34 870.0 469.0 887.0 488.0
face 0.34 290.0 166.0 316.0 194.0
face 0.34 271.0 197.0 283.0 211.0
face 0.34 296.0 310.0 306.0 322.0
face 0.34 325.0 270.0 336.0 284.0
face 0.34 199.0 158.0 209.0 170.0
face 0.33 294.0 405.0 306.0 420.0
face 0.33 239.0 172.0 250.0 185.0
face 0.33 54.0 110.0 65.0 124.0
face 0.33 513.0 462.0 545.0 500.0
face 0.32 223.0 309.0 234.0 323.0
face 0.32 261.0 286.0 271.0 298.0
face 0.32 104.0 324.0 114.0 337.0
face 0.32 232.0 133.0 242.0 146.0
face 0.32 128.0 132.0 139.0 146.0
face 0.32 215.0 110.0 226.0 123.0
face 0.31 277.0 262.0 295.0 284.0
face 0.31 262.0 333.0 271.0 345.0
face 0.31 311.0 316.0 322.0 329.0
face 0.31 284.0 33.0 307.0 61.0
face 0.31 86.0 86.0 97.0 99.0
face 0.31 223.0 172.0 234.0 185.0
face 0.30 241.0 335.0 251.0 347.0
face 0.30 296.0 69.0 307.0 83.0
face 0.30 315.0 306.0 330.0 326.0
face 0.30 318.0 228.0 330.0 243.0
face 0.30 280.0 422.0 293.0 437.0
