face 1.00 287.0 306.0 330.0 368.0
face 1.00 879.0 90.0 931.0 164.0
face 1.00 622.0 94.0 670.0 167.0
face 0.98 486.0 90.0 541.0 154.0
face 0.97 343.0 126.0 367.0 155.0
face 0.96 645.0 315.0 725.0 417.0
face 0.54 231.0 91.0 271.0 147.0
face 0.48 740.0 139.0 752.0 154.0
face 0.44 247.0 98.0 303.0 163.0
face 0.43 796.0 613.0 819.0 641.0
face 0.42 963.0 448.0 979.0 466.0
face 0.42 340.0 532.0 358.0 553.0
face 0.34 878.0 127.0 894.0 150.0
face 0.34 212.0 195.0 233.0 224.0
face 0.33 868.0 485.0 893.0 515.0
face 0.33 848.0 444.0 862.0 461.0
face 0.32 217.0 355.0 235.0 375.0
face 0.31 191.0 157.0 205.0 175.0
face 0.31 326.0 537.0 351.0 566.0
face 0.30 790.0 580.0 805.0 597.0
face 0.30 300.0 0.0 314.0 12.0
face 0.30 308.0 155.0 325.0 175.0
