face 0.93 675.0 69.0 710.0 111.0
face 0.49 46.0 284.0 71.0 321.0
face 0.44 10.0 219.0 26.0 237.0
face 0.41 148.0 152.0 164.0 172.0
face 0.41 100.0 119.0 114.0 137.0
face 0.38 602.0 294.0 703.0 405.0
face 0.36 33.0 228.0 45.0 243.0
face 0.35 189.0 395.0 201.0 411.0
face 0.35 148.0 406.0 170.0 433.0
face 0.34 138.0 98.0 156.0 118.0
face 0.34 7.0 192.0 38.0 230.0
face 0.33 21.0 333.0 32.0 347.0
face 0.32 126.0 145.0 140.0 163.0
face 0.31 125.0 77.0 137.0 91.0
face 0.31 134.0 355.0 146.0 371.0
face 0.31 173.0 373.0 201.0 406.0
face 0.31 487.0 283.0 504.0 303.0
face 0.31 45.0 133.0 57.0 148.0
face 0.31 46.0 233.0 62.0 253.0
face 0.31 132.0 139.0 150.0 160.0
face 0.30 57.0 359.0 75.0 383.0
face 0.30 134.0 233.0 150.0 254.0
face 0.30 103.0 45.0 115.0 60.0
