face 0.93 200.0 58.0 251.0 131.0
face 0.90 394.0 91.0 448.0 163.0
face 0.47 263.0 268.0 278.0 288.0
face 0.47 179.0 302.0 197.0 324.0
face 0.47 416.0 621.0 441.0 652.0
face 0.47 962.0 214.0 979.0 234.0
face 0.41 839.0 238.0 852.0 252.0
face 0.37 927.0 197.0 939.0 212.0
face 0.35 912.0 206.0 922.0 218.0
face 0.33 823.0 358.0 888.0 440.0
face 0.33 543.0 63.0 554.0 76.0
face 0.32 932.0 194.0 947.0 213.0
face 0.32 830.0 249.0 844.0 268.0
face 0.31 922.0 509.0 941.0 529.0
face 0.30 877.0 395.0 890.0 410.0
face 0.30 15.0 181.0 27.0 195.0
