face 1.00 430.0 324.0 674.0 647.0
face 0.89 216.0 1251.0 244.0 1284.0
face 0.58 186.0 1081.0 243.0 1140.0
face 0.50 604.0 781.0 883.0 1057.0
face 0.46 214.0 1291.0 240.0 1323.0
face 0.45 251.0 1255.0 301.0 1322.0
face 0.45 802.0 968.0 928.0 1126.0
face 0.43 970.0 1513.0 985.0 1529.0
face 0.38 289.0 428.0 380.0 565.0
face 0.38 943.0 563.0 959.0 583.0
face 0.37 404.0 1249.0 423.0 1271.0
face 0.37 159.0 594.0 275.0 737.0
face 0.37 446.0 981.0 473.0 1012.0
face 0.35 877.0 140.0 892.0 158.0
face 0.35 488.0 893.0 533.0 964.0
face 0.34 831.0 172.0 842.0 187.0
face 0.33 477.0 158.0 730.0 455.0
face 0.33 344.0 1209.0 369.0 1240.0
face 0.31 126.0 874.0 324.0 1105.0
face 0.30 305.0 476.0 327.0 506.0
face 0.30 365.0 1232.0 383.0 1255.0
face 0.30 125.0 1249.0 149.0 1280.0
