face 1.00 367.0 166.0 433.0 261.0
face 0.99 558.0 306.0 618.0 377.0
face 0.73 615.0 247.0 658.0 320.0
face 0.71 169.0 287.0 217.0 337.0
face 0.65 627.0 451.0 642.0 468.0
face 0.59 852.0 191.0 959.0 326.0
face 0.44 806.0 107.0 821.0 127.0
face 0.43 574.0 136.0 605.0 170.0
face 0.43 958.0 65.0 985.0 100.0
face 0.43 230.0 368.0 275.0 423.0
face 0.40 513.0 393.0 531.0 415.0
face 0.40 1007.0 308.0 1019.0 323.0
face 0.39 573.0 484.0 591.0 505.0
face 0.37 223.0 275.0 250.0 306.0
face 0.35 259.0 519.0 278.0 542.0
face 0.34 591.0 145.0 616.0 171.0
face 0.34 921.0 474.0 976.0 531.0
face 0.33 217.0 400.0 233.0 421.0
face 0.33 735.0 312.0 752.0 334.0
face 0.33 918.0 596.0 944.0 626.0
face 0.32 455.0 433.0 471.0 452.0
face 0.32 540.0 475.0 571.0 511.0
face 0.31 826.0 223.0 893.0 322.0
