face 1.00 872.0 482.0 930.0 555.0
face 0.99 866.0 213.0 894.0 254.0
face 0.99 504.0 0.0 551.0 68.0
face 0.90 327.0 51.0 359.0 89.0
face 0.90 997.0 233.0 1020.0 261.0
face 0.88 944.0 222.0 967.0 258.0
face 0.82 441.0 367.0 474.0 413.0
face 0.80 103.0 183.0 119.0 205.0
face 0.71 602.0 265.0 630.0 301.0
face 0.69 686.0 126.0 697.0 140.0
face 0.64 165.0 231.0 179.0 249.0
face 0.63 156.0 181.0 172.0 203.0
face 0.60 502.0 1.0 527.0 25.0
face 0.56 741.0 43.0 755.0 62.0
face 0.55 218.0 16.0 235.0 40.0
face 0.49 981.0 563.0 993.0 577.0
face 0.44 840.0 339.0 859.0 360.0
face 0.43 961.0 457.0 998.0 512.0
face 0.39 1009.0 414.0 1024.0 437.0
face 0.38 229.0 336.0 244.0 354.0
face 0.38 147.0 211.0 164.0 231.0
face 0.38 71.0 167.0 83.0 180.0
face 0.38 65.0 559.0 108.0 625.0
face 0.37 173.0 168.0 187.0 188.0
face 0.36 54.0 606.0 78.0 633.0
face 0.36 739.0 419.0 758.0 445.0
face 0.36 696.0 336.0 720.0 370.0
face 0.36 667.0 601.0 696.0 648.0
face 0.35 688.0 395.0 707.0 416.0
face 0.34 286.0 196.0 301.0 212.0
face 0.33 490.0 573.0 515.0 603.0
face 0.33 254.0 251.0 267.0 266.0
face 0.33 768.0 596.0 795.0 633.0
face 0.32 152.0 56.0 174.0 84.0
face 0.32 285.0 141.0 298.0 156.0
face 0.32 284.0 600.0 313.0 630.0
face 0.32 270.0 133.0 285.0 151.0
face 0.32 566.0 524.0 577.0 540.0
face 0.32 574.0 150.0 589.0 170.0
face 0.32 843.0 200.0 872.0 238.0
face 0.32 642.0 27.0 656.0 43.0
face 0.31 76.0 185.0 90.0 204.0
face 0.31 516.0 423.0 536.0 445.0
face 0.30 130.0 202.0 148.0 222.0
face 0.30 244.0 211.0 260.0 231.0
