face 1.00 362.0 129.0 574.0 422.0
face 0.99 2.0 283.0 142.0 512.0
face 0.87 578.0 398.0 632.0 454.0
face 0.74 302.0 870.0 428.0 1093.0
face 0.52 697.0 269.0 715.0 290.0
face 0.42 704.0 341.0 715.0 355.0
face 0.42 620.0 454.0 702.0 555.0
face 0.41 821.0 605.0 848.0 635.0
face 0.39 254.0 492.0 265.0 506.0
face 0.39 737.0 746.0 810.0 820.0
face 0.36 263.0 431.0 454.0 657.0
face 0.35 787.0 639.0 939.0 846.0
face 0.35 588.0 587.0 695.0 722.0
face 0.34 742.0 347.0 754.0 362.0
face 0.33 669.0 1134.0 751.0 1245.0
face 0.33 356.0 828.0 371.0 848.0
face 0.33 812.0 609.0 828.0 631.0
face 0.31 328.0 815.0 361.0 867.0
face 0.30 339.0 432.0 360.0 456.0
face 0.30 589.0 491.0 604.0 511.0
face 0.30 717.0 263.0 732.0 284.0
