face 1.00 520.0 514.0 558.0 561.0
face 1.00 571.0 461.0 603.0 504.0
face 1.00 660.0 355.0 686.0 387.0
face 1.00 369.0 398.0 404.0 444.0
face 1.00 534.0 380.0 556.0 411.0
face 1.00 742.0 404.0 763.0 430.0
face 1.00 755.0 453.0 789.0 494.0
face 1.00 77.0 309.0 162.0 400.0
face 1.00 820.0 376.0 849.0 409.0
face 0.99 598.0 357.0 619.0 384.0
face 0.99 481.0 211.0 505.0 240.0
face 0.98 691.0 315.0 712.0 341.0
face 0.98 653.0 272.0 670.0 293.0
face 0.98 310.0 353.0 330.0 376.0
face 0.97 627.0 554.0 663.0 595.0
face 0.95 416.0 229.0 441.0 261.0
face 0.95 617.0 300.0 630.0 316.0
face 0.95 872.0 419.0 913.0 465.0
face 0.94 601.0 287.0 614.0 304.0
face 0.94 313.0 190.0 334.0 218.0
face 0.93 551.0 191.0 569.0 212.0
face 0.90 674.0 397.0 702.0 432.0
face 0.89 211.0 290.0 229.0 311.0
face 0.88 784.0 523.0 817.0 560.0
face 0.87 683.0 293.0 699.0 311.0
face 0.87 730.0 452.0 747.0 473.0
face 0.86 608.0 314.0 626.0 339.0
face 0.78 298.0 219.0 314.0 240.0
face 0.75 775.0 326.0 799.0 352.0
face 0.75 774.0 107.0 800.0 138.0
face 0.73 270.0 324.0 287.0 346.0
face 0.71 244.0 295.0 258.0 313.0
face 0.69 568.0 314.0 593.0 342.0
face 0.65 493.0 678.0 509.0 699.0
face 0.65 278.0 187.0 295.0 207.0
face 0.63 347.0 186.0 364.0 205.0
face 0.63 509.0 173.0 526.0 197.0
face 0.62 870.0 132.0 887.0 152.0
face 0.61 372.0 196.0 398.0 226.0
face 0.61 634.0 371.0 648.0 387.0
face 0.60 466.0 325.0 492.0 359.0
face 0.59 469.0 183.0 482.0 197.0
face 0.58 467.0 651.0 480.0 666.0
face 0.58 192.0 292.0 205.0 308.0
face 0.54 750.0 298.0 767.0 318.0
face 0.53 950.0 558.0 980.0 594.0
face 0.53 296.0 197.0 307.0 211.0
face 0.53 210.0 355.0 228.0 377.0
face 0.50 92.0 218.0 132.0 268.0
face 0.50 800.0 466.0 818.0 486.0
face 0.48 502.0 644.0 513.0 657.0
face 0.46 654.0 229.0 666.0 243.0
face 0.45 326.0 207.0 342.0 226.0
face 0.45 630.0 420.0 643.0 434.0
face 0.44 669.0 173.0 680.0 186.0
face 0.43 203.0 274.0 222.0 297.0
face 0.43 250.0 185.0 267.0 204.0
face 0.43 442.0 426.0 457.0 445.0
face 0.43 862.0 669.0 889.0 696.0
face 0.42 299.0 283.0 315.0 301.0
face 0.42 297.0 400.0 324.0 437.0
face 0.42 324.0 189.0 336.0 204.0
face 0.41 334.0 372.0 362.0 404.0
face 0.41 534.0 196.0 546.0 211.0
face 0.41 840.0 422.0 850.0 436.0
face 0.41 376.0 256.0 401.0 288.0
face 0.41 767.0 167.0 778.0 180.0
face 0.40 166.0 276.0 184.0 296.0
face 0.40 237.0 315.0 252.0 332.0
face 0.39 754.0 332.0 770.0 351.0
face 0.39 876.0 439.0 895.0 462.0
face 0.39 158.0 371.0 188.0 407.0
face 0.39 1.0 75.0 18.0 97.0
face 0.38 677.0 245.0 694.0 263.0
face 0.38 878.0 120.0 907.0 151.0
face 0.38 584.0 391.0 602.0 411.0
face 0.38 735.0 99.0 747.0 113.0
face 0.38 822.0 419.0 836.0 438.0
face 0.37 630.0 275.0 641.0 289.0
face 0.37 220.0 219.0 239.0 240.0
face 0.37 655.0 247.0 666.0 260.0
face 0.37 495.0 324.0 508.0 341.0
face 0.37 694.0 173.0 705.0 186.0
face 0.36 888.0 417.0 911.0 442.0
face 0.36 198.0 380.0 210.0 395.0
face 0.36 670.0 213.0 685.0 230.0
face 0.35 603.0 436.0 617.0 454.0
face 0.35 662.0 187.0 676.0 203.0
face 0.35 189.0 221.0 200.0 234.0
face 0.35 605.0 237.0 616.0 251.0
face 0.35 140.0 275.0 157.0 295.0
face 0.35 645.0 269.0 662.0 287.0
face 0.34 644.0 380.0 661.0 399.0
face 0.34 93.0 202.0 119.0 235.0
face 0.34 -2.0 436.0 20.0 463.0
face 0.34 263.0 287.0 280.0 309.0
face 0.34 570.0 428.0 584.0 445.0
face 0.34 533.0 445.0 561.0 478.0
face 0.33 243.0 193.0 260.0 213.0
face 0.33 677.0 218.0 689.0 232.0
face 0.33 35.0 85.0 52.0 105.0
face 0.33 309.0 293.0 320.0 306.0
face 0.33 511.0 234.0 526.0 254.0
face 0.33 644.0 260.0 660.0 278.0
face 0.33 25.0 396.0 49.0 423.0
face 0.33 915.0 144.0 930.0 165.0
face 0.33 276.0 353.0 292.0 376.0
face 0.33 207.0 228.0 218.0 241.0
face 0.32 234.0 266.0 248.0 283.0
face 0.32 716.0 394.0 731.0 413.0
face 0.32 312.0 387.0 324.0 401.0
face 0.32 621.0 390.0 634.0 404.0
face 0.32 1006.0 243.0 1023.0 264.0
face 0.32 324.0 302.0 339.0 319.0
face 0.32 750.0 173.0 761.0 186.0
face 0.32 144.0 330.0 170.0 364.0
face 0.32 745.0 387.0 767.0 410.0
face 0.32 616.0 221.0 627.0 233.0
face 0.32 149.0 259.0 164.0 277.0
face 0.31 687.0 215.0 697.0 228.0
face 0.31 635.0 436.0 650.0 456.0
face 0.31 304.0 317.0 315.0 330.0
face 0.31 727.0 174.0 738.0 187.0
face 0.31 645.0 411.0 660.0 428.0
face 0.31 886.0 514.0 925.0 554.0
face 0.31 851.0 405.0 868.0 428.0
face 0.31 827.0 425.0 843.0 445.0
face 0.31 211.0 244.0 226.0 262.0
face 0.31 158.0 268.0 169.0 282.0
face 0.31 715.0 315.0 729.0 332.0
face 0.31 648.0 229.0 659.0 241.0
face 0.31 520.0 325.0 531.0 338.0
face 0.31 718.0 147.0 733.0 167.0
face 0.31 634.0 178.0 652.0 199.0
face 0.31 982.0 124.0 996.0 142.0
face 0.31 923.0 526.0 939.0 548.0
face 0.31 339.0 203.0 355.0 222.0
face 0.30 631.0 243.0 642.0 256.0
face 0.30 344.0 389.0 374.0 426.0
face 0.30 649.0 386.0 668.0 407.0
face 0.30 637.0 244.0 648.0 258.0
face 0.30 744.0 173.0 754.0 185.0
face 0.30 594.0 227.0 612.0 247.0
face 0.30 386.0 529.0 421.0 572.0
face 0.30 518.0 259.0 530.0 276.0
face 0.30 645.0 345.0 661.0 365.0
face 0.30 718.0 189.0 730.0 203.0
face 0.30 463.0 188.0 475.0 202.0
face 0.30 662.0 206.0 674.0 221.0
face 0.30 588.0 219.0 606.0 240.0
