face 1.00 411.0 288.0 455.0 349.0
face 1.00 804.0 259.0 868.0 352.0
face 1.00 589.0 258.0 642.0 328.0
face 1.00 152.0 290.0 198.0 358.0
face 1.00 72.0 197.0 137.0 287.0
face 0.91 263.0 290.0 311.0 349.0
face 0.80 -1.0 784.0 22.0 815.0
face 0.39 63.0 734.0 87.0 764.0
face 0.39 192.0 632.0 235.0 688.0
face 0.38 110.0 651.0 180.0 724.0
face 0.37 201.0 379.0 218.0 401.0
face 0.35 311.0 626.0 338.0 660.0
face 0.34 810.0 894.0 842.0 927.0
face 0.31 201.0 398.0 259.0 467.0
face 0.31 61.0 915.0 90.0 950.0
face 0.30 810.0 405.0 863.0 476.0
