face 1.00 807.0 257.0 824.0 280.0
face 1.00 391.0 259.0 425.0 300.0
face 1.00 231.0 283.0 256.0 313.0
face 1.00 505.0 265.0 541.0 309.0
face 0.98 557.0 286.0 584.0 317.0
face 0.89 56.0 298.0 87.0 332.0
face 0.74 718.0 295.0 736.0 317.0
face 0.73 674.0 288.0 699.0 319.0
face 0.65 587.0 388.0 606.0 409.0
face 0.55 1011.0 314.0 1024.0 335.0
face 0.50 584.0 422.0 597.0 438.0
face 0.44 584.0 350.0 595.0 363.0
face 0.42 742.0 411.0 754.0 426.0
face 0.41 997.0 294.0 1009.0 309.0
face 0.40 624.0 517.0 638.0 536.0
face 0.39 700.0 281.0 735.0 322.0
face 0.37 44.0 312.0 60.0 335.0
face 0.35 699.0 291.0 717.0 314.0
face 0.35 637.0 245.0 654.0 270.0
face 0.34 726.0 419.0 738.0 433.0
face 0.34 392.0 545.0 414.0 575.0
face 0.34 228.0 249.0 242.0 269.0
face 0.32 597.0 430.0 610.0 445.0
face 0.31 221.0 337.0 239.0 357.0
face 0.30 607.0 420.0 618.0 434.0
