face 1.00 375.0 115.0 496.0 278.0
face 0.67 1000.0 830.0 1016.0 850.0
face 0.57 76.0 629.0 93.0 651.0
face 0.57 173.0 814.0 194.0 839.0
face 0.53 578.0 823.0 656.0 926.0
face 0.51 6.0 11.0 20.0 28.0
face 0.46 937.0 824.0 962.0 856.0
face 0.45 865.0 214.0 890.0 244.0
face 0.42 290.0 746.0 306.0 765.0
face 0.42 288.0 667.0 301.0 682.0
face 0.41 153.0 233.0 170.0 253.0
face 0.41 125.0 460.0 137.0 475.0
face 0.40 295.0 67.0 306.0 81.0
face 0.39 491.0 48.0 508.0 68.0
face 0.37 0.0 516.0 20.0 544.0
face 0.36 -1.0 5.0 12.0 25.0
face 0.35 929.0 863.0 946.0 885.0
face 0.34 104.0 738.0 119.0 757.0
face 0.34 956.0 879.0 1004.0 938.0
face 0.33 149.0 745.0 165.0 763.0
face 0.33 677.0 245.0 689.0 259.0
face 0.33 527.0 389.0 541.0 406.0
face 0.33 913.0 244.0 930.0 264.0
face 0.33 118.0 250.0 129.0 265.0
face 0.32 878.0 648.0 892.0 666.0
face 0.32 742.0 23.0 758.0 44.0
face 0.32 174.0 302.0 185.0 315.0
face 0.32 886.0 3.0 903.0 22.0
face 0.32 635.0 181.0 653.0 200.0
face 0.32 0.0 883.0 15.0 903.0
face 0.31 753.0 253.0 777.0 280.0
face 0.31 957.0 557.0 1010.0 619.0
face 0.31 244.0 666.0 261.0 686.0
face 0.31 45.0 518.0 57.0 531.0
face 0.31 117.0 222.0 129.0 237.0
face 0.31 14.0 839.0 25.0 851.0
face 0.31 45.0 651.0 59.0 670.0
face 0.30 29.0 83.0 42.0 99.0
face 0.30 120.0 28.0 134.0 46.0
face 0.30 13.0 653.0 28.0 670.0
