face 1.00 478.0 115.0 623.0 314.0
face 0.60 326.0 629.0 356.0 660.0
face 0.49 260.0 629.0 292.0 660.0
face 0.47 719.0 23.0 730.0 39.0
face 0.39 797.0 117.0 808.0 129.0
face 0.37 880.0 637.0 908.0 670.0
face 0.37 795.0 160.0 809.0 177.0
face 0.35 951.0 171.0 963.0 184.0
face 0.34 973.0 191.0 984.0 205.0
face 0.33 845.0 391.0 857.0 406.0
face 0.33 927.0 65.0 942.0 84.0
face 0.32 863.0 369.0 877.0 386.0
face 0.31 845.0 340.0 858.0 356.0
face 0.31 883.0 343.0 901.0 363.0
face 0.31 798.0 135.0 809.0 148.0
face 0.31 813.0 115.0 824.0 128.0
face 0.31 897.0 419.0 921.0 447.0
face 0.31 927.0 163.0 939.0 178.0
face 0.31 79.0 576.0 104.0 604.0
face 0.31 863.0 85.0 873.0 98.0
face 0.30 783.0 182.0 794.0 198.0
face 0.30 973.0 113.0 988.0 135.0
