face 1.00 221.0 574.0 299.0 692.0
face 1.00 551.0 528.0 616.0 621.0
face 0.40 219.0 447.0 235.0 469.0
face 0.38 623.0 813.0 634.0 828.0
face 0.36 672.0 776.0 724.0 833.0
face 0.34 38.0 374.0 50.0 388.0
face 0.34 184.0 619.0 198.0 637.0
face 0.33 818.0 791.0 834.0 812.0
face 0.32 191.0 407.0 202.0 420.0
face 0.31 263.0 862.0 276.0 879.0
face 0.31 453.0 356.0 470.0 376.0
face 0.30 357.0 203.0 372.0 224.0
face 0.30 426.0 311.0 446.0 334.0
face 0.30 171.0 240.0 186.0 259.0
face 0.30 38.0 274.0 66.0 308.0
