face 0.95 729.0 69.0 785.0 127.0
face 0.61 313.0 128.0 328.0 147.0
face 0.60 657.0 221.0 674.0 242.0
face 0.59 870.0 305.0 912.0 362.0
face 0.53 652.0 215.0 686.0 252.0
face 0.49 750.0 172.0 777.0 203.0
face 0.48 734.0 163.0 746.0 178.0
face 0.48 644.0 202.0 659.0 224.0
face 0.45 902.0 84.0 918.0 102.0
face 0.43 789.0 15.0 810.0 42.0
face 0.38 764.0 60.0 807.0 117.0
face 0.37 594.0 305.0 661.0 382.0
face 0.36 43.0 34.0 59.0 53.0
face 0.36 647.0 182.0 658.0 196.0
face 0.35 184.0 306.0 206.0 332.0
face 0.33 957.0 337.0 973.0 361.0
face 0.32 279.0 61.0 290.0 75.0
face 0.31 215.0 220.0 230.0 238.0
face 0.31 509.0 53.0 520.0 66.0
face 0.30 836.0 49.0 879.0 99.0
