face 1.00 811.0 362.0 900.0 470.0
face 1.00 691.0 635.0 742.0 737.0
face 1.00 375.0 551.0 448.0 642.0
face 0.82 539.0 52.0 690.0 155.0
face 0.49 637.0 956.0 648.0 971.0
face 0.44 -1.0 584.0 51.0 652.0
face 0.39 650.0 904.0 716.0 991.0
face 0.38 683.0 963.0 696.0 981.0
face 0.37 142.0 614.0 170.0 644.0
face 0.36 750.0 1207.0 766.0 1224.0
face 0.34 61.0 1150.0 73.0 1163.0
face 0.34 727.0 295.0 758.0 327.0
face 0.33 1011.0 847.0 1026.0 870.0
face 0.32 358.0 1028.0 373.0 1046.0
face 0.31 328.0 1115.0 340.0 1130.0
face 0.31 665.0 279.0 721.0 334.0
face 0.31 747.0 1297.0 762.0 1315.0
face 0.30 500.0 1140.0 528.0 1173.0
