face 1.00 686.0 367.0 737.0 432.0
face 1.00 502.0 188.0 535.0 227.0
face 1.00 373.0 319.0 418.0 378.0
face 1.00 114.0 296.0 161.0 355.0
face 1.00 252.0 316.0 300.0 378.0
face 1.00 573.0 131.0 610.0 181.0
face 1.00 584.0 334.0 633.0 396.0
face 1.00 774.0 359.0 827.0 425.0
face 1.00 253.0 208.0 284.0 248.0
face 1.00 825.0 188.0 860.0 232.0
face 1.00 663.0 195.0 696.0 236.0
face 1.00 378.0 210.0 409.0 249.0
face 1.00 444.0 191.0 476.0 234.0
face 1.00 319.0 208.0 350.0 248.0
face 0.92 470.0 321.0 520.0 382.0
face 0.91 771.0 207.0 801.0 244.0
face 0.91 738.0 206.0 764.0 245.0
face 0.64 767.0 8.0 1040.0 145.0
face 0.39 235.0 302.0 251.0 322.0
face 0.36 203.0 460.0 253.0 508.0
face 0.36 695.0 287.0 711.0 309.0
face 0.31 835.0 337.0 852.0 358.0
