face 1.00 329.0 1097.0 412.0 1220.0
face 1.00 669.0 1066.0 760.0 1192.0
face 0.88 25.0 575.0 41.0 596.0
face 0.81 770.0 278.0 787.0 299.0
face 0.78 106.0 646.0 437.0 951.0
face 0.68 292.0 198.0 614.0 494.0
face 0.63 249.0 502.0 265.0 522.0
face 0.62 314.0 541.0 329.0 560.0
face 0.61 932.0 238.0 950.0 260.0
face 0.53 90.0 46.0 124.0 90.0
face 0.49 130.0 541.0 148.0 561.0
face 0.48 916.0 782.0 933.0 802.0
face 0.47 706.0 279.0 722.0 298.0
face 0.42 730.0 46.0 764.0 91.0
face 0.39 788.0 278.0 805.0 299.0
face 0.37 64.0 1299.0 89.0 1329.0
face 0.34 294.0 540.0 310.0 558.0
face 0.33 326.0 1042.0 338.0 1059.0
face 0.33 897.0 819.0 913.0 837.0
face 0.31 678.0 817.0 695.0 836.0
face 0.31 683.0 1110.0 712.0 1145.0
face 0.31 338.0 1261.0 385.0 1326.0
face 0.30 678.0 1269.0 737.0 1336.0
