face 1.00 308.0 53.0 329.0 80.0
face 1.00 701.0 64.0 720.0 91.0
face 1.00 209.0 74.0 230.0 99.0
face 1.00 95.0 56.0 114.0 81.0
face 1.00 177.0 81.0 197.0 105.0
face 1.00 798.0 92.0 815.0 113.0
face 1.00 979.0 69.0 994.0 89.0
face 0.98 552.0 76.0 571.0 99.0
face 0.98 461.0 84.0 481.0 110.0
face 0.94 62.0 79.0 79.0 102.0
face 0.91 381.0 86.0 400.0 108.0
face 0.90 346.0 75.0 365.0 96.0
face 0.80 888.0 80.0 908.0 104.0
face 0.68 643.0 63.0 662.0 84.0
face 0.54 293.0 103.0 321.0 130.0
face 0.54 909.0 82.0 925.0 103.0
face 0.39 775.0 81.0 789.0 98.0
face 0.37 334.0 81.0 365.0 114.0
face 0.34 222.0 169.0 247.0 200.0
face 0.33 543.0 133.0 557.0 152.0
face 0.32 83.0 97.0 101.0 117.0
face 0.32 123.0 108.0 138.0 125.0
face 0.30 734.0 157.0 745.0 171.0
