face 1.00 492.0 291.0 540.0 358.0
face 1.00 833.0 46.0 905.0 135.0
face 0.99 666.0 144.0 710.0 191.0
face 0.99 338.0 210.0 386.0 259.0
face 0.85 197.0 198.0 210.0 216.0
face 0.73 485.0 419.0 500.0 438.0
face 0.70 102.0 226.0 118.0 245.0
face 0.48 72.0 221.0 83.0 234.0
face 0.44 314.0 181.0 328.0 199.0
face 0.43 654.0 324.0 678.0 352.0
face 0.41 423.0 236.0 438.0 255.0
face 0.40 64.0 265.0 78.0 283.0
face 0.38 958.0 452.0 1010.0 511.0
face 0.37 86.0 255.0 102.0 274.0
face 0.36 363.0 205.0 392.0 237.0
face 0.36 231.0 180.0 243.0 194.0
face 0.36 525.0 53.0 538.0 67.0
face 0.35 325.0 265.0 340.0 283.0
face 0.34 37.0 224.0 54.0 244.0
face 0.32 483.0 452.0 501.0 474.0
face 0.32 1004.0 470.0 1024.0 500.0
face 0.32 279.0 252.0 291.0 266.0
face 0.31 319.0 211.0 331.0 225.0
face 0.31 346.0 604.0 370.0 636.0
face 0.31 463.0 335.0 474.0 347.0
face 0.30 282.0 189.0 296.0 205.0
face 0.30 718.0 253.0 729.0 268.0
face 0.30 383.0 156.0 395.0 171.0
