face 1.00 492.0 341.0 544.0 386.0
face 0.82 692.0 1156.0 704.0 1171.0
face 0.74 444.0 465.0 475.0 500.0
face 0.69 762.0 82.0 817.0 151.0
face 0.59 482.0 302.0 507.0 332.0
face 0.52 881.0 1131.0 895.0 1148.0
face 0.51 154.0 538.0 287.0 666.0
face 0.51 205.0 908.0 224.0 929.0
face 0.44 430.0 1173.0 458.0 1205.0
face 0.36 395.0 972.0 455.0 1046.0
face 0.35 267.0 759.0 285.0 780.0
face 0.35 699.0 985.0 723.0 1014.0
face 0.31 528.0 908.0 540.0 923.0
face 0.31 712.0 1141.0 726.0 1159.0
face 0.31 700.0 1028.0 718.0 1048.0
