face 0.97 495.0 323.0 522.0 356.0
face 0.80 679.0 71.0 698.0 94.0
face 0.72 28.0 199.0 166.0 381.0
face 0.57 702.0 74.0 718.0 94.0
face 0.56 645.0 74.0 659.0 92.0
face 0.44 776.0 76.0 791.0 93.0
face 0.44 720.0 75.0 734.0 94.0
face 0.41 587.0 75.0 601.0 91.0
face 0.39 188.0 315.0 217.0 353.0
face 0.38 738.0 75.0 754.0 94.0
face 0.33 566.0 75.0 581.0 92.0
face 0.33 607.0 75.0 621.0 93.0
face 0.32 666.0 74.0 681.0 92.0
face 0.32 625.0 77.0 637.0 93.0
face 0.32 300.0 427.0 321.0 455.0
face 0.31 206.0 283.0 217.0 298.0
face 0.30 126.0 76.0 137.0 89.0
face 0.30 757.0 76.0 772.0 94.0
face 0.30 734.0 175.0 762.0 205.0
