face 1.00 476.0 127.0 523.0 175.0
face 1.00 818.0 124.0 882.0 209.0
face 1.00 698.0 58.0 758.0 146.0
face 1.00 141.0 198.0 177.0 254.0
face 0.77 350.0 145.0 364.0 163.0
face 0.64 262.0 52.0 293.0 84.0
face 0.48 434.0 197.0 452.0 219.0
face 0.38 296.0 163.0 315.0 184.0
face 0.37 310.0 156.0 322.0 170.0
face 0.37 413.0 189.0 442.0 221.0
face 0.36 361.0 141.0 387.0 171.0
face 0.34 128.0 162.0 143.0 183.0
face 0.34 185.0 330.0 202.0 349.0
face 0.34 893.0 442.0 945.0 504.0
face 0.30 238.0 131.0 250.0 147.0
