face 1.00 199.0 318.0 213.0 335.0
face 1.00 241.0 339.0 255.0 357.0
face 0.99 550.0 315.0 564.0 333.0
face 0.97 178.0 338.0 192.0 356.0
face 0.97 410.0 348.0 426.0 366.0
face 0.97 623.0 299.0 638.0 315.0
face 0.95 660.0 259.0 672.0 276.0
face 0.89 474.0 337.0 490.0 357.0
face 0.87 814.0 295.0 831.0 316.0
face 0.85 698.0 300.0 711.0 316.0
face 0.84 689.0 274.0 703.0 292.0
face 0.84 669.0 320.0 682.0 337.0
face 0.79 780.0 251.0 794.0 269.0
face 0.74 754.0 354.0 769.0 375.0
face 0.73 852.0 347.0 864.0 362.0
face 0.70 808.0 314.0 821.0 329.0
face 0.67 711.0 279.0 726.0 298.0
face 0.64 674.0 293.0 689.0 312.0
face 0.62 430.0 306.0 445.0 324.0
face 0.61 514.0 298.0 528.0 316.0
face 0.59 556.0 306.0 570.0 325.0
face 0.54 551.0 353.0 565.0 370.0
face 0.52 823.0 332.0 835.0 347.0
face 0.52 889.0 233.0 902.0 250.0
face 0.49 912.0 231.0 930.0 253.0
face 0.48 469.0 379.0 486.0 402.0
face 0.47 333.0 380.0 344.0 393.0
face 0.46 421.0 377.0 438.0 399.0
face 0.46 620.0 323.0 633.0 340.0
face 0.46 577.0 358.0 601.0 388.0
face 0.45 250.0 484.0 267.0 504.0
face 0.44 791.0 380.0 807.0 400.0
face 0.43 543.0 387.0 554.0 401.0
face 0.43 588.0 330.0 603.0 347.0
face 0.41 715.0 447.0 731.0 467.0
face 0.40 909.0 445.0 928.0 468.0
face 0.39 660.0 301.0 677.0 319.0
face 0.38 292.0 337.0 307.0 356.0
face 0.38 901.0 550.0 913.0 566.0
face 0.37 883.0 263.0 899.0 285.0
face 0.36 651.0 347.0 668.0 368.0
face 0.36 386.0 368.0 408.0 397.0
face 0.36 812.0 340.0 827.0 357.0
face 0.35 565.0 389.0 579.0 406.0
face 0.34 160.0 415.0 171.0 428.0
face 0.34 556.0 421.0 573.0 443.0
face 0.34 645.0 354.0 661.0 375.0
face 0.33 815.0 334.0 827.0 347.0
face 0.33 102.0 355.0 134.0 389.0
face 0.33 560.0 391.0 571.0 405.0
face 0.32 911.0 532.0 924.0 547.0
face 0.32 843.0 483.0 858.0 501.0
face 0.32 651.0 284.0 666.0 301.0
face 0.31 791.0 394.0 825.0 436.0
face 0.31 635.0 298.0 651.0 316.0
face 0.31 351.0 381.0 363.0 395.0
face 0.31 354.0 384.0 370.0 404.0
face 0.31 635.0 361.0 651.0 381.0
face 0.30 598.0 325.0 609.0 339.0
face 0.30 678.0 387.0 690.0 402.0
face 0.30 740.0 301.0 757.0 320.0
face 0.30 848.0 343.0 859.0 357.0
