face 1.00 442.0 64.0 507.0 150.0
face 0.94 567.0 93.0 626.0 163.0
face 0.63 601.0 118.0 651.0 168.0
face 0.59 319.0 286.0 364.0 329.0
face 0.51 418.0 85.0 432.0 103.0
face 0.48 555.0 35.0 579.0 64.0
face 0.38 387.0 91.0 403.0 110.0
face 0.37 320.0 336.0 349.0 369.0
face 0.37 572.0 100.0 589.0 121.0
face 0.37 681.0 159.0 743.0 230.0
face 0.37 612.0 40.0 628.0 63.0
face 0.36 581.0 31.0 594.0 45.0
face 0.36 375.0 341.0 400.0 372.0
face 0.34 474.0 148.0 488.0 166.0
face 0.34 554.0 116.0 572.0 135.0
face 0.33 151.0 34.0 184.0 76.0
face 0.32 686.0 303.0 707.0 329.0
face 0.31 477.0 142.0 488.0 156.0
face 0.30 469.0 144.0 502.0 183.0
