face 1.00 639.0 104.0 666.0 137.0
face 1.00 791.0 217.0 825.0 259.0
face 1.00 390.0 116.0 418.0 150.0
face 1.00 595.0 114.0 623.0 151.0
face 1.00 543.0 98.0 573.0 136.0
face 1.00 713.0 121.0 742.0 159.0
face 1.00 297.0 118.0 324.0 154.0
face 1.00 768.0 101.0 797.0 137.0
face 1.00 210.0 229.0 245.0 274.0
face 1.00 342.0 211.0 376.0 258.0
face 1.00 212.0 118.0 240.0 154.0
face 1.00 452.0 87.0 479.0 119.0
face 1.00 842.0 396.0 881.0 446.0
face 1.00 106.0 111.0 136.0 149.0
face 1.00 572.0 231.0 605.0 272.0
face 1.00 820.0 119.0 850.0 158.0
face 1.00 93.0 382.0 139.0 434.0
face 1.00 683.0 222.0 715.0 262.0
face 1.00 346.0 105.0 372.0 139.0
face 1.00 477.0 218.0 506.0 257.0
face 0.93 250.0 110.0 278.0 145.0
face 0.89 497.0 126.0 526.0 161.0
face 0.37 170.0 227.0 192.0 255.0
