face 1.00 268.0 320.0 281.0 338.0
face 1.00 550.0 227.0 563.0 244.0
face 1.00 205.0 237.0 218.0 253.0
face 1.00 348.0 248.0 362.0 265.0
face 0.99 49.0 329.0 64.0 348.0
face 0.99 567.0 215.0 579.0 230.0
face 0.99 468.0 187.0 482.0 204.0
face 0.99 382.0 239.0 396.0 257.0
face 0.99 347.0 273.0 361.0 292.0
face 0.98 319.0 412.0 332.0 430.0
face 0.98 364.0 36.0 379.0 55.0
face 0.98 203.0 331.0 221.0 352.0
face 0.98 536.0 249.0 551.0 267.0
face 0.97 324.0 236.0 336.0 252.0
face 0.96 428.0 202.0 441.0 218.0
face 0.93 465.0 253.0 481.0 273.0
face 0.84 774.0 86.0 785.0 98.0
face 0.84 755.0 20.0 766.0 34.0
face 0.75 324.0 352.0 339.0 370.0
face 0.74 528.0 30.0 538.0 43.0
face 0.72 865.0 93.0 876.0 107.0
face 0.72 799.0 80.0 809.0 92.0
face 0.72 776.0 487.0 797.0 512.0
face 0.64 22.0 47.0 33.0 62.0
face 0.63 181.0 52.0 192.0 65.0
face 0.62 832.0 73.0 844.0 88.0
face 0.61 443.0 71.0 458.0 89.0
face 0.59 422.0 45.0 437.0 65.0
face 0.57 835.0 22.0 849.0 39.0
face 0.55 562.0 5.0 578.0 24.0
face 0.54 321.0 326.0 337.0 346.0
face 0.53 879.0 71.0 892.0 90.0
face 0.52 452.0 198.0 468.0 217.0
face 0.51 661.0 68.0 672.0 82.0
face 0.50 855.0 30.0 866.0 43.0
face 0.50 693.0 52.0 704.0 65.0
face 0.49 205.0 23.0 216.0 36.0
face 0.49 782.0 233.0 807.0 261.0
face 0.49 557.0 48.0 568.0 61.0
face 0.49 230.0 23.0 240.0 36.0
face 0.49 774.0 22.0 786.0 37.0
face 0.48 721.0 42.0 733.0 56.0
face 0.47 726.0 0.0 738.0 12.0
face 0.47 494.0 52.0 505.0 65.0
face 0.46 216.0 4.0 228.0 18.0
face 0.46 559.0 22.0 570.0 36.0
face 0.43 535.0 4.0 545.0 18.0
face 0.42 0.0 628.0 11.0 642.0
face 0.42 579.0 229.0 595.0 249.0
face 0.42 845.0 86.0 856.0 99.0
face 0.41 2.0 41.0 18.0 62.0
face 0.40 621.0 93.0 632.0 106.0
face 0.40 783.0 70.0 793.0 82.0
face 0.40 607.0 13.0 617.0 26.0
face 0.40 837.0 4.0 848.0 18.0
face 0.40 0.0 61.0 21.0 90.0
face 0.39 354.0 658.0 375.0 684.0
face 0.39 623.0 38.0 634.0 51.0
face 0.39 787.0 47.0 799.0 62.0
face 0.38 768.0 5.0 777.0 17.0
face 0.38 300.0 10.0 319.0 33.0
face 0.38 979.0 -1.0 994.0 13.0
face 0.38 911.0 36.0 921.0 49.0
face 0.36 292.0 356.0 321.0 389.0
face 0.36 550.0 267.0 566.0 286.0
face 0.36 318.0 659.0 332.0 676.0
face 0.35 256.0 13.0 267.0 27.0
face 0.35 646.0 22.0 657.0 36.0
face 0.35 215.0 36.0 226.0 50.0
face 0.34 722.0 293.0 738.0 310.0
face 0.33 844.0 98.0 858.0 118.0
face 0.33 70.0 52.0 87.0 70.0
face 0.33 576.0 32.0 585.0 44.0
face 0.33 769.0 22.0 780.0 35.0
face 0.33 536.0 287.0 547.0 299.0
face 0.33 532.0 41.0 547.0 61.0
face 0.33 966.0 94.0 978.0 108.0
face 0.32 597.0 28.0 608.0 41.0
face 0.32 775.0 55.0 785.0 68.0
face 0.32 671.0 45.0 683.0 59.0
face 0.32 591.0 24.0 602.0 38.0
face 0.32 51.0 6.0 81.0 43.0
face 0.31 759.0 44.0 773.0 61.0
face 0.31 631.0 70.0 642.0 83.0
face 0.31 287.0 29.0 300.0 46.0
face 0.31 653.0 1.0 671.0 19.0
face 0.31 51.0 626.0 95.0 684.0
face 0.31 655.0 86.0 666.0 99.0
face 0.31 791.0 531.0 803.0 545.0
face 0.30 768.0 29.0 778.0 42.0
face 0.30 750.0 0.0 764.0 13.0
face 0.30 181.0 13.0 193.0 27.0
