face 1.00 889.0 362.0 930.0 412.0
face 1.00 367.0 318.0 406.0 367.0
face 1.00 838.0 206.0 874.0 250.0
face 1.00 469.0 320.0 506.0 365.0
face 1.00 563.0 330.0 597.0 373.0
face 1.00 773.0 342.0 811.0 389.0
face 1.00 436.0 227.0 467.0 268.0
face 1.00 749.0 212.0 786.0 258.0
face 1.00 641.0 142.0 659.0 162.0
face 1.00 562.0 243.0 598.0 285.0
face 1.00 788.0 124.0 805.0 145.0
face 1.00 225.0 197.0 261.0 240.0
face 1.00 803.0 152.0 818.0 172.0
face 1.00 547.0 189.0 583.0 230.0
face 1.00 332.0 237.0 366.0 281.0
face 0.99 667.0 353.0 704.0 397.0
face 0.99 692.0 236.0 728.0 276.0
face 0.99 701.0 152.0 717.0 173.0
face 0.99 578.0 92.0 594.0 112.0
face 0.99 229.0 80.0 245.0 101.0
face 0.98 927.0 79.0 940.0 94.0
face 0.98 624.0 57.0 639.0 75.0
face 0.98 376.0 132.0 392.0 151.0
face 0.98 687.0 187.0 704.0 208.0
face 0.98 980.0 24.0 996.0 43.0
face 0.98 669.0 1.0 683.0 20.0
face 0.98 245.0 133.0 261.0 153.0
face 0.98 638.0 189.0 656.0 210.0
face 0.97 790.0 52.0 802.0 67.0
face 0.97 620.0 248.0 657.0 294.0
face 0.97 624.0 139.0 637.0 155.0
face 0.97 449.0 17.0 464.0 35.0
face 0.97 300.0 138.0 315.0 156.0
face 0.97 833.0 125.0 851.0 145.0
face 0.96 739.0 119.0 754.0 138.0
face 0.96 831.0 39.0 845.0 59.0
face 0.96 945.0 222.0 985.0 266.0
face 0.95 543.0 148.0 559.0 167.0
face 0.95 702.0 25.0 714.0 40.0
face 0.95 673.0 59.0 688.0 78.0
face 0.95 368.0 102.0 385.0 123.0
face 0.94 580.0 134.0 593.0 151.0
face 0.93 483.0 152.0 498.0 171.0
face 0.93 513.0 113.0 528.0 131.0
face 0.91 1000.0 42.0 1016.0 61.0
face 0.91 261.0 177.0 288.0 211.0
face 0.90 886.0 133.0 905.0 155.0
face 0.88 701.0 119.0 718.0 139.0
face 0.87 257.0 337.0 301.0 393.0
face 0.85 114.0 78.0 128.0 95.0
face 0.85 983.0 175.0 998.0 193.0
face 0.83 340.0 31.0 356.0 52.0
face 0.81 279.0 329.0 318.0 381.0
face 0.78 770.0 21.0 785.0 38.0
face 0.75 577.0 1.0 594.0 20.0
face 0.74 975.0 140.0 989.0 157.0
face 0.74 517.0 0.0 530.0 14.0
face 0.73 753.0 138.0 774.0 163.0
face 0.73 950.0 61.0 962.0 76.0
face 0.72 348.0 135.0 363.0 153.0
face 0.71 954.0 126.0 968.0 142.0
face 0.68 498.0 29.0 514.0 51.0
face 0.64 592.0 357.0 622.0 392.0
face 0.63 304.0 6.0 327.0 38.0
face 0.63 360.0 27.0 374.0 46.0
face 0.63 214.0 126.0 230.0 146.0
face 0.62 21.0 103.0 33.0 118.0
face 0.61 937.0 166.0 949.0 181.0
face 0.59 560.0 28.0 571.0 42.0
face 0.56 334.0 142.0 347.0 159.0
face 0.55 211.0 11.0 226.0 33.0
face 0.55 174.0 52.0 187.0 68.0
face 0.54 398.0 220.0 410.0 235.0
face 0.53 402.0 77.0 418.0 96.0
face 0.53 916.0 17.0 934.0 39.0
face 0.53 106.0 47.0 120.0 66.0
face 0.52 886.0 103.0 898.0 118.0
face 0.51 145.0 282.0 196.0 343.0
face 0.51 734.0 365.0 784.0 428.0
face 0.50 734.0 0.0 746.0 13.0
face 0.50 894.0 57.0 909.0 75.0
face 0.50 875.0 41.0 889.0 58.0
face 0.49 423.0 115.0 435.0 129.0
face 0.49 278.0 149.0 303.0 179.0
face 0.49 837.0 27.0 849.0 43.0
face 0.47 948.0 230.0 970.0 253.0
face 0.47 273.0 262.0 309.0 302.0
face 0.47 588.0 58.0 603.0 77.0
face 0.46 298.0 79.0 314.0 100.0
face 0.46 379.0 249.0 394.0 267.0
face 0.45 525.0 45.0 537.0 61.0
face 0.44 49.0 34.0 66.0 55.0
face 0.44 71.0 188.0 82.0 201.0
face 0.41 340.0 162.0 353.0 178.0
face 0.41 414.0 34.0 431.0 54.0
face 0.41 398.0 268.0 410.0 283.0
face 0.39 943.0 102.0 953.0 115.0
face 0.39 733.0 191.0 749.0 212.0
face 0.39 853.0 -1.0 870.0 16.0
face 0.38 140.0 252.0 157.0 274.0
face 0.38 533.0 115.0 551.0 136.0
face 0.38 671.0 271.0 690.0 294.0
face 0.37 362.0 211.0 375.0 227.0
face 0.37 598.0 0.0 611.0 13.0
face 0.37 446.0 94.0 459.0 109.0
face 0.36 792.0 176.0 803.0 189.0
face 0.36 446.0 115.0 458.0 130.0
face 0.36 267.0 131.0 283.0 149.0
face 0.35 916.0 56.0 930.0 76.0
face 0.35 468.0 66.0 484.0 85.0
face 0.35 2.0 70.0 19.0 91.0
face 0.35 589.0 38.0 600.0 53.0
face 0.35 724.0 17.0 739.0 38.0
face 0.35 623.0 0.0 638.0 17.0
face 0.35 393.0 21.0 405.0 35.0
face 0.35 710.0 51.0 726.0 71.0
face 0.35 702.0 53.0 713.0 67.0
face 0.34 735.0 140.0 750.0 159.0
face 0.34 466.0 113.0 481.0 130.0
face 0.34 406.0 5.0 417.0 19.0
face 0.34 196.0 125.0 207.0 140.0
face 0.33 613.0 77.0 628.0 95.0
face 0.33 883.0 42.0 898.0 61.0
face 0.32 963.0 156.0 976.0 171.0
face 0.32 32.0 67.0 43.0 82.0
face 0.32 502.0 22.0 515.0 39.0
face 0.32 323.0 15.0 339.0 36.0
face 0.32 434.0 133.0 449.0 150.0
face 0.32 614.0 187.0 629.0 208.0
face 0.31 524.0 65.0 538.0 83.0
face 0.31 925.0 11.0 937.0 28.0
face 0.31 719.0 26.0 732.0 43.0
face 0.31 692.0 50.0 708.0 69.0
face 0.31 388.0 137.0 404.0 156.0
face 0.31 685.0 43.0 701.0 64.0
face 0.31 866.0 72.0 883.0 93.0
face 0.31 691.0 137.0 708.0 157.0
face 0.31 554.0 40.0 571.0 61.0
face 0.31 21.0 -2.0 35.0 13.0
face 0.31 427.0 109.0 442.0 127.0
face 0.31 390.0 225.0 404.0 243.0
face 0.30 464.0 37.0 477.0 53.0
face 0.30 607.0 447.0 618.0 459.0
face 0.30 862.0 29.0 874.0 44.0
face 0.30 839.0 511.0 854.0 531.0
face 0.30 302.0 381.0 313.0 394.0
