face 1.00 569.0 103.0 629.0 177.0
face 1.00 880.0 48.0 935.0 119.0
face 1.00 352.0 14.0 404.0 85.0
face 1.00 397.0 322.0 455.0 393.0
face 1.00 221.0 225.0 278.0 294.0
face 1.00 933.0 267.0 992.0 347.0
face 0.84 509.0 384.0 536.0 417.0
face 0.84 608.0 377.0 673.0 451.0
face 0.58 20.0 215.0 123.0 324.0
face 0.57 862.0 422.0 878.0 441.0
face 0.55 855.0 287.0 878.0 316.0
face 0.54 241.0 490.0 270.0 527.0
face 0.53 724.0 422.0 771.0 478.0
face 0.52 493.0 177.0 549.0 243.0
face 0.50 99.0 608.0 152.0 669.0
face 0.49 171.0 291.0 209.0 330.0
face 0.48 806.0 532.0 884.0 647.0
face 0.47 949.0 193.0 970.0 223.0
face 0.42 442.0 649.0 459.0 674.0
face 0.42 769.0 612.0 786.0 633.0
face 0.40 806.0 261.0 818.0 275.0
face 0.39 304.0 482.0 322.0 505.0
face 0.38 286.0 109.0 402.0 230.0
face 0.38 369.0 144.0 387.0 168.0
face 0.35 891.0 101.0 914.0 128.0
face 0.34 903.0 516.0 1008.0 643.0
face 0.33 819.0 250.0 835.0 271.0
face 0.33 752.0 489.0 818.0 561.0
face 0.33 568.0 642.0 593.0 671.0
face 0.33 680.0 400.0 705.0 426.0
face 0.33 171.0 300.0 230.0 366.0
face 0.33 633.0 403.0 667.0 439.0
face 0.32 88.0 535.0 149.0 603.0
face 0.32 793.0 234.0 853.0 302.0
face 0.32 578.0 493.0 596.0 513.0
face 0.31 509.0 211.0 524.0 231.0
face 0.31 942.0 434.0 959.0 453.0
face 0.30 443.0 320.0 459.0 343.0
face 0.30 555.0 251.0 573.0 270.0
face 0.30 681.0 344.0 699.0 367.0
