face 1.00 51.0 305.0 90.0 358.0
face 1.00 852.0 407.0 889.0 455.0
face 1.00 437.0 411.0 477.0 468.0
face 1.00 162.0 397.0 202.0 448.0
face 1.00 147.0 242.0 182.0 286.0
face 1.00 309.0 411.0 346.0 457.0
face 1.00 560.0 402.0 598.0 453.0
face 1.00 598.0 247.0 631.0 287.0
face 1.00 550.0 182.0 582.0 218.0
face 1.00 244.0 243.0 279.0 287.0
face 1.00 355.0 177.0 386.0 216.0
face 1.00 443.0 236.0 477.0 279.0
face 1.00 875.0 303.0 909.0 347.0
face 1.00 353.0 237.0 390.0 284.0
face 1.00 514.0 242.0 546.0 280.0
face 1.00 216.0 180.0 246.0 219.0
face 1.00 703.0 402.0 740.0 448.0
face 1.00 677.0 250.0 708.0 290.0
face 1.00 625.0 198.0 652.0 232.0
face 0.99 693.0 202.0 722.0 235.0
face 0.99 769.0 257.0 800.0 299.0
face 0.98 761.0 211.0 790.0 249.0
face 0.87 449.0 179.0 479.0 215.0
face 0.83 287.0 175.0 319.0 215.0
face 0.68 373.0 334.0 385.0 349.0
face 0.48 660.0 179.0 678.0 201.0
face 0.41 598.0 324.0 610.0 340.0
face 0.39 466.0 318.0 482.0 337.0
face 0.37 263.0 554.0 277.0 574.0
face 0.36 573.0 269.0 584.0 284.0
face 0.35 642.0 541.0 664.0 573.0
face 0.33 351.0 503.0 362.0 517.0
face 0.33 622.0 326.0 632.0 339.0
face 0.33 777.0 696.0 796.0 718.0
face 0.32 526.0 223.0 537.0 236.0
face 0.32 701.0 484.0 729.0 515.0
