face 0.97 308.0 121.0 368.0 189.0
face 0.96 519.0 46.0 570.0 115.0
face 0.91 272.0 32.0 302.0 70.0
face 0.87 81.0 34.0 113.0 74.0
face 0.62 660.0 52.0 684.0 80.0
face 0.56 995.0 103.0 1012.0 125.0
face 0.56 689.0 97.0 743.0 168.0
face 0.52 218.0 40.0 243.0 69.0
face 0.50 307.0 231.0 356.0 282.0
face 0.44 565.0 70.0 578.0 86.0
face 0.39 656.0 284.0 673.0 307.0
face 0.38 530.0 69.0 548.0 94.0
face 0.36 1010.0 112.0 1024.0 133.0
face 0.36 387.0 33.0 424.0 73.0
face 0.35 490.0 54.0 507.0 76.0
face 0.34 1013.0 419.0 1024.0 437.0
face 0.32 244.0 18.0 258.0 35.0
face 0.30 330.0 69.0 359.0 100.0
