face 0.97 563.0 70.0 588.0 99.0
face 0.96 383.0 235.0 426.0 293.0
face 0.94 494.0 185.0 534.0 231.0
face 0.83 85.0 45.0 103.0 65.0
face 0.77 403.0 461.0 434.0 496.0
face 0.67 77.0 129.0 92.0 147.0
face 0.63 496.0 144.0 512.0 163.0
face 0.54 409.0 242.0 444.0 288.0
face 0.51 448.0 223.0 460.0 238.0
face 0.50 493.0 324.0 524.0 361.0
face 0.45 365.0 248.0 395.0 288.0
face 0.39 369.0 471.0 395.0 499.0
face 0.37 409.0 412.0 450.0 461.0
face 0.35 420.0 256.0 440.0 280.0
face 0.31 571.0 407.0 608.0 442.0
face 0.31 400.0 269.0 422.0 299.0
face 0.31 487.0 284.0 500.0 300.0
