face 1.00 493.0 415.0 520.0 447.0
face 1.00 672.0 436.0 700.0 469.0
face 1.00 534.0 407.0 559.0 438.0
face 1.00 407.0 418.0 436.0 454.0
face 1.00 361.0 271.0 391.0 311.0
face 1.00 705.0 469.0 739.0 511.0
face 1.00 586.0 465.0 616.0 500.0
face 1.00 235.0 480.0 270.0 525.0
face 1.00 539.0 277.0 567.0 311.0
face 1.00 401.0 470.0 430.0 506.0
face 1.00 455.0 503.0 483.0 538.0
face 1.00 629.0 458.0 660.0 497.0
face 1.00 515.0 506.0 546.0 546.0
face 0.99 459.0 252.0 486.0 289.0
face 0.96 451.0 454.0 479.0 487.0
face 0.92 589.0 525.0 602.0 541.0
face 0.89 800.0 481.0 833.0 521.0
face 0.45 421.0 532.0 433.0 547.0
face 0.38 509.0 489.0 524.0 509.0
face 0.38 366.0 603.0 378.0 618.0
face 0.37 780.0 622.0 795.0 640.0
face 0.34 365.0 511.0 382.0 531.0
face 0.33 568.0 590.0 581.0 609.0
face 0.32 603.0 524.0 618.0 542.0
face 0.32 623.0 526.0 634.0 540.0
face 0.31 626.0 553.0 642.0 574.0
face 0.31 750.0 613.0 765.0 631.0
