face 1.00 231.0 410.0 572.0 757.0
face 0.95 677.0 398.0 926.0 703.0
face 0.62 451.0 895.0 505.0 959.0
face 0.62 581.0 1386.0 654.0 1456.0
face 0.59 911.0 1426.0 938.0 1459.0
face 0.49 882.0 750.0 950.0 836.0
face 0.46 914.0 806.0 935.0 833.0
face 0.44 928.0 776.0 954.0 811.0
face 0.40 731.0 932.0 830.0 1054.0
face 0.39 667.0 1147.0 840.0 1347.0
face 0.38 219.0 1271.0 323.0 1382.0
face 0.35 805.0 926.0 829.0 956.0
face 0.34 570.0 1406.0 595.0 1435.0
face 0.34 313.0 306.0 330.0 327.0
face 0.34 580.0 1403.0 617.0 1444.0
face 0.34 444.0 1429.0 471.0 1460.0
face 0.33 558.0 1134.0 587.0 1171.0
face 0.32 463.0 1052.0 513.0 1120.0
