face 1.00 426.0 64.0 505.0 174.0
face 1.00 144.0 257.0 229.0 365.0
face 0.88 195.0 58.0 211.0 76.0
face 0.60 636.0 222.0 650.0 240.0
face 0.45 182.0 75.0 206.0 105.0
face 0.38 242.0 83.0 254.0 99.0
face 0.38 228.0 70.0 240.0 84.0
face 0.36 808.0 107.0 822.0 124.0
face 0.35 944.0 318.0 958.0 335.0
face 0.35 214.0 166.0 226.0 180.0
face 0.34 718.0 368.0 735.0 390.0
face 0.34 999.0 262.0 1025.0 305.0
face 0.33 134.0 54.0 146.0 68.0
face 0.33 495.0 452.0 508.0 468.0
face 0.32 868.0 168.0 884.0 187.0
face 0.31 149.0 101.0 165.0 119.0
face 0.31 957.0 327.0 969.0 340.0
face 0.31 722.0 291.0 740.0 312.0
face 0.31 226.0 31.0 246.0 55.0
face 0.30 157.0 5.0 169.0 20.0
face 0.30 328.0 231.0 352.0 259.0
