face 1.00 93.0 550.0 113.0 575.0
face 0.90 960.0 511.0 990.0 554.0
face 0.82 742.0 530.0 825.0 637.0
face 0.80 123.0 558.0 139.0 580.0
face 0.78 3.0 352.0 27.0 397.0
face 0.51 292.0 501.0 323.0 542.0
face 0.50 402.0 32.0 420.0 53.0
face 0.44 214.0 139.0 243.0 170.0
face 0.43 389.0 70.0 417.0 103.0
face 0.42 530.0 205.0 545.0 225.0
face 0.41 50.0 318.0 67.0 341.0
face 0.37 495.0 308.0 521.0 342.0
face 0.37 685.0 277.0 696.0 291.0
face 0.35 371.0 169.0 387.0 189.0
face 0.34 319.0 433.0 485.0 657.0
face 0.34 779.0 249.0 795.0 268.0
face 0.33 430.0 6.0 445.0 24.0
face 0.33 831.0 292.0 843.0 307.0
face 0.33 435.0 120.0 450.0 140.0
face 0.33 5.0 466.0 19.0 486.0
face 0.32 550.0 222.0 561.0 236.0
face 0.31 423.0 108.0 438.0 125.0
face 0.31 822.0 294.0 834.0 307.0
face 0.31 226.0 183.0 244.0 205.0
face 0.30 389.0 164.0 406.0 183.0
