face 1.00 295.0 272.0 320.0 305.0
face 0.96 790.0 324.0 817.0 362.0
face 0.91 181.0 251.0 214.0 287.0
face 0.88 636.0 660.0 652.0 678.0
face 0.86 502.0 239.0 534.0 275.0
face 0.84 248.0 240.0 277.0 280.0
face 0.66 580.0 254.0 610.0 292.0
face 0.63 772.0 380.0 790.0 401.0
face 0.44 482.0 496.0 505.0 523.0
face 0.42 383.0 463.0 403.0 491.0
face 0.41 626.0 639.0 674.0 703.0
face 0.33 291.0 251.0 306.0 267.0
face 0.31 579.0 496.0 595.0 515.0
face 0.31 240.0 535.0 263.0 565.0
face 0.30 300.0 532.0 316.0 553.0
face 0.30 877.0 478.0 908.0 515.0
face 0.30 503.0 478.0 514.0 491.0
