face 1.00 836.0 92.0 909.0 197.0
face 1.00 244.0 164.0 343.0 311.0
face 1.00 62.0 153.0 127.0 236.0
face 0.95 520.0 243.0 623.0 386.0
face 0.73 610.0 245.0 639.0 277.0
face 0.62 799.0 791.0 934.0 965.0
face 0.62 622.0 206.0 637.0 223.0
face 0.54 613.0 276.0 629.0 297.0
face 0.48 75.0 533.0 123.0 607.0
face 0.44 761.0 320.0 797.0 360.0
face 0.36 704.0 586.0 715.0 602.0
face 0.33 941.0 351.0 1014.0 431.0
face 0.32 851.0 164.0 885.0 198.0
face 0.31 909.0 126.0 923.0 147.0
face 0.30 757.0 299.0 773.0 319.0
