face 1.00 229.0 355.0 259.0 392.0
face 1.00 611.0 299.0 645.0 343.0
face 1.00 794.0 289.0 827.0 331.0
face 1.00 553.0 295.0 584.0 333.0
face 1.00 285.0 343.0 313.0 380.0
face 1.00 498.0 337.0 531.0 377.0
face 1.00 736.0 314.0 771.0 360.0
face 1.00 653.0 338.0 687.0 380.0
face 1.00 416.0 343.0 447.0 380.0
face 1.00 338.0 321.0 368.0 358.0
face 0.85 543.0 349.0 577.0 391.0
face 0.83 162.0 363.0 191.0 401.0
face 0.82 354.0 367.0 385.0 403.0
face 0.73 344.0 398.0 357.0 415.0
face 0.45 978.0 569.0 993.0 587.0
face 0.40 448.0 536.0 462.0 553.0
face 0.32 394.0 536.0 411.0 558.0
face 0.32 1011.0 567.0 1026.0 590.0
face 0.32 606.0 440.0 622.0 461.0
face 0.32 586.0 450.0 602.0 468.0
face 0.31 413.0 519.0 431.0 541.0
face 0.31 826.0 539.0 843.0 558.0
face 0.31 879.0 658.0 896.0 678.0
face 0.30 842.0 626.0 858.0 644.0
