face 1.00 409.0 245.0 505.0 360.0
face 1.00 810.0 244.0 908.0 382.0
face 0.57 719.0 338.0 733.0 357.0
face 0.51 788.0 340.0 803.0 360.0
face 0.49 702.0 333.0 715.0 351.0
face 0.46 104.0 936.0 129.0 965.0
face 0.43 997.0 754.0 1024.0 788.0
face 0.39 860.0 4.0 881.0 30.0
face 0.37 382.0 216.0 397.0 234.0
face 0.35 689.0 384.0 708.0 408.0
face 0.35 287.0 272.0 298.0 285.0
face 0.35 246.0 510.0 272.0 539.0
face 0.34 270.0 182.0 281.0 196.0
face 0.32 174.0 330.0 198.0 365.0
face 0.32 675.0 533.0 706.0 565.0
face 0.31 152.0 23.0 182.0 58.0
face 0.31 386.0 185.0 401.0 205.0
face 0.30 150.0 225.0 167.0 245.0
