face 1.00 266.0 2463.0 341.0 2575.0
face 1.00 921.0 4303.0 1023.0 4450.0
face 1.00 352.0 488.0 398.0 550.0
face 1.00 739.0 466.0 855.0 628.0
face 1.00 531.0 1185.0 627.0 1307.0
face 1.00 278.0 496.0 322.0 549.0
face 1.00 541.0 2047.0 777.0 2239.0
face 1.00 164.0 519.0 208.0 580.0
face 1.00 644.0 3351.0 773.0 3493.0
face 1.00 378.0 526.0 415.0 582.0
face 0.99 97.0 2465.0 157.0 2561.0
face 0.94 512.0 3514.0 528.0 3534.0
face 0.80 69.0 492.0 116.0 564.0
face 0.76 205.0 489.0 252.0 540.0
face 0.61 488.0 1221.0 498.0 1233.0
face 0.57 438.0 3535.0 535.0 3642.0
face 0.50 647.0 1136.0 744.0 1260.0
face 0.45 286.0 3191.0 297.0 3204.0
face 0.45 270.0 3212.0 280.0 3225.0
face 0.42 923.0 3986.0 948.0 4014.0
face 0.41 303.0 1286.0 372.0 1367.0
face 0.40 71.0 3726.0 81.0 3738.0
face 0.40 89.0 3518.0 100.0 3531.0
face 0.40 672.0 1564.0 797.0 1706.0
face 0.40 676.0 2639.0 703.0 2675.0
face 0.40 647.0 3880.0 953.0 4124.0
face 0.39 488.0 1241.0 511.0 1269.0
face 0.38 851.0 2088.0 1013.0 2287.0
face 0.37 383.0 1298.0 398.0 1317.0
face 0.36 315.0 1391.0 332.0 1414.0
face 0.34 547.0 3576.0 583.0 3614.0
face 0.34 187.0 1912.0 253.0 1978.0
face 0.33 523.0 1298.0 541.0 1320.0
face 0.33 729.0 2641.0 746.0 2663.0
face 0.33 382.0 1249.0 397.0 1268.0
face 0.33 746.0 1610.0 759.0 1626.0
face 0.33 46.0 2311.0 58.0 2325.0
face 0.32 471.0 1397.0 485.0 1414.0
face 0.32 303.0 3240.0 420.0 3378.0
face 0.32 734.0 46.0 745.0 60.0
face 0.32 357.0 1299.0 373.0 1319.0
face 0.31 331.0 1168.0 422.0 1280.0
face 0.31 393.0 1234.0 409.0 1252.0
face 0.31 908.0 110.0 920.0 125.0
face 0.31 47.0 3749.0 57.0 3762.0
face 0.31 459.0 1378.0 475.0 1396.0
face 0.31 471.0 1219.0 485.0 1235.0
face 0.31 341.0 47.0 353.0 62.0
face 0.30 500.0 3498.0 518.0 3522.0
face 0.30 346.0 1162.0 363.0 1180.0
face 0.30 439.0 3631.0 637.0 3846.0
face 0.30 150.0 2294.0 162.0 2309.0
