face 1.00 467.0 201.0 575.0 346.0
face 1.00 846.0 402.0 911.0 489.0
face 0.94 789.0 465.0 809.0 492.0
face 0.42 339.0 272.0 354.0 291.0
face 0.40 589.0 236.0 604.0 255.0
face 0.39 262.0 413.0 274.0 426.0
face 0.38 279.0 406.0 290.0 419.0
face 0.36 101.0 1036.0 118.0 1057.0
face 0.35 917.0 937.0 932.0 958.0
face 0.35 300.0 81.0 314.0 98.0
face 0.33 331.0 318.0 347.0 340.0
face 0.32 747.0 314.0 764.0 334.0
face 0.32 951.0 415.0 989.0 457.0
face 0.31 260.0 69.0 275.0 88.0
face 0.31 983.0 1334.0 997.0 1351.0
