face 1.00 719.0 157.0 761.0 213.0
face 1.00 872.0 250.0 937.0 344.0
face 1.00 362.0 304.0 408.0 365.0
face 1.00 612.0 373.0 650.0 427.0
face 1.00 755.0 173.0 807.0 248.0
face 1.00 838.0 125.0 886.0 190.0
face 1.00 781.0 212.0 835.0 284.0
face 1.00 155.0 223.0 219.0 308.0
face 1.00 25.0 228.0 84.0 331.0
face 1.00 895.0 96.0 959.0 183.0
face 1.00 359.0 219.0 392.0 266.0
face 1.00 202.0 174.0 265.0 260.0
face 0.96 52.0 84.0 90.0 172.0
face 0.94 272.0 202.0 320.0 272.0
face 0.89 862.0 206.0 916.0 275.0
face 0.74 757.0 247.0 770.0 262.0
face 0.74 137.0 174.0 167.0 205.0
face 0.57 191.0 330.0 220.0 365.0
face 0.57 139.0 474.0 212.0 537.0
face 0.50 213.0 253.0 241.0 287.0
face 0.50 84.0 191.0 131.0 254.0
face 0.49 723.0 208.0 758.0 252.0
face 0.48 571.0 1388.0 618.0 1455.0
face 0.47 427.0 1054.0 445.0 1077.0
face 0.46 512.0 861.0 525.0 878.0
face 0.44 294.0 190.0 329.0 244.0
face 0.42 1004.0 76.0 1027.0 111.0
face 0.41 500.0 462.0 526.0 492.0
face 0.41 1010.0 196.0 1024.0 216.0
face 0.41 850.0 121.0 879.0 158.0
face 0.39 -1.0 150.0 45.0 251.0
face 0.39 281.0 441.0 306.0 469.0
face 0.39 300.0 182.0 319.0 210.0
face 0.38 182.0 204.0 194.0 219.0
face 0.38 903.0 1024.0 929.0 1054.0
face 0.37 289.0 169.0 305.0 189.0
face 0.37 838.0 155.0 851.0 171.0
face 0.37 677.0 609.0 781.0 733.0
face 0.37 56.0 715.0 100.0 763.0
face 0.36 417.0 472.0 434.0 495.0
face 0.36 206.0 791.0 253.0 863.0
face 0.35 250.0 1004.0 361.0 1131.0
face 0.35 397.0 261.0 411.0 279.0
face 0.34 21.0 38.0 33.0 52.0
face 0.33 880.0 1271.0 892.0 1284.0
face 0.32 1004.0 101.0 1027.0 138.0
