face 0.99 691.0 122.0 803.0 296.0
face 0.88 731.0 700.0 748.0 721.0
face 0.76 673.0 677.0 695.0 705.0
face 0.45 610.0 332.0 727.0 490.0
face 0.38 478.0 696.0 495.0 718.0
face 0.37 700.0 244.0 748.0 302.0
face 0.37 693.0 88.0 728.0 128.0
face 0.34 651.0 696.0 666.0 716.0
face 0.34 493.0 707.0 507.0 726.0
face 0.34 736.0 193.0 774.0 237.0
face 0.34 708.0 267.0 732.0 298.0
face 0.33 788.0 110.0 841.0 184.0
face 0.32 452.0 211.0 483.0 243.0
face 0.31 630.0 700.0 642.0 715.0
face 0.31 758.0 724.0 772.0 743.0
