face 1.00 710.0 176.0 726.0 197.0
face 0.93 303.0 367.0 319.0 388.0
face 0.92 218.0 352.0 237.0 380.0
face 0.88 310.0 331.0 327.0 357.0
face 0.79 179.0 451.0 247.0 527.0
face 0.72 479.0 339.0 495.0 362.0
face 0.45 733.0 374.0 750.0 399.0
face 0.39 636.0 271.0 647.0 283.0
face 0.39 503.0 111.0 513.0 123.0
face 0.37 593.0 192.0 616.0 221.0
face 0.37 738.0 378.0 785.0 428.0
face 0.36 539.0 338.0 554.0 360.0
face 0.36 347.0 362.0 376.0 393.0
face 0.35 629.0 251.0 641.0 266.0
face 0.34 805.0 273.0 838.0 316.0
face 0.34 654.0 268.0 666.0 283.0
face 0.32 729.0 370.0 762.0 413.0
face 0.32 139.0 276.0 152.0 291.0
face 0.31 306.0 111.0 349.0 165.0
face 0.31 660.0 271.0 677.0 293.0
face 0.31 187.0 344.0 205.0 368.0
