face 1.00 210.0 546.0 254.0 599.0
face 0.97 533.0 488.0 671.0 669.0
face 0.96 764.0 433.0 802.0 482.0
face 0.95 763.0 291.0 795.0 332.0
face 0.81 283.0 400.0 304.0 425.0
face 0.76 791.0 485.0 829.0 539.0
face 0.72 155.0 353.0 172.0 374.0
face 0.61 221.0 428.0 238.0 450.0
face 0.56 659.0 438.0 692.0 479.0
face 0.53 307.0 405.0 322.0 425.0
face 0.51 256.0 427.0 277.0 454.0
face 0.49 565.0 423.0 581.0 443.0
face 0.43 354.0 427.0 381.0 459.0
face 0.42 792.0 512.0 845.0 589.0
face 0.41 465.0 353.0 490.0 388.0
face 0.37 542.0 392.0 556.0 411.0
face 0.36 559.0 426.0 667.0 564.0
face 0.35 502.0 369.0 532.0 413.0
face 0.34 561.0 368.0 578.0 391.0
face 0.33 298.0 424.0 332.0 459.0
face 0.32 582.0 368.0 598.0 389.0
face 0.32 193.0 427.0 210.0 449.0
