face 1.00 398.0 350.0 443.0 409.0
face 1.00 708.0 290.0 751.0 348.0
face 1.00 804.0 142.0 847.0 201.0
face 1.00 461.0 120.0 503.0 179.0
face 1.00 510.0 338.0 558.0 400.0
face 1.00 644.0 374.0 688.0 434.0
face 1.00 681.0 171.0 726.0 225.0
face 1.00 567.0 177.0 610.0 232.0
face 1.00 292.0 304.0 336.0 362.0
face 1.00 300.0 199.0 344.0 257.0
face 1.00 614.0 256.0 657.0 317.0
face 1.00 167.0 134.0 214.0 194.0
face 1.00 497.0 244.0 541.0 303.0
face 1.00 375.0 240.0 422.0 300.0
face 1.00 195.0 281.0 244.0 340.0
face 1.00 777.0 285.0 821.0 341.0
face 0.99 387.0 169.0 405.0 194.0
face 0.70 630.0 41.0 646.0 61.0
face 0.69 1013.0 147.0 1024.0 163.0
face 0.63 839.0 5.0 850.0 20.0
face 0.60 591.0 294.0 603.0 308.0
face 0.55 138.0 73.0 161.0 101.0
face 0.45 779.0 443.0 828.0 500.0
face 0.42 621.0 608.0 698.0 689.0
face 0.41 336.0 23.0 359.0 50.0
face 0.39 864.0 309.0 888.0 338.0
face 0.38 750.0 46.0 762.0 60.0
face 0.38 783.0 257.0 798.0 274.0
face 0.38 597.0 156.0 609.0 170.0
face 0.30 963.0 44.0 979.0 62.0
