face 1.00 458.0 473.0 510.0 529.0
face 0.98 429.0 974.0 496.0 1041.0
face 0.96 186.0 596.0 251.0 664.0
face 0.86 587.0 871.0 650.0 939.0
face 0.74 356.0 789.0 384.0 819.0
face 0.59 677.0 621.0 729.0 680.0
face 0.47 228.0 924.0 281.0 977.0
face 0.45 452.0 980.0 470.0 1001.0
face 0.40 563.0 1129.0 580.0 1149.0
face 0.40 283.0 731.0 297.0 749.0
face 0.39 326.0 507.0 371.0 574.0
face 0.39 501.0 449.0 518.0 468.0
face 0.38 427.0 787.0 444.0 807.0
face 0.38 787.0 741.0 801.0 759.0
face 0.38 701.0 617.0 718.0 639.0
face 0.37 958.0 898.0 975.0 919.0
face 0.36 634.0 801.0 663.0 832.0
face 0.36 349.0 531.0 373.0 563.0
face 0.36 571.0 939.0 589.0 958.0
face 0.35 186.0 779.0 205.0 803.0
face 0.34 789.0 787.0 806.0 807.0
face 0.34 417.0 741.0 447.0 782.0
face 0.33 269.0 722.0 287.0 743.0
face 0.33 261.0 742.0 275.0 760.0
face 0.33 745.0 747.0 764.0 768.0
face 0.32 530.0 720.0 545.0 739.0
face 0.32 323.0 489.0 341.0 510.0
face 0.31 725.0 774.0 737.0 789.0
face 0.31 716.0 769.0 731.0 789.0
face 0.31 707.0 763.0 725.0 783.0
face 0.31 444.0 985.0 463.0 1006.0
face 0.31 164.0 768.0 206.0 817.0
face 0.31 232.0 734.0 243.0 748.0
face 0.31 798.0 750.0 810.0 765.0
