face 1.00 443.0 170.0 459.0 189.0
face 1.00 618.0 178.0 632.0 196.0
face 1.00 812.0 369.0 827.0 387.0
face 0.99 976.0 337.0 991.0 357.0
face 0.99 171.0 108.0 185.0 127.0
face 0.99 268.0 106.0 284.0 125.0
face 0.99 878.0 249.0 892.0 267.0
face 0.98 909.0 127.0 923.0 145.0
face 0.98 898.0 352.0 914.0 370.0
face 0.97 465.0 360.0 481.0 381.0
face 0.97 888.0 216.0 903.0 234.0
face 0.93 713.0 293.0 729.0 311.0
face 0.93 936.0 118.0 948.0 132.0
face 0.93 206.0 94.0 218.0 109.0
face 0.93 166.0 147.0 177.0 161.0
face 0.93 340.0 131.0 353.0 148.0
face 0.91 437.0 129.0 450.0 145.0
face 0.91 99.0 213.0 114.0 233.0
face 0.91 592.0 126.0 604.0 141.0
face 0.91 533.0 139.0 544.0 153.0
face 0.90 725.0 166.0 739.0 182.0
face 0.90 804.0 277.0 820.0 296.0
face 0.90 477.0 332.0 494.0 353.0
face 0.89 350.0 341.0 364.0 357.0
face 0.88 112.0 129.0 126.0 145.0
face 0.88 619.0 116.0 636.0 137.0
face 0.87 610.0 360.0 626.0 379.0
face 0.87 679.0 177.0 695.0 195.0
face 0.87 244.0 45.0 255.0 58.0
face 0.86 1003.0 333.0 1018.0 351.0
face 0.86 962.0 301.0 974.0 315.0
face 0.85 93.0 294.0 107.0 310.0
face 0.84 999.0 191.0 1011.0 206.0
face 0.83 325.0 275.0 341.0 293.0
face 0.80 607.0 82.0 618.0 96.0
face 0.78 196.0 274.0 210.0 291.0
face 0.78 192.0 402.0 206.0 418.0
face 0.75 22.0 153.0 39.0 172.0
face 0.75 69.0 280.0 82.0 296.0
face 0.74 65.0 334.0 78.0 350.0
face 0.74 192.0 122.0 203.0 136.0
face 0.73 940.0 83.0 970.0 115.0
face 0.73 358.0 245.0 372.0 262.0
face 0.71 702.0 316.0 718.0 336.0
face 0.70 125.0 269.0 140.0 286.0
face 0.66 222.0 139.0 235.0 154.0
face 0.65 253.0 228.0 270.0 247.0
face 0.65 614.0 419.0 628.0 436.0
face 0.64 403.0 293.0 419.0 313.0
face 0.64 368.0 300.0 381.0 316.0
face 0.63 247.0 104.0 257.0 117.0
face 0.63 1005.0 86.0 1019.0 105.0
face 0.62 941.0 300.0 952.0 313.0
face 0.62 311.0 110.0 323.0 124.0
face 0.60 976.0 195.0 990.0 212.0
face 0.60 158.0 294.0 171.0 311.0
face 0.60 590.0 98.0 602.0 114.0
face 0.60 18.0 434.0 34.0 452.0
face 0.59 971.0 91.0 987.0 109.0
face 0.59 514.0 278.0 530.0 297.0
face 0.58 707.0 98.0 719.0 113.0
face 0.58 569.0 217.0 585.0 237.0
face 0.58 919.0 94.0 931.0 108.0
face 0.58 477.0 307.0 493.0 325.0
face 0.57 169.0 70.0 191.0 96.0
face 0.57 478.0 170.0 491.0 187.0
face 0.56 40.0 355.0 55.0 374.0
face 0.56 157.0 270.0 170.0 284.0
face 0.55 678.0 118.0 690.0 132.0
face 0.55 382.0 118.0 393.0 132.0
face 0.54 802.0 100.0 815.0 116.0
face 0.53 217.0 69.0 227.0 82.0
face 0.53 80.0 319.0 101.0 345.0
face 0.53 363.0 361.0 379.0 379.0
face 0.53 678.0 145.0 691.0 162.0
face 0.53 885.0 116.0 896.0 129.0
face 0.52 605.0 239.0 620.0 256.0
face 0.51 98.0 308.0 113.0 327.0
face 0.51 247.0 291.0 260.0 307.0
face 0.51 995.0 222.0 1009.0 239.0
face 0.50 409.0 202.0 422.0 217.0
face 0.50 841.0 316.0 855.0 333.0
face 0.49 785.0 85.0 801.0 104.0
face 0.48 766.0 284.0 778.0 298.0
face 0.48 211.0 243.0 225.0 260.0
face 0.47 61.0 363.0 73.0 377.0
face 0.46 85.0 338.0 99.0 357.0
face 0.46 663.0 52.0 676.0 68.0
face 0.46 612.0 448.0 627.0 467.0
face 0.45 629.0 368.0 645.0 388.0
face 0.45 262.0 94.0 274.0 109.0
face 0.44 765.0 268.0 779.0 284.0
face 0.44 155.0 25.0 169.0 46.0
face 0.44 761.0 125.0 772.0 140.0
face 0.44 822.0 99.0 835.0 114.0
face 0.43 607.0 212.0 618.0 227.0
face 0.43 901.0 84.0 918.0 103.0
face 0.43 836.0 341.0 852.0 360.0
face 0.43 -2.0 458.0 22.0 490.0
face 0.42 73.0 129.0 86.0 147.0
face 0.42 503.0 79.0 514.0 93.0
face 0.42 297.0 199.0 319.0 226.0
face 0.42 391.0 199.0 402.0 213.0
face 0.42 703.0 301.0 714.0 314.0
face 0.41 813.0 477.0 825.0 492.0
face 0.41 608.0 101.0 619.0 115.0
face 0.40 691.0 63.0 707.0 84.0
face 0.40 309.0 268.0 323.0 285.0
face 0.39 358.0 108.0 369.0 121.0
face 0.39 557.0 87.0 568.0 101.0
face 0.39 418.0 429.0 432.0 445.0
face 0.39 695.0 158.0 706.0 172.0
face 0.39 769.0 318.0 790.0 347.0
face 0.39 77.0 76.0 87.0 89.0
face 0.39 728.0 273.0 750.0 307.0
face 0.39 373.0 332.0 388.0 349.0
face 0.38 126.0 101.0 136.0 114.0
face 0.38 307.0 88.0 324.0 109.0
face 0.38 820.0 298.0 837.0 317.0
face 0.38 822.0 270.0 836.0 287.0
face 0.38 822.0 227.0 838.0 246.0
face 0.38 510.0 84.0 525.0 101.0
face 0.38 430.0 444.0 443.0 458.0
face 0.38 909.0 100.0 921.0 113.0
face 0.38 439.0 110.0 449.0 122.0
face 0.38 71.0 91.0 82.0 104.0
face 0.38 950.0 253.0 964.0 272.0
face 0.38 318.0 277.0 331.0 292.0
face 0.37 45.0 350.0 58.0 366.0
face 0.37 718.0 118.0 730.0 132.0
face 0.36 547.0 355.0 562.0 373.0
face 0.36 379.0 178.0 396.0 201.0
face 0.36 404.0 325.0 420.0 343.0
face 0.36 971.0 210.0 987.0 229.0
face 0.35 959.0 118.0 971.0 132.0
face 0.35 3.0 339.0 17.0 358.0
face 0.35 38.0 171.0 51.0 186.0
face 0.35 679.0 276.0 693.0 296.0
face 0.35 214.0 124.0 225.0 137.0
face 0.35 119.0 244.0 131.0 259.0
face 0.35 62.0 284.0 75.0 299.0
face 0.35 488.0 274.0 501.0 290.0
face 0.35 805.0 236.0 818.0 250.0
face 0.35 583.0 101.0 595.0 115.0
face 0.35 379.0 338.0 396.0 356.0
face 0.35 806.0 213.0 820.0 230.0
face 0.34 736.0 108.0 746.0 120.0
face 0.34 780.0 108.0 792.0 122.0
face 0.34 859.0 211.0 874.0 229.0
face 0.34 619.0 209.0 635.0 230.0
face 0.34 830.0 214.0 842.0 228.0
face 0.34 502.0 262.0 516.0 278.0
face 0.34 315.0 260.0 330.0 276.0
face 0.34 278.0 90.0 292.0 109.0
face 0.34 844.0 96.0 857.0 111.0
face 0.34 934.0 294.0 947.0 311.0
face 0.33 362.0 123.0 376.0 140.0
face 0.33 261.0 430.0 277.0 449.0
face 0.33 566.0 187.0 577.0 201.0
face 0.33 581.0 364.0 592.0 379.0
face 0.33 812.0 98.0 830.0 116.0
face 0.33 151.0 114.0 162.0 129.0
face 0.33 388.0 341.0 403.0 358.0
face 0.33 699.0 299.0 725.0 329.0
face 0.33 190.0 240.0 205.0 260.0
face 0.33 238.0 238.0 249.0 251.0
face 0.33 671.0 132.0 682.0 146.0
face 0.33 988.0 98.0 1005.0 117.0
face 0.33 882.0 368.0 896.0 386.0
face 0.33 669.0 244.0 701.0 281.0
face 0.32 717.0 140.0 728.0 154.0
face 0.32 837.0 203.0 851.0 220.0
face 0.32 291.0 209.0 306.0 228.0
face 0.32 55.0 285.0 67.0 299.0
face 0.32 613.0 107.0 629.0 126.0
face 0.32 803.0 460.0 819.0 477.0
face 0.32 631.0 93.0 642.0 105.0
face 0.32 462.0 389.0 476.0 405.0
face 0.32 682.0 276.0 710.0 311.0
face 0.32 730.0 304.0 747.0 325.0
face 0.32 382.0 133.0 393.0 147.0
face 0.32 762.0 130.0 776.0 146.0
face 0.31 583.0 118.0 594.0 131.0
face 0.31 368.0 333.0 380.0 347.0
face 0.31 3.0 114.0 17.0 130.0
face 0.31 659.0 283.0 675.0 302.0
face 0.31 957.0 334.0 968.0 347.0
face 0.31 832.0 116.0 846.0 133.0
face 0.31 628.0 140.0 646.0 160.0
face 0.31 396.0 340.0 412.0 357.0
face 0.31 37.0 465.0 55.0 485.0
face 0.31 956.0 108.0 970.0 125.0
face 0.31 277.0 249.0 293.0 268.0
face 0.31 39.0 77.0 50.0 91.0
face 0.31 582.0 109.0 594.0 123.0
face 0.30 56.0 79.0 67.0 91.0
face 0.30 453.0 389.0 465.0 404.0
face 0.30 797.0 290.0 812.0 308.0
face 0.30 829.0 220.0 841.0 235.0
face 0.30 726.0 359.0 738.0 373.0
face 0.30 372.0 295.0 385.0 310.0
face 0.30 176.0 438.0 188.0 453.0
face 0.30 302.0 221.0 314.0 235.0
face 0.30 997.0 344.0 1013.0 364.0
face 0.30 773.0 102.0 788.0 118.0
face 0.30 252.0 69.0 267.0 86.0
face 0.30 662.0 107.0 674.0 121.0
face 0.30 19.0 294.0 35.0 312.0
face 0.30 283.0 98.0 297.0 116.0
