face 1.00 7.0 104.0 32.0 130.0
face 1.00 303.0 163.0 316.0 180.0
face 1.00 956.0 211.0 972.0 230.0
face 1.00 139.0 141.0 154.0 159.0
face 0.99 401.0 28.0 435.0 88.0
face 0.99 81.0 135.0 93.0 149.0
face 0.95 814.0 176.0 833.0 205.0
face 0.92 720.0 146.0 748.0 179.0
face 0.67 912.0 232.0 921.0 243.0
face 0.62 685.0 188.0 696.0 202.0
face 0.61 618.0 116.0 647.0 159.0
face 0.60 924.0 243.0 935.0 256.0
face 0.60 358.0 247.0 370.0 260.0
face 0.59 259.0 174.0 271.0 189.0
face 0.51 549.0 195.0 560.0 208.0
face 0.48 352.0 189.0 387.0 242.0
face 0.47 249.0 243.0 261.0 259.0
face 0.45 523.0 187.0 535.0 202.0
face 0.44 358.0 197.0 371.0 213.0
face 0.42 910.0 295.0 934.0 326.0
face 0.40 364.0 39.0 376.0 52.0
face 0.40 357.0 58.0 371.0 76.0
face 0.38 383.0 64.0 394.0 78.0
face 0.38 866.0 143.0 882.0 163.0
face 0.37 296.0 248.0 308.0 262.0
face 0.36 926.0 260.0 940.0 276.0
face 0.36 328.0 131.0 345.0 152.0
face 0.36 564.0 268.0 581.0 287.0
face 0.35 258.0 143.0 359.0 279.0
face 0.35 344.0 260.0 358.0 276.0
face 0.34 236.0 201.0 250.0 218.0
face 0.34 521.0 251.0 533.0 265.0
face 0.34 357.0 79.0 369.0 92.0
face 0.34 544.0 191.0 556.0 204.0
face 0.34 925.0 222.0 937.0 236.0
face 0.33 774.0 0.0 787.0 12.0
face 0.33 322.0 259.0 338.0 278.0
face 0.32 595.0 200.0 613.0 222.0
face 0.32 324.0 158.0 336.0 173.0
face 0.31 702.0 255.0 714.0 269.0
face 0.30 943.0 244.0 954.0 257.0
face 0.30 245.0 190.0 255.0 203.0
face 0.30 262.0 198.0 273.0 210.0
