face 1.00 305.0 1004.0 374.0 1082.0
face 1.00 856.0 1185.0 894.0 1232.0
face 0.88 606.0 865.0 671.0 920.0
face 0.70 44.0 650.0 299.0 903.0
face 0.58 885.0 1106.0 898.0 1123.0
face 0.49 652.0 165.0 666.0 182.0
face 0.47 444.0 115.0 458.0 132.0
face 0.45 397.0 862.0 412.0 881.0
face 0.44 415.0 463.0 438.0 493.0
face 0.40 887.0 343.0 911.0 376.0
face 0.40 507.0 452.0 534.0 482.0
face 0.39 756.0 115.0 768.0 129.0
face 0.39 789.0 1031.0 801.0 1045.0
face 0.39 100.0 289.0 229.0 429.0
face 0.39 472.0 1124.0 570.0 1257.0
face 0.37 240.0 1229.0 251.0 1243.0
face 0.37 484.0 436.0 496.0 450.0
face 0.36 208.0 456.0 261.0 547.0
face 0.35 52.0 1077.0 111.0 1145.0
face 0.35 857.0 311.0 889.0 353.0
face 0.35 719.0 97.0 733.0 116.0
face 0.34 559.0 1341.0 607.0 1389.0
face 0.34 85.0 1084.0 118.0 1127.0
face 0.33 840.0 85.0 881.0 136.0
face 0.33 38.0 1022.0 50.0 1036.0
face 0.33 367.0 426.0 382.0 445.0
face 0.33 949.0 331.0 963.0 346.0
face 0.32 343.0 351.0 403.0 444.0
face 0.32 489.0 975.0 700.0 1219.0
face 0.32 413.0 513.0 431.0 536.0
face 0.32 395.0 29.0 412.0 49.0
face 0.32 972.0 1276.0 987.0 1294.0
face 0.31 164.0 85.0 179.0 105.0
face 0.31 894.0 342.0 906.0 357.0
face 0.31 663.0 258.0 727.0 330.0
face 0.31 847.0 383.0 872.0 412.0
face 0.31 771.0 1132.0 793.0 1165.0
face 0.31 545.0 646.0 660.0 795.0
face 0.30 746.0 1057.0 763.0 1079.0
face 0.30 268.0 0.0 283.0 16.0
