face 1.00 730.0 256.0 801.0 363.0
face 1.00 471.0 250.0 557.0 362.0
face 1.00 239.0 229.0 335.0 374.0
face 1.00 172.0 86.0 239.0 178.0
face 1.00 3.0 40.0 67.0 181.0
face 0.90 471.0 141.0 551.0 232.0
face 0.71 287.0 143.0 313.0 175.0
face 0.62 125.0 93.0 137.0 108.0
face 0.57 573.0 356.0 597.0 386.0
face 0.56 431.0 151.0 456.0 184.0
face 0.51 505.0 392.0 535.0 428.0
face 0.51 331.0 379.0 345.0 398.0
face 0.46 565.0 338.0 615.0 395.0
face 0.45 992.0 476.0 1003.0 491.0
face 0.44 938.0 381.0 954.0 401.0
face 0.43 82.0 107.0 97.0 125.0
face 0.40 1014.0 420.0 1025.0 438.0
face 0.40 951.0 398.0 962.0 413.0
face 0.39 971.0 387.0 984.0 404.0
face 0.36 235.0 109.0 251.0 129.0
face 0.36 409.0 115.0 460.0 183.0
face 0.35 893.0 379.0 908.0 398.0
face 0.34 999.0 380.0 1011.0 395.0
face 0.33 907.0 459.0 921.0 476.0
face 0.33 986.0 409.0 1005.0 431.0
face 0.33 563.0 288.0 582.0 312.0
face 0.33 866.0 487.0 907.0 527.0
face 0.32 50.0 0.0 101.0 43.0
face 0.32 257.0 138.0 276.0 160.0
face 0.32 949.0 327.0 965.0 348.0
face 0.32 360.0 332.0 371.0 347.0
face 0.32 339.0 19.0 355.0 39.0
face 0.31 982.0 459.0 998.0 480.0
face 0.31 1004.0 451.0 1021.0 471.0
face 0.31 20.0 124.0 52.0 157.0
face 0.31 578.0 216.0 595.0 238.0
face 0.31 999.0 546.0 1015.0 566.0
face 0.30 249.0 167.0 275.0 197.0
