face 1.00 581.0 393.0 606.0 423.0
face 1.00 551.0 351.0 578.0 382.0
face 1.00 253.0 369.0 278.0 400.0
face 1.00 1.0 308.0 22.0 343.0
face 1.00 351.0 402.0 379.0 434.0
face 0.98 790.0 392.0 820.0 430.0
face 0.96 599.0 186.0 632.0 228.0
face 0.94 263.0 391.0 289.0 424.0
face 0.91 462.0 390.0 487.0 422.0
face 0.87 856.0 358.0 881.0 391.0
face 0.84 752.0 374.0 783.0 412.0
face 0.82 446.0 144.0 478.0 200.0
face 0.78 29.0 370.0 43.0 388.0
face 0.71 484.0 89.0 506.0 121.0
face 0.68 223.0 375.0 251.0 410.0
face 0.54 563.0 334.0 583.0 357.0
face 0.53 406.0 523.0 436.0 558.0
face 0.51 920.0 480.0 946.0 510.0
face 0.50 594.0 375.0 609.0 395.0
face 0.46 902.0 353.0 932.0 387.0
face 0.45 92.0 377.0 111.0 399.0
face 0.44 547.0 504.0 564.0 526.0
face 0.42 750.0 423.0 764.0 445.0
face 0.38 154.0 408.0 184.0 441.0
face 0.37 681.0 231.0 708.0 267.0
face 0.35 610.0 321.0 629.0 345.0
face 0.34 190.0 401.0 234.0 448.0
face 0.33 867.0 348.0 887.0 370.0
face 0.33 70.0 52.0 113.0 117.0
face 0.33 767.0 387.0 780.0 402.0
face 0.32 22.0 364.0 38.0 383.0
face 0.31 358.0 495.0 382.0 523.0
face 0.30 691.0 428.0 705.0 449.0
face 0.30 200.0 499.0 223.0 528.0
