face 1.00 549.0 131.0 615.0 231.0
face 1.00 269.0 352.0 313.0 400.0
face 1.00 820.0 364.0 853.0 411.0
face 0.99 362.0 592.0 399.0 655.0
face 0.96 717.0 334.0 748.0 383.0
face 0.90 67.0 548.0 98.0 601.0
face 0.85 200.0 367.0 230.0 407.0
face 0.73 675.0 583.0 723.0 638.0
face 0.69 0.0 544.0 21.0 586.0
face 0.65 57.0 418.0 89.0 456.0
face 0.57 362.0 409.0 453.0 516.0
face 0.49 91.0 417.0 121.0 455.0
face 0.41 144.0 375.0 172.0 409.0
face 0.31 758.0 566.0 780.0 593.0
face 0.30 655.0 609.0 676.0 637.0
