face 1.00 380.0 202.0 420.0 261.0
face 1.00 231.0 253.0 269.0 300.0
face 1.00 889.0 201.0 942.0 271.0
face 0.98 648.0 219.0 699.0 285.0
face 0.98 106.0 230.0 146.0 282.0
face 0.68 326.0 283.0 338.0 298.0
face 0.43 604.0 286.0 615.0 298.0
face 0.41 -1.0 334.0 11.0 350.0
face 0.35 883.0 202.0 900.0 224.0
face 0.33 333.0 610.0 351.0 630.0
face 0.33 587.0 280.0 601.0 296.0
face 0.32 142.0 241.0 158.0 263.0
face 0.31 137.0 220.0 156.0 241.0
face 0.31 683.0 204.0 706.0 231.0
face 0.31 480.0 394.0 495.0 413.0
face 0.31 493.0 618.0 510.0 637.0
face 0.30 237.0 710.0 249.0 725.0
