face 1.00 423.0 65.0 437.0 82.0
face 1.00 553.0 295.0 571.0 315.0
face 1.00 435.0 283.0 453.0 305.0
face 1.00 610.0 237.0 624.0 256.0
face 1.00 974.0 299.0 988.0 316.0
face 1.00 340.0 318.0 354.0 337.0
face 1.00 291.0 270.0 308.0 292.0
face 1.00 691.0 250.0 704.0 268.0
face 1.00 274.0 90.0 287.0 108.0
face 1.00 348.0 238.0 363.0 258.0
face 1.00 221.0 61.0 235.0 80.0
face 1.00 628.0 227.0 641.0 246.0
face 1.00 620.0 297.0 634.0 314.0
face 1.00 418.0 148.0 432.0 167.0
face 1.00 511.0 261.0 525.0 278.0
face 1.00 700.0 234.0 713.0 252.0
face 1.00 350.0 273.0 364.0 291.0
face 1.00 262.0 185.0 277.0 203.0
face 1.00 722.0 307.0 739.0 328.0
face 1.00 660.0 88.0 675.0 106.0
face 1.00 552.0 264.0 565.0 281.0
face 1.00 148.0 116.0 165.0 135.0
face 1.00 156.0 205.0 173.0 228.0
face 1.00 86.0 90.0 102.0 112.0
face 1.00 474.0 205.0 489.0 225.0
face 1.00 117.0 6.0 131.0 22.0
face 0.99 885.0 227.0 898.0 243.0
face 0.99 925.0 236.0 938.0 253.0
face 0.99 424.0 310.0 443.0 335.0
face 0.99 132.0 174.0 149.0 193.0
face 0.99 533.0 246.0 546.0 263.0
face 0.99 963.0 262.0 975.0 277.0
face 0.99 201.0 34.0 215.0 52.0
face 0.99 679.0 80.0 692.0 98.0
face 0.99 752.0 209.0 767.0 228.0
face 0.99 495.0 213.0 510.0 232.0
face 0.99 461.0 228.0 478.0 249.0
face 0.99 521.0 209.0 537.0 227.0
face 0.99 581.0 251.0 595.0 269.0
face 0.99 497.0 158.0 514.0 178.0
face 0.99 490.0 125.0 504.0 143.0
face 0.99 905.0 252.0 919.0 269.0
face 0.99 656.0 211.0 671.0 229.0
face 0.99 991.0 308.0 1004.0 324.0
face 0.99 635.0 203.0 650.0 222.0
face 0.99 957.0 279.0 971.0 297.0
face 0.99 460.0 128.0 477.0 151.0
face 0.99 514.0 104.0 529.0 122.0
face 0.99 602.0 261.0 619.0 281.0
face 0.99 20.0 80.0 37.0 100.0
face 0.99 879.0 294.0 894.0 312.0
face 0.99 812.0 163.0 824.0 179.0
face 0.99 490.0 67.0 505.0 86.0
face 0.99 328.0 3.0 342.0 19.0
face 0.99 976.0 268.0 989.0 285.0
face 0.99 1008.0 269.0 1021.0 284.0
face 0.99 728.0 286.0 742.0 303.0
face 0.99 390.0 253.0 404.0 271.0
face 0.99 524.0 66.0 538.0 83.0
face 0.99 535.0 189.0 549.0 206.0
face 0.99 555.0 246.0 568.0 265.0
face 0.98 96.0 161.0 115.0 182.0
face 0.98 639.0 300.0 654.0 319.0
face 0.98 773.0 164.0 786.0 181.0
face 0.98 935.0 217.0 949.0 234.0
face 0.98 601.0 221.0 615.0 237.0
face 0.98 715.0 234.0 729.0 251.0
face 0.98 512.0 32.0 526.0 50.0
face 0.98 422.0 106.0 439.0 128.0
face 0.98 471.0 27.0 483.0 42.0
face 0.98 175.0 10.0 188.0 28.0
face 0.98 735.0 85.0 746.0 99.0
face 0.98 891.0 367.0 908.0 386.0
face 0.98 997.0 245.0 1009.0 259.0
face 0.98 939.0 275.0 953.0 292.0
face 0.98 444.0 78.0 457.0 93.0
face 0.98 295.0 18.0 309.0 35.0
face 0.98 290.0 76.0 304.0 94.0
face 0.98 103.0 117.0 117.0 135.0
face 0.98 468.0 68.0 480.0 81.0
face 0.98 57.0 59.0 75.0 83.0
face 0.98 25.0 388.0 42.0 410.0
face 0.98 385.0 121.0 401.0 141.0
face 0.98 450.0 210.0 468.0 231.0
face 0.97 398.0 110.0 413.0 128.0
face 0.97 484.0 101.0 497.0 117.0
face 0.97 156.0 151.0 169.0 166.0
face 0.97 289.0 38.0 306.0 59.0
face 0.97 622.0 70.0 635.0 85.0
face 0.97 797.0 198.0 812.0 217.0
face 0.97 555.0 221.0 567.0 238.0
face 0.97 900.0 325.0 914.0 342.0
face 0.97 477.0 83.0 489.0 98.0
face 0.97 753.0 258.0 767.0 275.0
face 0.97 985.0 371.0 1001.0 391.0
face 0.96 104.0 67.0 118.0 83.0
face 0.96 -1.0 83.0 10.0 99.0
face 0.96 793.0 170.0 806.0 185.0
face 0.96 130.0 142.0 146.0 164.0
face 0.96 635.0 330.0 651.0 350.0
face 0.95 477.0 46.0 489.0 63.0
face 0.95 953.0 328.0 969.0 347.0
face 0.95 51.0 19.0 66.0 36.0
face 0.95 57.0 84.0 72.0 104.0
face 0.95 651.0 246.0 667.0 267.0
face 0.95 568.0 133.0 582.0 149.0
face 0.95 460.0 101.0 473.0 117.0
face 0.95 721.0 107.0 734.0 124.0
face 0.95 160.0 30.0 175.0 47.0
face 0.94 511.0 130.0 524.0 147.0
face 0.94 499.0 237.0 514.0 256.0
face 0.94 303.0 219.0 320.0 238.0
face 0.94 385.0 65.0 399.0 83.0
face 0.94 708.0 254.0 723.0 272.0
face 0.94 876.0 171.0 890.0 188.0
face 0.94 302.0 1.0 315.0 15.0
face 0.93 412.0 189.0 427.0 206.0
face 0.93 363.0 10.0 379.0 29.0
face 0.93 853.0 210.0 866.0 228.0
face 0.93 327.0 82.0 338.0 97.0
face 0.93 361.0 27.0 376.0 47.0
face 0.93 3.0 10.0 18.0 29.0
face 0.92 784.0 191.0 795.0 204.0
face 0.92 382.0 24.0 403.0 50.0
face 0.92 386.0 332.0 399.0 349.0
face 0.92 320.0 242.0 336.0 263.0
face 0.92 783.0 142.0 797.0 159.0
face 0.92 328.0 55.0 345.0 75.0
face 0.92 741.0 120.0 753.0 135.0
face 0.92 540.0 169.0 554.0 186.0
face 0.92 873.0 196.0 883.0 209.0
face 0.92 313.0 92.0 325.0 107.0
face 0.92 440.0 144.0 454.0 161.0
face 0.91 723.0 191.0 741.0 211.0
face 0.91 472.0 180.0 488.0 201.0
face 0.91 417.0 17.0 432.0 35.0
face 0.90 454.0 47.0 465.0 61.0
face 0.90 490.0 34.0 505.0 51.0
face 0.90 546.0 101.0 562.0 120.0
face 0.89 690.0 93.0 702.0 108.0
face 0.89 928.0 263.0 940.0 279.0
face 0.89 221.0 7.0 237.0 27.0
face 0.89 753.0 319.0 766.0 334.0
face 0.89 284.0 382.0 297.0 399.0
face 0.88 153.0 91.0 173.0 114.0
face 0.88 861.0 228.0 873.0 243.0
face 0.88 584.0 162.0 598.0 179.0
face 0.88 740.0 136.0 755.0 153.0
face 0.87 664.0 141.0 678.0 159.0
face 0.87 155.0 8.0 169.0 25.0
face 0.87 810.0 181.0 823.0 197.0
face 0.87 138.0 -1.0 152.0 13.0
face 0.87 619.0 85.0 632.0 102.0
face 0.86 346.0 99.0 360.0 116.0
face 0.86 186.0 0.0 202.0 16.0
face 0.86 635.0 108.0 648.0 124.0
face 0.86 645.0 93.0 658.0 108.0
face 0.85 268.0 304.0 288.0 330.0
face 0.85 649.0 165.0 665.0 184.0
face 0.84 952.0 242.0 966.0 259.0
face 0.84 645.0 52.0 656.0 64.0
face 0.84 271.0 69.0 282.0 83.0
face 0.83 33.0 162.0 47.0 180.0
face 0.83 800.0 149.0 811.0 163.0
face 0.82 248.0 24.0 263.0 42.0
face 0.82 584.0 295.0 603.0 316.0
face 0.81 594.0 181.0 606.0 197.0
face 0.81 505.0 187.0 520.0 205.0
face 0.81 339.0 213.0 360.0 237.0
face 0.81 934.0 329.0 948.0 346.0
face 0.81 852.0 288.0 867.0 308.0
face 0.80 752.0 172.0 766.0 190.0
face 0.79 383.0 406.0 405.0 434.0
face 0.79 614.0 188.0 629.0 207.0
face 0.78 102.0 93.0 118.0 111.0
face 0.77 699.0 277.0 712.0 295.0
face 0.77 239.0 57.0 256.0 78.0
face 0.76 551.0 126.0 565.0 144.0
face 0.75 760.0 116.0 773.0 134.0
face 0.75 66.0 143.0 82.0 162.0
face 0.75 445.0 60.0 456.0 73.0
face 0.75 603.0 85.0 616.0 101.0
face 0.75 73.0 421.0 91.0 445.0
face 0.72 749.0 277.0 764.0 297.0
face 0.72 746.0 237.0 759.0 254.0
face 0.72 630.0 181.0 646.0 200.0
face 0.72 1011.0 322.0 1024.0 343.0
face 0.71 990.0 287.0 1004.0 305.0
face 0.70 782.0 124.0 795.0 139.0
face 0.70 399.0 156.0 414.0 174.0
face 0.69 419.0 94.0 437.0 114.0
face 0.68 667.0 58.0 680.0 72.0
face 0.68 595.0 138.0 609.0 156.0
face 0.68 875.0 215.0 889.0 231.0
face 0.67 238.0 76.0 253.0 95.0
face 0.66 998.0 268.0 1011.0 282.0
face 0.65 126.0 221.0 142.0 242.0
face 0.65 333.0 29.0 344.0 42.0
face 0.62 648.0 78.0 660.0 92.0
face 0.60 124.0 416.0 139.0 436.0
face 0.60 884.0 250.0 897.0 266.0
face 0.60 388.0 314.0 404.0 335.0
face 0.59 666.0 189.0 680.0 206.0
face 0.58 722.0 211.0 738.0 229.0
face 0.57 439.0 182.0 452.0 197.0
face 0.55 909.0 236.0 921.0 251.0
face 0.55 965.0 8.0 981.0 26.0
face 0.54 760.0 102.0 771.0 117.0
face 0.53 783.0 314.0 798.0 332.0
face 0.52 354.0 51.0 371.0 72.0
face 0.52 595.0 46.0 606.0 59.0
face 0.52 570.0 47.0 583.0 63.0
face 0.52 447.0 29.0 458.0 42.0
face 0.51 950.0 366.0 962.0 380.0
face 0.51 727.0 158.0 741.0 175.0
face 0.50 605.0 5.0 617.0 19.0
face 0.50 335.0 284.0 350.0 303.0
face 0.49 589.0 69.0 599.0 82.0
face 0.49 853.0 375.0 865.0 389.0
face 0.49 558.0 58.0 574.0 76.0
face 0.49 756.0 164.0 767.0 178.0
face 0.48 848.0 177.0 861.0 193.0
face 0.48 601.0 368.0 617.0 388.0
face 0.47 617.0 154.0 632.0 172.0
face 0.46 421.0 40.0 433.0 53.0
face 0.44 237.0 42.0 253.0 63.0
face 0.44 341.0 351.0 353.0 368.0
face 0.44 418.0 283.0 434.0 305.0
face 0.44 689.0 177.0 708.0 198.0
face 0.44 447.0 609.0 459.0 622.0
face 0.43 975.0 251.0 987.0 266.0
face 0.43 526.0 44.0 541.0 62.0
face 0.43 561.0 185.0 587.0 217.0
face 0.43 559.0 396.0 576.0 415.0
face 0.42 821.0 150.0 833.0 164.0
face 0.42 700.0 118.0 711.0 132.0
face 0.42 850.0 323.0 865.0 339.0
face 0.41 596.0 114.0 611.0 131.0
face 0.41 686.0 69.0 697.0 83.0
face 0.41 694.0 196.0 709.0 214.0
face 0.40 807.0 134.0 818.0 147.0
face 0.40 998.0 355.0 1014.0 374.0
face 0.38 697.0 124.0 711.0 143.0
face 0.38 430.0 93.0 444.0 109.0
face 0.37 420.0 189.0 433.0 204.0
face 0.37 901.0 226.0 918.0 247.0
face 0.37 908.0 71.0 920.0 85.0
face 0.36 787.0 426.0 803.0 447.0
face 0.36 573.0 213.0 589.0 230.0
face 0.35 669.0 182.0 681.0 196.0
face 0.35 583.0 238.0 595.0 251.0
face 0.35 776.0 262.0 787.0 275.0
face 0.35 716.0 132.0 730.0 149.0
face 0.35 222.0 0.0 235.0 13.0
face 0.34 221.0 38.0 232.0 50.0
face 0.34 902.0 221.0 914.0 235.0
face 0.34 413.0 61.0 425.0 76.0
face 0.34 719.0 125.0 731.0 139.0
face 0.34 106.0 155.0 123.0 176.0
face 0.34 580.0 116.0 593.0 131.0
face 0.34 982.0 253.0 993.0 266.0
face 0.34 415.0 43.0 430.0 59.0
face 0.34 175.0 38.0 187.0 53.0
face 0.33 702.0 101.0 716.0 117.0
face 0.33 527.0 92.0 541.0 109.0
face 0.33 534.0 118.0 546.0 132.0
face 0.33 334.0 129.0 350.0 150.0
face 0.33 853.0 164.0 865.0 179.0
face 0.33 332.0 45.0 348.0 66.0
face 0.33 403.0 204.0 418.0 224.0
face 0.32 914.0 363.0 930.0 379.0
face 0.32 1010.0 432.0 1024.0 454.0
face 0.32 533.0 98.0 548.0 115.0
face 0.32 693.0 134.0 710.0 156.0
face 0.32 852.0 154.0 868.0 174.0
face 0.31 439.0 54.0 452.0 69.0
face 0.31 491.0 51.0 508.0 70.0
face 0.31 861.0 197.0 873.0 210.0
face 0.31 672.0 28.0 683.0 40.0
face 0.31 398.0 244.0 410.0 259.0
face 0.31 868.0 422.0 884.0 440.0
face 0.31 814.0 141.0 825.0 154.0
face 0.31 1007.0 148.0 1019.0 163.0
face 0.31 861.0 244.0 876.0 261.0
face 0.31 320.0 484.0 332.0 498.0
face 0.31 347.0 290.0 363.0 309.0
face 0.31 710.0 102.0 724.0 118.0
face 0.31 567.0 116.0 578.0 131.0
face 0.30 75.0 141.0 91.0 159.0
face 0.30 518.0 93.0 530.0 107.0
face 0.30 798.0 131.0 814.0 150.0
face 0.30 423.0 182.0 435.0 196.0
face 0.30 462.0 85.0 474.0 98.0
face 0.30 662.0 135.0 675.0 149.0
