face 1.00 339.0 135.0 388.0 196.0
face 1.00 218.0 135.0 260.0 188.0
face 1.00 471.0 163.0 520.0 236.0
face 1.00 601.0 197.0 650.0 256.0
face 1.00 56.0 171.0 100.0 230.0
face 1.00 867.0 90.0 916.0 152.0
face 0.99 785.0 120.0 833.0 189.0
face 0.99 105.0 155.0 138.0 192.0
face 0.99 293.0 134.0 333.0 182.0
face 0.98 501.0 100.0 551.0 171.0
face 0.97 396.0 140.0 431.0 191.0
face 0.87 836.0 120.0 888.0 194.0
face 0.77 195.0 118.0 225.0 157.0
face 0.72 135.0 311.0 160.0 340.0
face 0.69 395.0 128.0 417.0 154.0
face 0.68 526.0 91.0 575.0 158.0
face 0.50 340.0 237.0 372.0 277.0
face 0.49 474.0 167.0 501.0 203.0
face 0.48 261.0 141.0 274.0 157.0
face 0.41 815.0 215.0 826.0 229.0
face 0.40 369.0 138.0 412.0 193.0
face 0.39 988.0 336.0 1005.0 357.0
face 0.37 213.0 103.0 227.0 120.0
face 0.35 144.0 184.0 199.0 244.0
face 0.34 921.0 404.0 945.0 436.0
face 0.33 435.0 182.0 450.0 200.0
face 0.32 117.0 133.0 132.0 151.0
face 0.31 92.0 104.0 120.0 135.0
face 0.31 408.0 191.0 419.0 205.0
