face 1.00 818.0 212.0 853.0 255.0
face 1.00 570.0 79.0 624.0 165.0
face 0.94 677.0 378.0 697.0 405.0
face 0.58 613.0 166.0 652.0 210.0
face 0.41 1006.0 364.0 1023.0 385.0
face 0.40 770.0 301.0 803.0 351.0
face 0.40 536.0 476.0 567.0 511.0
face 0.40 130.0 271.0 144.0 289.0
face 0.38 892.0 441.0 910.0 466.0
face 0.37 565.0 291.0 619.0 356.0
face 0.33 530.0 33.0 547.0 52.0
face 0.31 580.0 133.0 610.0 168.0
face 0.31 362.0 314.0 381.0 345.0
face 0.31 131.0 451.0 144.0 467.0
face 0.31 397.0 222.0 414.0 246.0
