face 1.00 648.0 70.0 744.0 186.0
face 1.00 254.0 159.0 338.0 256.0
face 1.00 785.0 120.0 851.0 203.0
face 1.00 848.0 141.0 937.0 250.0
face 1.00 102.0 62.0 242.0 233.0
face 1.00 387.0 99.0 496.0 245.0
face 1.00 513.0 128.0 629.0 292.0
face 1.00 734.0 139.0 790.0 210.0
face 0.81 4.0 175.0 55.0 249.0
face 0.47 348.0 354.0 393.0 411.0
face 0.47 697.0 87.0 715.0 109.0
face 0.42 748.0 101.0 766.0 127.0
face 0.40 982.0 198.0 1024.0 250.0
face 0.39 363.0 187.0 381.0 208.0
face 0.37 359.0 161.0 391.0 211.0
face 0.37 958.0 96.0 1028.0 219.0
face 0.35 -1.0 545.0 23.0 583.0
face 0.32 732.0 97.0 763.0 140.0
face 0.31 517.0 394.0 534.0 415.0
face 0.31 521.0 206.0 555.0 242.0
