face 1.00 429.0 295.0 509.0 400.0
face 1.00 585.0 188.0 629.0 242.0
face 1.00 811.0 287.0 878.0 365.0
face 1.00 427.0 228.0 483.0 288.0
face 1.00 244.0 369.0 343.0 502.0
face 1.00 620.0 353.0 714.0 462.0
face 1.00 574.0 317.0 643.0 404.0
face 1.00 504.0 208.0 561.0 284.0
face 1.00 372.0 123.0 388.0 144.0
face 1.00 962.0 297.0 1024.0 372.0
face 1.00 477.0 147.0 509.0 185.0
face 1.00 1.0 205.0 73.0 304.0
face 1.00 613.0 135.0 630.0 154.0
face 1.00 743.0 265.0 798.0 328.0
face 1.00 505.0 150.0 528.0 178.0
face 1.00 312.0 277.0 388.0 372.0
face 0.99 724.0 448.0 813.0 586.0
face 0.99 504.0 287.0 563.0 378.0
face 0.99 381.0 245.0 436.0 324.0
face 0.99 478.0 110.0 498.0 134.0
face 0.99 101.0 202.0 150.0 257.0
face 0.99 172.0 96.0 192.0 120.0
face 0.99 879.0 419.0 967.0 517.0
face 0.98 870.0 471.0 952.0 595.0
face 0.98 128.0 83.0 156.0 118.0
face 0.98 -3.0 366.0 62.0 503.0
face 0.96 752.0 101.0 764.0 115.0
face 0.95 798.0 124.0 813.0 141.0
face 0.95 994.0 143.0 1011.0 165.0
face 0.94 194.0 111.0 220.0 146.0
face 0.94 323.0 99.0 341.0 123.0
face 0.92 722.0 128.0 742.0 154.0
face 0.92 677.0 252.0 734.0 321.0
face 0.91 567.0 151.0 585.0 174.0
face 0.90 552.0 122.0 568.0 143.0
face 0.90 7.0 9.0 21.0 26.0
face 0.89 636.0 178.0 661.0 207.0
face 0.88 661.0 109.0 672.0 123.0
face 0.88 780.0 100.0 792.0 116.0
face 0.87 659.0 145.0 676.0 168.0
face 0.84 268.0 72.0 281.0 90.0
face 0.83 763.0 116.0 778.0 135.0
face 0.83 532.0 627.0 653.0 757.0
face 0.82 685.0 121.0 700.0 139.0
face 0.76 753.0 213.0 782.0 249.0
face 0.73 844.0 123.0 862.0 144.0
face 0.73 806.0 97.0 819.0 113.0
face 0.73 212.0 55.0 222.0 67.0
face 0.65 219.0 100.0 236.0 122.0
face 0.63 603.0 157.0 621.0 177.0
face 0.61 684.0 93.0 695.0 107.0
face 0.60 557.0 75.0 567.0 87.0
face 0.60 114.0 20.0 129.0 39.0
face 0.57 232.0 55.0 243.0 68.0
face 0.55 36.0 11.0 50.0 28.0
face 0.55 517.0 351.0 541.0 377.0
face 0.51 485.0 87.0 496.0 100.0
face 0.51 504.0 95.0 515.0 108.0
face 0.50 595.0 71.0 618.0 101.0
face 0.50 696.0 45.0 721.0 75.0
face 0.49 299.0 67.0 312.0 83.0
face 0.49 252.0 677.0 365.0 785.0
face 0.49 403.0 263.0 468.0 354.0
face 0.48 590.0 107.0 602.0 121.0
face 0.48 836.0 129.0 855.0 149.0
face 0.48 245.0 84.0 259.0 101.0
face 0.48 469.0 180.0 484.0 200.0
face 0.48 397.0 301.0 418.0 326.0
face 0.45 269.0 203.0 280.0 216.0
face 0.44 702.0 122.0 717.0 141.0
face 0.43 701.0 100.0 712.0 115.0
face 0.42 889.0 124.0 907.0 146.0
face 0.41 787.0 155.0 809.0 183.0
face 0.41 346.0 336.0 377.0 369.0
face 0.40 767.0 190.0 779.0 204.0
face 0.40 1014.0 516.0 1024.0 532.0
face 0.40 23.0 52.0 37.0 70.0
face 0.40 904.0 578.0 1001.0 714.0
face 0.39 272.0 68.0 286.0 84.0
face 0.39 647.0 85.0 658.0 98.0
face 0.39 921.0 156.0 952.0 202.0
face 0.38 154.0 570.0 221.0 639.0
face 0.38 897.0 236.0 944.0 291.0
face 0.38 198.0 318.0 227.0 355.0
face 0.38 624.0 102.0 635.0 116.0
face 0.37 1006.0 421.0 1025.0 452.0
face 0.37 494.0 94.0 505.0 106.0
face 0.37 845.0 0.0 859.0 13.0
face 0.36 700.0 164.0 717.0 183.0
face 0.36 225.0 106.0 246.0 133.0
face 0.36 981.0 684.0 1024.0 752.0
face 0.34 638.0 79.0 650.0 93.0
face 0.34 603.0 85.0 616.0 99.0
face 0.34 898.0 0.0 914.0 15.0
face 0.33 89.0 367.0 155.0 441.0
face 0.33 34.0 49.0 50.0 68.0
face 0.33 877.0 -1.0 890.0 13.0
face 0.33 779.0 113.0 795.0 132.0
face 0.33 579.0 498.0 628.0 554.0
face 0.33 293.0 14.0 304.0 28.0
face 0.32 1015.0 141.0 1025.0 156.0
face 0.32 929.0 136.0 951.0 163.0
face 0.32 693.0 124.0 706.0 139.0
face 0.31 337.0 44.0 350.0 60.0
face 0.31 669.0 597.0 684.0 617.0
face 0.31 587.0 377.0 619.0 407.0
face 0.31 276.0 559.0 327.0 626.0
face 0.31 366.0 136.0 380.0 154.0
face 0.31 582.0 99.0 597.0 117.0
face 0.31 627.0 108.0 640.0 124.0
face 0.31 552.0 71.0 563.0 84.0
face 0.31 719.0 139.0 731.0 154.0
face 0.30 493.0 70.0 504.0 83.0
face 0.30 187.0 92.0 204.0 113.0
