face 1.00 841.0 273.0 883.0 324.0
face 1.00 19.0 289.0 63.0 342.0
face 1.00 710.0 310.0 743.0 351.0
face 1.00 512.0 245.0 549.0 294.0
face 1.00 69.0 309.0 107.0 354.0
face 1.00 613.0 272.0 647.0 316.0
face 1.00 151.0 302.0 191.0 350.0
face 1.00 444.0 227.0 480.0 272.0
face 1.00 684.0 289.0 717.0 330.0
face 1.00 641.0 230.0 675.0 273.0
face 1.00 411.0 281.0 445.0 322.0
face 1.00 343.0 296.0 379.0 339.0
face 1.00 779.0 286.0 814.0 331.0
face 1.00 256.0 280.0 294.0 329.0
face 1.00 354.0 228.0 388.0 267.0
face 1.00 710.0 229.0 738.0 267.0
face 1.00 553.0 256.0 586.0 298.0
face 0.89 393.0 233.0 419.0 268.0
face 0.77 190.0 306.0 221.0 346.0
face 0.52 290.0 210.0 329.0 260.0
face 0.52 928.0 186.0 944.0 206.0
face 0.37 271.0 264.0 298.0 296.0
face 0.36 1.0 57.0 26.0 92.0
face 0.35 517.0 404.0 530.0 418.0
face 0.32 237.0 641.0 258.0 668.0
face 0.31 916.0 174.0 929.0 189.0
