face 1.00 562.0 305.0 584.0 336.0
face 1.00 615.0 292.0 640.0 324.0
face 1.00 321.0 292.0 345.0 323.0
face 1.00 108.0 239.0 137.0 276.0
face 1.00 873.0 287.0 898.0 319.0
face 1.00 221.0 260.0 250.0 297.0
face 1.00 662.0 274.0 688.0 308.0
face 1.00 362.0 285.0 387.0 319.0
face 1.00 467.0 279.0 495.0 315.0
face 1.00 952.0 272.0 977.0 304.0
face 1.00 723.0 277.0 746.0 306.0
face 1.00 791.0 288.0 818.0 323.0
face 0.99 32.0 263.0 59.0 297.0
face 0.92 911.0 263.0 940.0 302.0
face 0.87 958.0 254.0 980.0 282.0
face 0.85 885.0 516.0 897.0 529.0
face 0.66 861.0 517.0 872.0 530.0
face 0.66 661.0 390.0 691.0 421.0
face 0.59 116.0 501.0 128.0 514.0
face 0.44 247.0 504.0 258.0 518.0
face 0.43 861.0 381.0 875.0 399.0
face 0.42 134.0 503.0 146.0 517.0
face 0.41 811.0 516.0 829.0 537.0
face 0.40 902.0 530.0 916.0 545.0
face 0.36 942.0 516.0 955.0 532.0
face 0.36 125.0 517.0 135.0 530.0
face 0.36 956.0 296.0 975.0 317.0
face 0.36 478.0 524.0 489.0 537.0
face 0.35 105.0 519.0 117.0 533.0
face 0.34 143.0 496.0 167.0 524.0
face 0.34 795.0 266.0 808.0 282.0
face 0.34 435.0 510.0 453.0 532.0
face 0.33 536.0 501.0 549.0 518.0
face 0.33 156.0 501.0 171.0 519.0
face 0.32 392.0 510.0 403.0 523.0
face 0.32 166.0 503.0 176.0 516.0
face 0.32 351.0 340.0 363.0 355.0
face 0.32 71.0 509.0 85.0 526.0
face 0.31 351.0 510.0 361.0 523.0
face 0.31 956.0 129.0 983.0 163.0
face 0.31 1009.0 346.0 1024.0 367.0
face 0.30 922.0 505.0 939.0 527.0
