face 1.00 262.0 125.0 350.0 240.0
face 1.00 71.0 116.0 161.0 230.0
face 1.00 397.0 147.0 443.0 210.0
face 1.00 690.0 32.0 806.0 186.0
face 1.00 539.0 165.0 575.0 214.0
face 1.00 927.0 246.0 1024.0 431.0
face 1.00 574.0 143.0 642.0 220.0
face 1.00 486.0 181.0 529.0 239.0
face 0.99 884.0 206.0 927.0 260.0
face 0.98 352.0 140.0 409.0 225.0
face 0.98 776.0 122.0 840.0 221.0
face 0.84 194.0 181.0 260.0 255.0
face 0.78 547.0 485.0 653.0 575.0
face 0.65 651.0 141.0 683.0 184.0
face 0.35 886.0 172.0 902.0 191.0
face 0.32 441.0 193.0 471.0 230.0
face 0.31 1014.0 110.0 1024.0 126.0
face 0.30 518.0 162.0 534.0 183.0
