face 1.00 393.0 221.0 662.0 519.0
face 0.57 197.0 1324.0 416.0 1572.0
face 0.50 463.0 1448.0 490.0 1475.0
face 0.47 818.0 125.0 886.0 207.0
face 0.46 692.0 797.0 709.0 817.0
face 0.44 458.0 747.0 474.0 767.0
face 0.43 483.0 171.0 620.0 324.0
face 0.42 391.0 312.0 403.0 326.0
face 0.40 310.0 685.0 408.0 809.0
face 0.39 517.0 1119.0 533.0 1139.0
face 0.39 792.0 726.0 804.0 740.0
face 0.38 599.0 808.0 621.0 835.0
face 0.38 222.0 618.0 248.0 646.0
face 0.37 586.0 891.0 670.0 1000.0
face 0.37 703.0 725.0 726.0 758.0
face 0.37 455.0 1462.0 466.0 1475.0
face 0.37 738.0 1071.0 755.0 1092.0
face 0.36 478.0 903.0 574.0 1020.0
face 0.36 747.0 1342.0 794.0 1400.0
face 0.36 845.0 656.0 884.0 708.0
face 0.36 836.0 124.0 852.0 145.0
face 0.36 390.0 723.0 416.0 757.0
face 0.35 973.0 296.0 1025.0 361.0
face 0.34 149.0 860.0 162.0 876.0
face 0.33 656.0 1300.0 670.0 1318.0
face 0.33 613.0 941.0 629.0 961.0
face 0.33 828.0 94.0 840.0 107.0
face 0.33 788.0 1109.0 800.0 1124.0
face 0.32 718.0 821.0 730.0 835.0
face 0.32 538.0 1087.0 556.0 1111.0
face 0.31 620.0 861.0 634.0 878.0
face 0.31 525.0 941.0 537.0 955.0
face 0.31 914.0 1102.0 936.0 1132.0
face 0.31 288.0 732.0 301.0 748.0
face 0.31 888.0 925.0 915.0 956.0
face 0.31 575.0 849.0 589.0 866.0
face 0.31 765.0 728.0 783.0 749.0
face 0.30 566.0 933.0 577.0 946.0
