face 1.00 218.0 175.0 291.0 261.0
face 1.00 887.0 268.0 960.0 355.0
face 0.96 464.0 283.0 507.0 357.0
face 0.76 120.0 14.0 158.0 59.0
face 0.53 157.0 75.0 179.0 100.0
face 0.53 642.0 170.0 665.0 197.0
face 0.46 510.0 442.0 527.0 462.0
face 0.45 862.0 389.0 888.0 423.0
face 0.39 613.0 33.0 729.0 197.0
face 0.36 909.0 264.0 940.0 302.0
face 0.35 70.0 147.0 85.0 169.0
face 0.35 134.0 44.0 147.0 58.0
face 0.34 430.0 460.0 442.0 475.0
face 0.34 85.0 388.0 96.0 403.0
face 0.31 399.0 167.0 466.0 241.0
face 0.31 404.0 301.0 468.0 373.0
