face 1.00 187.0 191.0 206.0 215.0
face 1.00 399.0 186.0 414.0 203.0
face 1.00 623.0 217.0 637.0 235.0
face 1.00 686.0 213.0 703.0 233.0
face 1.00 267.0 310.0 291.0 347.0
face 1.00 853.0 142.0 866.0 157.0
face 0.97 374.0 215.0 388.0 232.0
face 0.97 601.0 196.0 614.0 211.0
face 0.96 372.0 242.0 389.0 265.0
face 0.96 299.0 284.0 320.0 311.0
face 0.94 479.0 298.0 509.0 333.0
face 0.90 306.0 213.0 324.0 232.0
face 0.82 956.0 179.0 1010.0 263.0
face 0.74 191.0 285.0 213.0 311.0
face 0.68 286.0 211.0 299.0 228.0
face 0.68 261.0 291.0 278.0 309.0
face 0.58 954.0 216.0 985.0 254.0
face 0.52 561.0 296.0 589.0 327.0
face 0.46 351.0 316.0 396.0 366.0
face 0.38 567.0 310.0 596.0 341.0
face 0.36 380.0 212.0 393.0 228.0
face 0.36 211.0 356.0 230.0 375.0
face 0.36 314.0 216.0 333.0 236.0
face 0.36 234.0 283.0 251.0 302.0
face 0.35 326.0 214.0 343.0 233.0
face 0.34 349.0 235.0 365.0 255.0
face 0.33 201.0 351.0 263.0 408.0
face 0.32 934.0 512.0 999.0 583.0
face 0.30 334.0 207.0 344.0 219.0
face 0.30 397.0 326.0 449.0 377.0
