face 1.00 63.0 208.0 87.0 238.0
face 1.00 660.0 219.0 703.0 278.0
face 1.00 955.0 212.0 988.0 259.0
face 1.00 198.0 189.0 224.0 223.0
face 1.00 848.0 187.0 874.0 221.0
face 1.00 940.0 180.0 969.0 221.0
face 1.00 497.0 222.0 536.0 268.0
face 1.00 794.0 244.0 842.0 304.0
face 1.00 885.0 208.0 915.0 254.0
face 1.00 756.0 205.0 787.0 247.0
face 1.00 162.0 206.0 188.0 237.0
face 1.00 365.0 228.0 396.0 269.0
face 1.00 305.0 201.0 331.0 234.0
face 1.00 391.0 195.0 415.0 227.0
face 0.99 465.0 193.0 484.0 216.0
face 0.99 651.0 198.0 677.0 235.0
face 0.99 577.0 211.0 610.0 251.0
face 0.98 726.0 187.0 751.0 219.0
face 0.98 138.0 200.0 158.0 224.0
face 0.96 132.0 223.0 158.0 257.0
face 0.96 418.0 190.0 443.0 224.0
face 0.86 343.0 214.0 363.0 241.0
face 0.81 1008.0 206.0 1026.0 242.0
face 0.79 643.0 226.0 657.0 244.0
face 0.76 231.0 218.0 259.0 248.0
face 0.63 704.0 186.0 730.0 218.0
face 0.56 544.0 182.0 571.0 213.0
face 0.55 116.0 217.0 137.0 241.0
face 0.43 984.0 316.0 1000.0 334.0
face 0.43 474.0 197.0 501.0 229.0
face 0.40 487.0 198.0 519.0 238.0
face 0.40 162.0 175.0 188.0 209.0
face 0.39 594.0 369.0 637.0 415.0
face 0.35 563.0 185.0 579.0 204.0
face 0.33 460.0 482.0 478.0 503.0
face 0.30 454.0 490.0 471.0 510.0
