face 0.94 285.0 789.0 564.0 1074.0
face 0.79 346.0 1059.0 632.0 1332.0
face 0.71 297.0 329.0 560.0 633.0
face 0.58 140.0 296.0 316.0 549.0
face 0.58 283.0 771.0 307.0 805.0
face 0.50 497.0 595.0 739.0 864.0
face 0.49 819.0 308.0 834.0 328.0
face 0.40 273.0 676.0 332.0 749.0
face 0.38 515.0 1050.0 765.0 1327.0
face 0.36 549.0 717.0 778.0 1004.0
face 0.35 630.0 1325.0 820.0 1549.0
face 0.33 731.0 1367.0 856.0 1519.0
face 0.33 188.0 650.0 276.0 764.0
face 0.31 700.0 497.0 887.0 729.0
face 0.30 677.0 504.0 693.0 526.0
