face 1.00 405.0 348.0 617.0 602.0
face 0.67 473.0 942.0 529.0 1023.0
face 0.61 661.0 1000.0 680.0 1026.0
face 0.49 349.0 1179.0 483.0 1321.0
face 0.48 25.0 1009.0 47.0 1042.0
face 0.46 449.0 830.0 471.0 858.0
face 0.45 412.0 201.0 433.0 229.0
face 0.42 477.0 807.0 491.0 824.0
face 0.38 604.0 209.0 623.0 233.0
face 0.37 645.0 706.0 657.0 722.0
face 0.35 394.0 557.0 440.0 604.0
face 0.35 0.0 580.0 10.0 596.0
face 0.35 981.0 1096.0 1001.0 1127.0
face 0.35 589.0 533.0 640.0 601.0
face 0.34 521.0 1140.0 535.0 1157.0
face 0.33 246.0 427.0 282.0 481.0
face 0.32 974.0 846.0 993.0 877.0
face 0.31 563.0 787.0 578.0 806.0
face 0.31 396.0 571.0 414.0 593.0
face 0.31 453.0 812.0 464.0 826.0
face 0.31 424.0 1067.0 679.0 1326.0
face 0.30 963.0 1205.0 978.0 1223.0
